# SumMovie FRC for input stack : stack1_ub_stacked_500.mrc
# Number of micrographs: 1
# Number of frames per movie: 50
# Pixel size (A): 1.5000
# 1/(A)          FRC
# -----------------------
# 
# Micrograph 1 of 1. Score: .588
 0.1666667E-02   1.000000     
 0.4999999E-02  0.9880954     
 0.8333332E-02  0.8622432     
 0.1166667E-01  0.9177499     
 0.1500000E-01  0.9238856     
 0.1833333E-01  0.8128529     
 0.2166667E-01  0.7608766     
 0.2500000E-01  0.8344286     
 0.2833333E-01  0.8183632     
 0.3166667E-01  0.5862023     
 0.3500000E-01  0.7185811     
 0.3833333E-01  0.5081407     
 0.4166667E-01  0.5573348     
 0.4500000E-01  0.3043163     
 0.4833333E-01  0.2083629     
 0.5166666E-01 -0.8647089E-02 
 0.5499999E-01  0.2383450     
 0.5833333E-01  0.3333254     
 0.6166667E-01  0.2680202     
 0.6500000E-01  0.2899879     
 0.6833333E-01  0.4670547E-01 
 0.7166667E-01  0.1380363     
 0.7500000E-01  0.2215790     
 0.7833334E-01  0.1319162     
 0.8166667E-01  0.2690948     
 0.8499999E-01  0.2291156     
 0.8833332E-01  0.8102641E-01 
 0.9166665E-01  0.1218204     
 0.9500000E-01  0.2364095     
 0.9833331E-01  0.2189010     
 0.1016667      0.7315263E-01 
 0.1050000      0.1060899     
 0.1083333      0.1258538     
 0.1116667      0.1361984E-01 
 0.1150000      0.7119353E-01 
 0.1183333      0.1076300     
 0.1216667      0.9231471E-02 
 0.1250000      0.8259559E-01 
 0.1283333      0.7022175E-01 
 0.1316667      0.1188760     
 0.1350000      0.1248996     
 0.1383333      0.8757666E-01 
 0.1416667      0.4764097E-01 
 0.1450000      0.1239548     
 0.1483333      0.5449959E-01 
 0.1516667      0.1150325     
 0.1550000     -0.2782373E-01 
 0.1583333      0.8088011E-01 
 0.1616667      0.8168302E-01 
 0.1650000     -0.1843913E-01 
 0.1683333     -0.1027410E-01 
 0.1716667      0.5653257E-01 
 0.1750000     -0.3090645E-02 
 0.1783333      0.1247788     
 0.1816667     -0.9466707E-02 
 0.1850000      0.8528649E-01 
 0.1883333      0.2190314E-02 
 0.1916667      0.1079255     
 0.1950000      0.4183339E-01 
 0.1983333     -0.8192517E-02 
 0.2016667     -0.1453264     
 0.2050000     -0.1254956E-01 
 0.2083333      0.1295504E-01 
 0.2116666     -0.1596509E-01 
 0.2150000      0.4010420E-01 
 0.2183333      0.6158242E-01 
 0.2216667      0.3991407E-01 
 0.2250000      0.9319872E-01 
 0.2283333      0.8292764E-01 
 0.2316667      0.3660236E-01 
 0.2350000      0.3978056E-01 
 0.2383333      0.8885977E-03 
 0.2416667      0.2052545E-01 
 0.2450000     -0.1290452E-01 
 0.2483333     -0.3355385E-01 
 0.2516667      0.4286363E-01 
 0.2550000     -0.1320447E-01 
 0.2583333      0.5784706E-01 
 0.2616667      0.2697380E-01 
 0.2650000      0.6292019E-01 
 0.2683333      0.3509527E-01 
 0.2716667      0.2047353E-01 
 0.2750000      0.5749467E-01 
 0.2783333     -0.1218328E-01 
 0.2816667      0.4388670E-01 
 0.2850000      0.6122122E-01 
 0.2883334     -0.2030783E-01 
 0.2916667     -0.3148781E-01 
 0.2950000     -0.1268807E-01 
 0.2983333      0.1377499E-01 
 0.3016666      0.6644937E-01 
 0.3050000     -0.9289225E-02 
 0.3083333      0.3395171E-01 
 0.3116666      0.3682490E-02 
 0.3150000     -0.8403555E-02 
 0.3183333      0.9597035E-02 
 0.3216667      0.5904920E-01 
 0.3250000     -0.4231982E-01 
 0.3283333      0.1389219E-01 
 0.3316666      0.5803216E-01 
