# SumMovie FRC for input stack : stack1.mrc
# Number of micrographs: 1
# Number of frames per movie: 50
# Pixel size (A): 1.5000
# 1/(A)          FRC
# -----------------------
# 
# Micrograph 1 of 1. Score: .594
 0.1666667E-02   1.000000     
 0.4999999E-02  0.9779080     
 0.8333332E-02  0.8655948     
 0.1166667E-01  0.9169115     
 0.1500000E-01  0.9201690     
 0.1833333E-01  0.8287482     
 0.2166667E-01  0.7441878     
 0.2500000E-01  0.8368683     
 0.2833333E-01  0.8393150     
 0.3166667E-01  0.5756248     
 0.3500000E-01  0.7225304     
 0.3833333E-01  0.5009613     
 0.4166667E-01  0.5405048     
 0.4500000E-01  0.3617679     
 0.4833333E-01  0.2096040     
 0.5166666E-01 -0.4967088E-02 
 0.5499999E-01  0.2596436     
 0.5833333E-01  0.2985246     
 0.6166667E-01  0.2672234     
 0.6500000E-01  0.3041412     
 0.6833333E-01  0.6020613E-01 
 0.7166667E-01  0.4646955E-01 
 0.7500000E-01  0.1989362     
 0.7833334E-01  0.1182529     
 0.8166667E-01  0.2423543     
 0.8499999E-01  0.1848578     
 0.8833332E-01  0.7969286E-01 
 0.9166665E-01  0.1154097     
 0.9500000E-01  0.1824833     
 0.9833331E-01  0.7201685E-01 
 0.1016667     -0.3315008E-01 
 0.1050000      0.1046898     
 0.1083333      0.4170974E-01 
 0.1116667     -0.7231603E-01 
 0.1150000      0.4439985E-01 
 0.1183333     -0.8962500E-02 
 0.1216667      0.5712420E-01 
 0.1250000      0.1004197     
 0.1283333      0.2353465E-01 
 0.1316667      0.3366011E-01 
 0.1350000      0.3993972E-01 
 0.1383333      0.7283014E-01 
 0.1416667     -0.3943763E-01 
 0.1450000      0.2364338E-01 
 0.1483333      0.6675027E-02 
 0.1516667      0.1283570     
 0.1550000     -0.4944720E-01 
 0.1583333     -0.4302831E-01 
 0.1616667      0.8137389E-02 
 0.1650000      0.9726371E-02 
 0.1683333      0.9305198E-02 
 0.1716667     -0.1467368E-01 
 0.1750000     -0.5572506E-01 
 0.1783333      0.6845652E-01 
 0.1816667      0.5938423E-01 
 0.1850000      0.2409688E-01 
 0.1883333     -0.9350126E-02 
 0.1916667     -0.2010141E-01 
 0.1950000     -0.8093002E-02 
 0.1983333     -0.7823766E-01 
 0.2016667     -0.1189157     
 0.2050000      0.4095303E-02 
 0.2083333      0.4518719E-01 
 0.2116666     -0.5093741E-01 
 0.2150000      0.8958628E-01 
 0.2183333      0.9085529E-01 
 0.2216667      0.4468031E-01 
 0.2250000      0.1045235     
 0.2283333      0.8238482E-01 
 0.2316667     -0.8312218E-01 
 0.2350000      0.5130284E-01 
 0.2383333      0.4955628E-01 
 0.2416667      0.9704332E-01 
 0.2450000      0.7076471E-01 
 0.2483333     -0.2596727E-01 
 0.2516667     -0.1821827E-01 
 0.2550000     -0.8946554E-01 
 0.2583333      0.4123739E-01 
 0.2616667      0.2637316E-01 
 0.2650000      0.3574914E-01 
 0.2683333      0.5690067E-01 
 0.2716667     -0.4762962E-01 
 0.2750000      0.7354113E-01 
 0.2783333      0.4935527E-01 
 0.2816667      0.4648948E-01 
 0.2850000      0.8378949E-01 
 0.2883334      0.4415009E-01 
 0.2916667     -0.1718488E-01 
 0.2950000     -0.2075742E-01 
 0.2983333      0.2078383E-01 
 0.3016666      0.1668189E-01 
 0.3050000      0.4460647E-01 
 0.3083333     -0.2167333E-01 
 0.3116666      0.5538139E-02 
 0.3150000     -0.6805865E-01 
 0.3183333      0.2626105E-01 
 0.3216667     -0.3154206E-02 
 0.3250000      0.1755702E-01 
 0.3283333      0.6160817E-01 
 0.3316666     -0.1774393E-01 
