# SumMovie FRC for input stack : stack1_ub_stacked_0.mrc
# Number of micrographs: 1
# Number of frames per movie: 50
# Pixel size (A): 1.5000
# 1/(A)          FRC
# -----------------------
# 
# Micrograph 1 of 1. Score: -.019
 0.1666667E-02   1.000000     
 0.4999999E-02  0.6968459     
 0.8333332E-02 -0.2338529E-01 
 0.1166667E-01 -0.2845667     
 0.1500000E-01 -0.2514702     
 0.1833333E-01 -0.3297050E-01 
 0.2166667E-01  0.1610469     
 0.2500000E-01  0.1551569     
 0.2833333E-01 -0.2655320     
 0.3166667E-01  0.1547021     
 0.3500000E-01 -0.1380049     
 0.3833333E-01  0.2249272     
 0.4166667E-01 -0.2567588E-01 
 0.4500000E-01 -0.8522133E-01 
 0.4833333E-01 -0.1191782     
 0.5166666E-01 -0.2189896     
 0.5499999E-01  0.2911140E-01 
 0.5833333E-01 -0.1162920     
 0.6166667E-01 -0.3957854E-01 
 0.6500000E-01  0.5779998E-01 
 0.6833333E-01 -0.6046566E-01 
 0.7166667E-01  0.9895799E-02 
 0.7500000E-01  0.1199966     
 0.7833334E-01  0.1437155E-01 
 0.8166667E-01 -0.6327254E-01 
 0.8499999E-01 -0.2325505E-01 
 0.8833332E-01  0.9818009E-01 
 0.9166665E-01 -0.3667178E-01 
 0.9500000E-01  0.3180878E-01 
 0.9833331E-01 -0.3946034E-01 
 0.1016667     -0.1187222E-01 
 0.1050000     -0.2257992E-01 
 0.1083333     -0.7600010E-01 
 0.1116667     -0.6765664E-01 
 0.1150000     -0.2102665E-01 
 0.1183333      0.6685010E-01 
 0.1216667     -0.5175502E-01 
 0.1250000      0.7304746E-01 
 0.1283333      0.8886839E-01 
 0.1316667      0.1247000     
 0.1350000     -0.1470221E-01 
 0.1383333     -0.1268711E-01 
 0.1416667      0.5745266E-01 
 0.1450000      0.4426801E-02 
 0.1483333      0.2020868E-02 
 0.1516667     -0.8908024E-01 
 0.1550000      0.3912959E-01 
 0.1583333      0.1650663E-01 
 0.1616667     -0.1343659E-01 
 0.1650000      0.1155496E-01 
 0.1683333      0.8931640E-02 
 0.1716667      0.6255949E-01 
 0.1750000     -0.6959365E-01 
 0.1783333     -0.1123155     
 0.1816667     -0.3510765E-01 
 0.1850000     -0.2844026E-02 
 0.1883333      0.5886589E-01 
 0.1916667     -0.6611170E-01 
 0.1950000      0.3557464E-01 
 0.1983333      0.9589807E-02 
 0.2016667      0.3837166E-01 
 0.2050000     -0.8849703E-01 
 0.2083333      0.7063129E-02 
 0.2116666      0.5678048E-01 
 0.2150000      0.2187985E-01 
 0.2183333      0.4165514E-01 
 0.2216667     -0.4141392E-01 
 0.2250000      0.3991088E-01 
 0.2283333      0.3581255E-02 
 0.2316667      0.3195618E-02 
 0.2350000      0.5207901E-01 
 0.2383333     -0.2686195E-01 
 0.2416667     -0.1747473E-02 
 0.2450000      0.4074816E-01 
 0.2483333      0.3160842E-01 
 0.2516667     -0.1913018E-01 
 0.2550000      0.7384850E-02 
 0.2583333     -0.5474015E-01 
 0.2616667      0.1253803E-01 
 0.2650000      0.5722719E-01 
 0.2683333     -0.2631958E-01 
 0.2716667      0.2405422E-01 
 0.2750000      0.1411748E-01 
 0.2783333      0.7123936E-02 
 0.2816667      0.1594485E-01 
 0.2850000     -0.5695450E-01 
 0.2883334      0.3866937E-01 
 0.2916667     -0.4034242E-01 
 0.2950000      0.6708304E-02 
 0.2983333      0.3768525E-01 
 0.3016666     -0.8775194E-01 
 0.3050000     -0.7918212E-02 
 0.3083333      0.2262706E-01 
 0.3116666     -0.4927984E-01 
 0.3150000     -0.1565769E-01 
 0.3183333      0.3678193E-01 
 0.3216667      0.2922161E-01 
 0.3250000      0.1551053E-01 
 0.3283333      0.3888052E-01 
 0.3316666     -0.3473165E-01 
