# SumMovie FRC for input stack : stack1.mrc
# Number of micrographs: 1
# Number of frames per movie: 50
# Pixel size (A): 1.5000
# 1/(A)          FRC
# -----------------------
# 
# Micrograph 1 of 1. Score: .594
 0.1666667E-02   1.000000     
 0.4999999E-02  0.9774990     
 0.8333332E-02  0.8665617     
 0.1166667E-01  0.9169710     
 0.1500000E-01  0.9196051     
 0.1833333E-01  0.8292472     
 0.2166667E-01  0.7403566     
 0.2500000E-01  0.8358117     
 0.2833333E-01  0.8409402     
 0.3166667E-01  0.5804867     
 0.3500000E-01  0.7190695     
 0.3833333E-01  0.5196735     
 0.4166667E-01  0.5457870     
 0.4500000E-01  0.3555584     
 0.4833333E-01  0.1939930     
 0.5166666E-01  0.1788568E-02 
 0.5499999E-01  0.2607571     
 0.5833333E-01  0.2583932     
 0.6166667E-01  0.2666739     
 0.6500000E-01  0.2810417     
 0.6833333E-01  0.4893581E-01 
 0.7166667E-01  0.4268876E-01 
 0.7500000E-01  0.1559442     
 0.7833334E-01  0.1305508     
 0.8166667E-01  0.2069594     
 0.8499999E-01  0.1813801     
 0.8833332E-01  0.9144768E-01 
 0.9166665E-01  0.1252953     
 0.9500000E-01  0.1508337     
 0.9833331E-01  0.4288452E-01 
 0.1016667     -0.1603368E-01 
 0.1050000      0.9441709E-01 
 0.1083333      0.5587395E-01 
 0.1116667     -0.6738774E-01 
 0.1150000      0.2369608E-01 
 0.1183333     -0.1233793E-01 
 0.1216667      0.8614940E-01 
 0.1250000      0.1408387     
 0.1283333      0.4272556E-02 
 0.1316667     -0.6369130E-02 
 0.1350000      0.3015318E-01 
 0.1383333      0.1018578     
 0.1416667     -0.5155769E-01 
 0.1450000      0.6169600E-02 
 0.1483333      0.7010562E-01 
 0.1516667      0.1519550     
 0.1550000     -0.1793254E-01 
 0.1583333     -0.9349800E-01 
 0.1616667      0.3028688E-01 
 0.1650000     -0.3778462E-01 
 0.1683333     -0.8027923E-02 
 0.1716667     -0.2171272E-01 
 0.1750000     -0.7418022E-01 
 0.1783333      0.3922236E-01 
 0.1816667      0.5266433E-01 
 0.1850000      0.3619345E-01 
 0.1883333      0.2398988E-01 
 0.1916667     -0.6050574E-01 
 0.1950000     -0.2974072E-01 
 0.1983333     -0.2878651E-01 
 0.2016667     -0.1128888     
 0.2050000      0.3412904E-01 
 0.2083333      0.5932152E-01 
 0.2116666     -0.1926895E-01 
 0.2150000      0.1246466     
 0.2183333      0.1087925     
 0.2216667      0.2940138E-01 
 0.2250000      0.1092958     
 0.2283333      0.1159358     
 0.2316667     -0.1260200E-02 
 0.2350000      0.2234735E-01 
 0.2383333      0.4741094E-01 
 0.2416667      0.2384766E-01 
 0.2450000      0.5745557E-02 
 0.2483333     -0.4196635E-01 
 0.2516667      0.1346931E-01 
 0.2550000     -0.5532806E-01 
 0.2583333      0.1198935     
 0.2616667      0.6475149E-01 
 0.2650000      0.2949390E-01 
 0.2683333      0.2391952E-01 
 0.2716667     -0.9243189E-01 
 0.2750000     -0.1627654E-01 
 0.2783333      0.8712676E-01 
 0.2816667     -0.3358947E-01 
 0.2850000      0.7267758E-01 
 0.2883334      0.1758874E-01 
 0.2916667      0.2630372E-01 
 0.2950000     -0.3571494E-01 
 0.2983333     -0.2416604E-01 
 0.3016666     -0.2481933E-01 
 0.3050000      0.3730807E-01 
 0.3083333     -0.3869347E-01 
 0.3116666      0.1627822E-01 
 0.3150000     -0.9995766E-01 
 0.3183333     -0.1231479E-01 
 0.3216667      0.3228544E-01 
 0.3250000      0.6824594E-03 
 0.3283333      0.1142644     
 0.3316666     -0.1210451E-01 
