# SumMovie FRC for input stack : stack1_ub_stacked_2000.mrc
# Number of micrographs: 1
# Number of frames per movie: 50
# Pixel size (A): 1.5000
# 1/(A)          FRC
# -----------------------
# 
# Micrograph 1 of 1. Score: .600
 0.1666667E-02   1.000000     
 0.4999999E-02  0.9877118     
 0.8333332E-02  0.8626091     
 0.1166667E-01  0.9156731     
 0.1500000E-01  0.9195855     
 0.1833333E-01  0.8232632     
 0.2166667E-01  0.7555436     
 0.2500000E-01  0.8396062     
 0.2833333E-01  0.8447006     
 0.3166667E-01  0.5882335     
 0.3500000E-01  0.7265782     
 0.3833333E-01  0.5314892     
 0.4166667E-01  0.5599044     
 0.4500000E-01  0.3653703     
 0.4833333E-01  0.1916518     
 0.5166666E-01  0.2084739E-01 
 0.5499999E-01  0.2918704     
 0.5833333E-01  0.2681293     
 0.6166667E-01  0.2705155     
 0.6500000E-01  0.2538652     
 0.6833333E-01  0.4255410E-01 
 0.7166667E-01  0.5636391E-01 
 0.7500000E-01  0.1445690     
 0.7833334E-01  0.1422088     
 0.8166667E-01  0.1867157     
 0.8499999E-01  0.1495437     
 0.8833332E-01  0.9872041E-01 
 0.9166665E-01  0.1103397     
 0.9500000E-01  0.1744471     
 0.9833331E-01  0.6066511E-01 
 0.1016667      0.2916498E-01 
 0.1050000      0.6379890E-01 
 0.1083333      0.5841222E-01 
 0.1116667     -0.5833261E-01 
 0.1150000      0.2681341E-04 
 0.1183333      0.3434616E-03 
 0.1216667      0.6224156E-01 
 0.1250000      0.1117027     
 0.1283333      0.2572250E-01 
 0.1316667      0.5912591E-02 
 0.1350000      0.4451083E-01 
 0.1383333      0.1262953     
 0.1416667     -0.6211987E-01 
 0.1450000     -0.3789996E-01 
 0.1483333      0.4798119E-01 
 0.1516667      0.1939176     
 0.1550000     -0.1920196E-01 
 0.1583333     -0.5496158E-01 
 0.1616667      0.5569403E-01 
 0.1650000      0.1607878E-01 
 0.1683333     -0.2325262E-02 
 0.1716667     -0.5170951E-02 
 0.1750000     -0.5987513E-01 
 0.1783333      0.1226966E-01 
 0.1816667      0.1566476E-01 
 0.1850000      0.3950909E-01 
 0.1883333      0.2782302E-01 
 0.1916667     -0.2222539E-01 
 0.1950000     -0.5105888E-01 
 0.1983333     -0.2508478E-01 
 0.2016667     -0.7860531E-01 
 0.2050000      0.2382179E-01 
 0.2083333      0.1912640E-01 
 0.2116666      0.1085961E-01 
 0.2150000      0.1013889     
 0.2183333      0.5681046E-01 
 0.2216667      0.7305416E-02 
 0.2250000      0.1064474     
 0.2283333      0.6344717E-01 
 0.2316667      0.2447934E-01 
 0.2350000     -0.1434670E-01 
 0.2383333      0.5276958E-01 
 0.2416667      0.6574555E-02 
 0.2450000     -0.1119120E-01 
 0.2483333     -0.7890791E-01 
 0.2516667     -0.7438770E-02 
 0.2550000      0.4043632E-02 
 0.2583333      0.5185427E-01 
 0.2616667      0.1264368     
 0.2650000     -0.4559357E-01 
 0.2683333      0.1748695E-02 
 0.2716667     -0.7889186E-01 
 0.2750000      0.1422083E-01 
 0.2783333      0.9133814E-01 
 0.2816667     -0.1844579E-02 
 0.2850000      0.7612777E-01 
 0.2883334     -0.5642518E-01 
 0.2916667      0.4900638E-03 
 0.2950000     -0.1787674E-01 
 0.2983333      0.3636105E-01 
 0.3016666     -0.1624014E-01 
 0.3050000      0.2625838E-01 
 0.3083333     -0.2609881E-01 
 0.3116666      0.3963609E-01 
 0.3150000     -0.6065555E-01 
 0.3183333      0.2771342E-01 
 0.3216667     -0.3370714E-01 
 0.3250000      0.1565468E-01 
 0.3283333      0.5368719E-01 
 0.3316666     -0.7744439E-01 
