# SumMovie FRC for input stack : stack1.mrc
# Number of micrographs: 1
# Number of frames per movie: 50
# Pixel size (A): 1.5000
# 1/(A)          FRC
# -----------------------
# 
# Micrograph 1 of 1. Score: -.026
 0.1666667E-02   1.000000     
 0.4999999E-02  0.7362157     
 0.8333332E-02  0.1083310     
 0.1166667E-01 -0.5442088     
 0.1500000E-01 -0.1824515     
 0.1833333E-01 -0.2181792     
 0.2166667E-01 -0.3148697     
 0.2500000E-01 -0.8239527E-02 
 0.2833333E-01  0.3147595E-01 
 0.3166667E-01  0.1787355     
 0.3500000E-01  0.8017256E-01 
 0.3833333E-01 -0.1346894     
 0.4166667E-01 -0.5853755E-01 
 0.4500000E-01  0.1413198     
 0.4833333E-01 -0.4631242E-01 
 0.5166666E-01 -0.1035119     
 0.5499999E-01 -0.1444920E-01 
 0.5833333E-01 -0.3913007E-01 
 0.6166667E-01  0.3992682E-01 
 0.6500000E-01 -0.1172517     
 0.6833333E-01 -0.7974215E-01 
 0.7166667E-01 -0.7434935E-01 
 0.7500000E-01 -0.3822412E-01 
 0.7833334E-01  0.1788639     
 0.8166667E-01  0.5831941E-01 
 0.8499999E-01 -0.5066880E-01 
 0.8833332E-01 -0.5424872E-01 
 0.9166665E-01 -0.3815311E-01 
 0.9500000E-01  0.6686936E-01 
 0.9833331E-01  0.1486710E-01 
 0.1016667      0.1522193E-01 
 0.1050000      0.3192740E-01 
 0.1083333      0.2726625E-01 
 0.1116667     -0.4962667E-02 
 0.1150000     -0.4950307E-02 
 0.1183333      0.2627150E-01 
 0.1216667     -0.6630299E-01 
 0.1250000      0.6057997E-01 
 0.1283333      0.6973943E-02 
 0.1316667     -0.3098061E-01 
 0.1350000      0.5602854E-01 
 0.1383333     -0.5950359E-01 
 0.1416667      0.6413355E-01 
 0.1450000      0.3995982E-01 
 0.1483333     -0.1204805     
 0.1516667     -0.1327820E-01 
 0.1550000     -0.9930924E-02 
 0.1583333      0.4611213E-01 
 0.1616667     -0.4215093E-01 
 0.1650000      0.8341642E-02 
 0.1683333      0.5787028E-01 
 0.1716667     -0.1557633E-01 
 0.1750000      0.2073822E-01 
 0.1783333     -0.1153436E-01 
 0.1816667     -0.1033261     
 0.1850000     -0.2082162E-01 
 0.1883333      0.6890620E-01 
 0.1916667      0.3676275E-01 
 0.1950000     -0.9061024E-01 
 0.1983333      0.6820075E-02 
 0.2016667      0.2941703E-02 
 0.2050000     -0.6503706E-01 
 0.2083333     -0.3648423E-01 
 0.2116666     -0.6722217E-02 
 0.2150000      0.2397810E-01 
 0.2183333     -0.4882080E-01 
 0.2216667     -0.2608356E-01 
 0.2250000      0.4039263E-01 
 0.2283333     -0.8070361E-02 
 0.2316667     -0.2007812E-01 
 0.2350000     -0.4646137E-01 
 0.2383333      0.5268138E-01 
 0.2416667     -0.2793308E-01 
 0.2450000      0.2292991E-01 
 0.2483333     -0.3399111E-01 
 0.2516667     -0.1995295E-01 
 0.2550000     -0.5757548E-01 
 0.2583333      0.2602241E-01 
 0.2616667      0.4347917E-02 
 0.2650000      0.1461722E-01 
 0.2683333      0.3139265E-01 
 0.2716667      0.7249063E-01 
 0.2750000      0.2248974E-01 
 0.2783333      0.4627983E-01 
 0.2816667     -0.2264469E-01 
 0.2850000     -0.2436408E-01 
 0.2883334      0.4631261E-01 
 0.2916667     -0.5120696E-01 
 0.2950000      0.2203596E-02 
 0.2983333     -0.2636190E-01 
 0.3016666      0.7376164E-02 
 0.3050000      0.2110457E-02 
 0.3083333     -0.5103850E-01 
 0.3116666      0.1174631E-01 
 0.3150000     -0.5907778E-01 
 0.3183333      0.6841028E-01 
 0.3216667      0.4435499E-01 
 0.3250000     -0.2346650E-01 
 0.3283333     -0.3469568E-01 
 0.3316666     -0.6506461E-01 
