# SumMovie FRC for input stack : stack1_ub_stacked_0.mrc
# Number of micrographs: 1
# Number of frames per movie: 50
# Pixel size (A): 1.5000
# 1/(A)          FRC
# -----------------------
# 
# Micrograph 1 of 1. Score: -.004
 0.1666667E-02   1.000000     
 0.4999999E-02  0.2637732     
 0.8333332E-02 -0.3796287E-02 
 0.1166667E-01  0.1477436     
 0.1500000E-01 -0.5181311E-01 
 0.1833333E-01  0.7922193E-01 
 0.2166667E-01 -0.1490985E-01 
 0.2500000E-01  0.2307367E-01 
 0.2833333E-01 -0.2096806     
 0.3166667E-01 -0.3167924E-01 
 0.3500000E-01  0.1918945     
 0.3833333E-01 -0.6606604E-01 
 0.4166667E-01 -0.1858554     
 0.4500000E-01  0.1586815     
 0.4833333E-01 -0.3033664E-01 
 0.5166666E-01 -0.1129294     
 0.5499999E-01 -0.1077144     
 0.5833333E-01 -0.1000117     
 0.6166667E-01  0.8443560E-01 
 0.6500000E-01 -0.5064152E-01 
 0.6833333E-01 -0.1556942E-01 
 0.7166667E-01  0.5734206E-01 
 0.7500000E-01 -0.2007707E-01 
 0.7833334E-01 -0.6962563E-01 
 0.8166667E-01 -0.8461436E-01 
 0.8499999E-01 -0.3434078E-01 
 0.8833332E-01 -0.5751122E-01 
 0.9166665E-01 -0.4511089E-01 
 0.9500000E-01 -0.6517807E-01 
 0.9833331E-01 -0.5057780E-01 
 0.1016667      0.1993071E-01 
 0.1050000      0.2502723E-01 
 0.1083333      0.8643872E-02 
 0.1116667     -0.8432215E-01 
 0.1150000     -0.2007389E-01 
 0.1183333      0.3475671E-01 
 0.1216667     -0.1197083     
 0.1250000     -0.6431973E-01 
 0.1283333      0.1067129     
 0.1316667     -0.2949813E-01 
 0.1350000     -0.3384806E-02 
 0.1383333     -0.5936559E-01 
 0.1416667     -0.8672710E-02 
 0.1450000      0.8708753E-02 
 0.1483333     -0.5047939E-02 
 0.1516667     -0.2229870E-02 
 0.1550000     -0.3120636E-01 
 0.1583333      0.1180154     
 0.1616667      0.5385341E-01 
 0.1650000      0.1165337     
 0.1683333      0.1299897E-01 
 0.1716667      0.1238617     
 0.1750000      0.3480912E-02 
 0.1783333      0.3884738E-02 
 0.1816667     -0.2982828E-01 
 0.1850000     -0.3776663E-02 
 0.1883333     -0.1445789     
 0.1916667      0.3352361E-01 
 0.1950000      0.8528692E-01 
 0.1983333      0.2924684E-01 
 0.2016667      0.1329365E-01 
 0.2050000      0.2079750E-01 
 0.2083333     -0.2764635E-02 
 0.2116666      0.7112193E-01 
 0.2150000     -0.3651466E-01 
 0.2183333     -0.1992841E-01 
 0.2216667      0.1328506E-01 
 0.2250000     -0.4897077E-01 
 0.2283333     -0.4420335E-01 
 0.2316667      0.2536500E-01 
 0.2350000      0.6273019E-01 
 0.2383333      0.7387780E-01 
 0.2416667     -0.4363985E-01 
 0.2450000     -0.9330609E-01 
 0.2483333      0.3099713E-01 
 0.2516667     -0.1824901E-01 
 0.2550000     -0.5266497E-01 
 0.2583333      0.3300204E-01 
 0.2616667      0.4083376E-01 
 0.2650000      0.3146793E-01 
 0.2683333     -0.1832430E-01 
 0.2716667     -0.4541637E-02 
 0.2750000      0.6824940E-01 
 0.2783333     -0.7279242E-02 
 0.2816667     -0.1004319E-01 
 0.2850000      0.2155079E-01 
 0.2883334      0.6542753E-01 
 0.2916667     -0.3265892E-01 
 0.2950000      0.8334870E-01 
 0.2983333      0.7842943E-01 
 0.3016666      0.8830625E-02 
 0.3050000      0.2034712E-01 
 0.3083333     -0.2961318E-01 
 0.3116666     -0.4847275E-01 
 0.3150000     -0.3551215E-01 
 0.3183333     -0.2451127E-01 
 0.3216667      0.2771104E-01 
 0.3250000     -0.1092527E-01 
 0.3283333      0.2746744E-01 
 0.3316666     -0.6750514E-03 
