# SumMovie FRC for input stack : stack1_ub_stacked_0.mrc
# Number of micrographs: 1
# Number of frames per movie: 50
# Pixel size (A): 1.5000
# 1/(A)          FRC
# -----------------------
# 
# Micrograph 1 of 1. Score: .049
 0.1666667E-02   1.000000     
 0.4999999E-02  0.6779553     
 0.8333332E-02  0.1798106     
 0.1166667E-01  0.1009299E-01 
 0.1500000E-01 -0.4235557E-01 
 0.1833333E-01  0.4419050E-01 
 0.2166667E-01  0.6147791E-02 
 0.2500000E-01  0.3065836     
 0.2833333E-01  0.1074492     
 0.3166667E-01  0.5748237E-01 
 0.3500000E-01  0.6718574E-01 
 0.3833333E-01 -0.1137512E-02 
 0.4166667E-01  0.6749480E-01 
 0.4500000E-01 -0.8956377E-02 
 0.4833333E-01 -0.6024418E-01 
 0.5166666E-01  0.3619556     
 0.5499999E-01 -0.7980731E-01 
 0.5833333E-01  0.1133043E-01 
 0.6166667E-01 -0.2189670     
 0.6500000E-01  0.4051657E-01 
 0.6833333E-01  0.7236819E-01 
 0.7166667E-01 -0.2621288E-01 
 0.7500000E-01  0.6444729E-01 
 0.7833334E-01 -0.1755857     
 0.8166667E-01  0.2952219E-01 
 0.8499999E-01 -0.7203685E-01 
 0.8833332E-01  0.7121834E-02 
 0.9166665E-01 -0.3591067E-01 
 0.9500000E-01  0.9377775E-01 
 0.9833331E-01  0.2636967E-01 
 0.1016667      0.3488790E-01 
 0.1050000      0.4313649E-01 
 0.1083333     -0.1155334     
 0.1116667      0.1035841     
 0.1150000      0.4191701E-04 
 0.1183333      0.9980348E-01 
 0.1216667      0.6320586E-02 
 0.1250000      0.4362451E-01 
 0.1283333     -0.1195091E-01 
 0.1316667     -0.2177777E-02 
 0.1350000     -0.1928288E-01 
 0.1383333     -0.9608577E-01 
 0.1416667     -0.1070471     
 0.1450000      0.1043174E-01 
 0.1483333      0.4360038E-01 
 0.1516667      0.2353370E-01 
 0.1550000     -0.1177411     
 0.1583333      0.1595520E-01 
 0.1616667      0.1317033E-01 
 0.1650000     -0.1166084     
 0.1683333      0.1266179E-01 
 0.1716667     -0.2333373E-01 
 0.1750000     -0.5498767E-01 
 0.1783333     -0.3630453E-01 
 0.1816667     -0.5592317E-01 
 0.1850000      0.1038426     
 0.1883333      0.1927055E-01 
 0.1916667     -0.3566935E-01 
 0.1950000      0.1312826E-01 
 0.1983333     -0.4359171E-01 
 0.2016667      0.6531174E-01 
 0.2050000     -0.2346603E-01 
 0.2083333     -0.4713697E-01 
 0.2116666      0.4638103E-01 
 0.2150000     -0.7405674E-01 
 0.2183333     -0.2133753E-01 
 0.2216667     -0.5946465E-02 
 0.2250000      0.4885829E-01 
 0.2283333     -0.4531374E-01 
 0.2316667     -0.3079658E-01 
 0.2350000      0.6223102E-01 
 0.2383333      0.7576742E-01 
 0.2416667     -0.8635776E-01 
 0.2450000     -0.4041973E-01 
 0.2483333      0.1206720E-02 
 0.2516667     -0.1113150     
 0.2550000      0.1008932E-01 
 0.2583333      0.4499901E-01 
 0.2616667      0.6249189E-01 
 0.2650000     -0.1061381E-01 
 0.2683333      0.1787130E-01 
 0.2716667      0.8696026E-02 
 0.2750000     -0.1810274E-01 
 0.2783333     -0.2192164E-01 
 0.2816667      0.1487756     
 0.2850000      0.3738966E-01 
 0.2883334     -0.2754861E-01 
 0.2916667      0.2857650E-01 
 0.2950000      0.1471275E-01 
 0.2983333     -0.8628175E-01 
 0.3016666      0.1525973E-01 
 0.3050000      0.3208962E-01 
 0.3083333     -0.1008298E-01 
 0.3116666     -0.7568367E-01 
 0.3150000      0.3267215E-01 
 0.3183333     -0.5345769E-01 
 0.3216667      0.1651098E-01 
 0.3250000      0.1291259E-01 
 0.3283333      0.8549152E-01 
 0.3316666      0.4717979E-01 
