# SumMovie FRC for input stack : stack1.mrc
# Number of micrographs: 1
# Number of frames per movie: 50
# Pixel size (A): 1.5000
# 1/(A)          FRC
# -----------------------
# 
# Micrograph 1 of 1. Score: .593
 0.1666667E-02   1.000000     
 0.4999999E-02  0.9777347     
 0.8333332E-02  0.8653083     
 0.1166667E-01  0.9166970     
 0.1500000E-01  0.9182511     
 0.1833333E-01  0.8263357     
 0.2166667E-01  0.7395554     
 0.2500000E-01  0.8340051     
 0.2833333E-01  0.8322343     
 0.3166667E-01  0.5864378     
 0.3500000E-01  0.7171924     
 0.3833333E-01  0.5188410     
 0.4166667E-01  0.5562556     
 0.4500000E-01  0.3629217     
 0.4833333E-01  0.1813802     
 0.5166666E-01  0.4333680E-02 
 0.5499999E-01  0.2602742     
 0.5833333E-01  0.3247719     
 0.6166667E-01  0.2787878     
 0.6500000E-01  0.2980632     
 0.6833333E-01  0.8362421E-01 
 0.7166667E-01  0.6711187E-01 
 0.7500000E-01  0.1993635     
 0.7833334E-01  0.1470800     
 0.8166667E-01  0.2242459     
 0.8499999E-01  0.1855344     
 0.8833332E-01  0.8749129E-01 
 0.9166665E-01  0.1378189     
 0.9500000E-01  0.1976095     
 0.9833331E-01  0.1150107     
 0.1016667      0.2922085E-01 
 0.1050000      0.9643835E-01 
 0.1083333      0.5520783E-01 
 0.1116667     -0.4551610E-01 
 0.1150000      0.4508839E-01 
 0.1183333     -0.1221884E-01 
 0.1216667      0.5965845E-01 
 0.1250000      0.1072283     
 0.1283333      0.7773466E-01 
 0.1316667      0.9050175E-01 
 0.1350000      0.2852764E-01 
 0.1383333      0.9814081E-01 
 0.1416667     -0.5080518E-01 
 0.1450000      0.4116224E-01 
 0.1483333      0.6347552E-01 
 0.1516667      0.1718464     
 0.1550000     -0.2505730E-01 
 0.1583333     -0.1795790E-01 
 0.1616667      0.4833432E-01 
 0.1650000      0.3193564E-01 
 0.1683333      0.3275817E-01 
 0.1716667      0.2154766E-01 
 0.1750000     -0.7539628E-01 
 0.1783333      0.6635633E-01 
 0.1816667      0.8090936E-01 
 0.1850000      0.2631232E-01 
 0.1883333      0.4007426E-01 
 0.1916667      0.1663199E-01 
 0.1950000      0.1646209E-01 
 0.1983333     -0.6126988E-01 
 0.2016667     -0.9571850E-01 
 0.2050000      0.7386243E-03 
 0.2083333      0.5582021E-01 
 0.2116666     -0.1898602E-01 
 0.2150000      0.9937952E-01 
 0.2183333      0.7457911E-01 
 0.2216667      0.6500391E-01 
 0.2250000      0.1059412     
 0.2283333      0.9938466E-01 
 0.2316667      0.4473183E-01 
 0.2350000      0.3008381E-01 
 0.2383333      0.9187006E-01 
 0.2416667      0.7351552E-01 
 0.2450000      0.5029047E-01 
 0.2483333     -0.6752612E-01 
 0.2516667      0.1470373E-01 
 0.2550000     -0.1861770E-01 
 0.2583333      0.2244721E-01 
 0.2616667      0.3362681E-02 
 0.2650000      0.2655129E-01 
 0.2683333      0.7269260E-01 
 0.2716667     -0.2121002E-01 
 0.2750000      0.7292554E-02 
 0.2783333      0.6474548E-01 
 0.2816667      0.3850199E-02 
 0.2850000      0.9276737E-01 
 0.2883334     -0.1258004E-01 
 0.2916667      0.4181124E-01 
 0.2950000      0.6478822E-01 
 0.2983333      0.5953559E-02 
 0.3016666      0.5108792E-01 
 0.3050000     -0.2147007E-01 
 0.3083333      0.2600927E-01 
 0.3116666      0.2153014E-01 
 0.3150000     -0.4480563E-01 
 0.3183333     -0.8121261E-02 
 0.3216667      0.2455793E-01 
 0.3250000     -0.3209092E-01 
 0.3283333      0.4507779E-01 
 0.3316666     -0.3172107E-01 
