# SumMovie FRC for input stack : stack1_ub_stacked_1500.mrc
# Number of micrographs: 1
# Number of frames per movie: 50
# Pixel size (A): 1.5000
# 1/(A)          FRC
# -----------------------
# 
# Micrograph 1 of 1. Score: .594
 0.1666667E-02   1.000000     
 0.4999999E-02  0.9891123     
 0.8333332E-02  0.8667338     
 0.1166667E-01  0.9162241     
 0.1500000E-01  0.9195370     
 0.1833333E-01  0.8221937     
 0.2166667E-01  0.7542876     
 0.2500000E-01  0.8403209     
 0.2833333E-01  0.8339259     
 0.3166667E-01  0.5787111     
 0.3500000E-01  0.7129585     
 0.3833333E-01  0.4928072     
 0.4166667E-01  0.5563050     
 0.4500000E-01  0.3448211     
 0.4833333E-01  0.2214148     
 0.5166666E-01  0.1556502E-02 
 0.5499999E-01  0.2957095     
 0.5833333E-01  0.2667559     
 0.6166667E-01  0.2906339     
 0.6500000E-01  0.2772343     
 0.6833333E-01  0.3934785E-01 
 0.7166667E-01  0.6254686E-01 
 0.7500000E-01  0.1471237     
 0.7833334E-01  0.1213318     
 0.8166667E-01  0.2280947     
 0.8499999E-01  0.1791711     
 0.8833332E-01  0.4799716E-01 
 0.9166665E-01  0.1122074     
 0.9500000E-01  0.1806994     
 0.9833331E-01  0.1133370     
 0.1016667      0.4226793E-01 
 0.1050000      0.1458782     
 0.1083333      0.9051280E-01 
 0.1116667     -0.4665354E-01 
 0.1150000      0.4963809E-01 
 0.1183333      0.2367629E-01 
 0.1216667      0.3737008E-01 
 0.1250000      0.8663445E-01 
 0.1283333     -0.1863468E-02 
 0.1316667      0.7035300E-01 
 0.1350000      0.1196994     
 0.1383333      0.9916008E-01 
 0.1416667      0.9123096E-02 
 0.1450000     -0.1527503E-01 
 0.1483333     -0.8378985E-04 
 0.1516667      0.2062709     
 0.1550000     -0.2285588E-01 
 0.1583333      0.1935755E-01 
 0.1616667     -0.8250206E-02 
 0.1650000      0.4111713E-01 
 0.1683333      0.1649826E-01 
 0.1716667     -0.1417615E-01 
 0.1750000     -0.3531086E-01 
 0.1783333      0.6063151E-01 
 0.1816667      0.2353555E-01 
 0.1850000      0.1000451     
 0.1883333     -0.1686986E-01 
 0.1916667     -0.2090438E-01 
 0.1950000     -0.1359552E-01 
 0.1983333     -0.3132707E-01 
 0.2016667     -0.1075048     
 0.2050000     -0.3205571E-01 
 0.2083333      0.6046642E-01 
 0.2116666      0.7894324E-02 
 0.2150000      0.1563955     
 0.2183333      0.9850606E-01 
 0.2216667      0.4097227E-01 
 0.2250000      0.6120441E-01 
 0.2283333      0.8395872E-01 
 0.2316667     -0.5780622E-02 
 0.2350000      0.5851702E-01 
 0.2383333      0.6205876E-01 
 0.2416667      0.5128700E-01 
 0.2450000      0.4386021E-01 
 0.2483333     -0.1619238E-01 
 0.2516667      0.2733312E-01 
 0.2550000      0.4040846E-01 
 0.2583333      0.2754316E-01 
 0.2616667     -0.1640162E-02 
 0.2650000     -0.2210200E-02 
 0.2683333     -0.7456684E-02 
 0.2716667     -0.2641414E-01 
 0.2750000      0.4468380E-01 
 0.2783333      0.2706289E-01 
 0.2816667      0.5190144E-01 
 0.2850000      0.5770938E-01 
 0.2883334     -0.7264895E-02 
 0.2916667      0.2235794E-02 
 0.2950000      0.5147960E-02 
 0.2983333      0.3657058E-01 
 0.3016666      0.8209526E-02 
 0.3050000      0.1681521E-03 
 0.3083333      0.1068176     
 0.3116666      0.4363982E-01 
 0.3150000      0.4735840E-02 
 0.3183333     -0.1164183E-01 
 0.3216667      0.2432709E-01 
 0.3250000      0.4261001E-01 
 0.3283333      0.3875949E-02 
 0.3316666     -0.5510707E-01 
