# SumMovie FRC for input stack : stack1.mrc
# Number of micrographs: 1
# Number of frames per movie: 50
# Pixel size (A): 1.5000
# 1/(A)          FRC
# -----------------------
# 
# Micrograph 1 of 1. Score: -.016
 0.1666667E-02   1.000000     
 0.4999999E-02  0.3103480     
 0.8333332E-02 -0.1808654     
 0.1166667E-01  0.2539792     
 0.1500000E-01 -0.1275981E-01 
 0.1833333E-01  0.1285977     
 0.2166667E-01 -0.8895969E-01 
 0.2500000E-01  0.4608773E-01 
 0.2833333E-01 -0.1632578     
 0.3166667E-01  0.3444428E-01 
 0.3500000E-01 -0.5394015E-01 
 0.3833333E-01  0.1197965     
 0.4166667E-01  0.1141839     
 0.4500000E-01 -0.1360894     
 0.4833333E-01 -0.1573662     
 0.5166666E-01  0.1983547     
 0.5499999E-01  0.1744386     
 0.5833333E-01  0.5024428E-01 
 0.6166667E-01  0.9521496E-02 
 0.6500000E-01 -0.5649443E-01 
 0.6833333E-01  0.1094660     
 0.7166667E-01 -0.3437676E-01 
 0.7500000E-01  0.2285642E-01 
 0.7833334E-01 -0.7786456E-01 
 0.8166667E-01 -0.3249880E-01 
 0.8499999E-01  0.9571005E-01 
 0.8833332E-01  0.1409808     
 0.9166665E-01  0.6042004E-01 
 0.9500000E-01  0.9916156E-01 
 0.9833331E-01  0.1509085E-01 
 0.1016667     -0.1912604     
 0.1050000      0.9729041E-01 
 0.1083333      0.1018801     
 0.1116667     -0.1420591     
 0.1150000     -0.5651227E-01 
 0.1183333      0.6311417E-01 
 0.1216667      0.1710434E-01 
 0.1250000      0.3302466E-01 
 0.1283333      0.1086291     
 0.1316667      0.4296930E-02 
 0.1350000      0.6627798E-01 
 0.1383333      0.1161536E-01 
 0.1416667     -0.2233236E-01 
 0.1450000     -0.3449422E-01 
 0.1483333      0.3491227E-01 
 0.1516667      0.2959474E-01 
 0.1550000      0.1285139     
 0.1583333      0.3158088E-02 
 0.1616667     -0.7572576E-01 
 0.1650000     -0.1808654E-01 
 0.1683333     -0.3635320E-02 
 0.1716667      0.6373589E-02 
 0.1750000     -0.1364099     
 0.1783333      0.7341364E-02 
 0.1816667     -0.4241974E-01 
 0.1850000      0.6743787E-01 
 0.1883333      0.3305926E-01 
 0.1916667      0.3646976E-01 
 0.1950000     -0.4232083E-01 
 0.1983333     -0.5191623E-01 
 0.2016667     -0.3599518E-01 
 0.2050000     -0.1469181E-01 
 0.2083333     -0.1337137     
 0.2116666     -0.2303274E-01 
 0.2150000      0.2195208E-01 
 0.2183333     -0.4271354E-02 
 0.2216667     -0.1061492     
 0.2250000      0.3349416E-01 
 0.2283333     -0.2179107E-01 
 0.2316667     -0.7429735E-01 
 0.2350000      0.6924386E-01 
 0.2383333      0.9775497E-01 
 0.2416667     -0.8386655E-01 
 0.2450000      0.5737115E-03 
 0.2483333     -0.1029271     
 0.2516667     -0.9587285E-01 
 0.2550000     -0.4995110E-01 
 0.2583333      0.2227591E-01 
 0.2616667      0.8242442E-01 
 0.2650000     -0.5550282E-01 
 0.2683333     -0.3799164E-01 
 0.2716667     -0.5639816E-01 
 0.2750000     -0.1029384     
 0.2783333      0.8888782E-01 
 0.2816667     -0.4480740E-01 
 0.2850000     -0.5368137E-01 
 0.2883334     -0.2610993E-01 
 0.2916667      0.1975846E-01 
 0.2950000     -0.9814242E-01 
 0.2983333     -0.2991191E-01 
 0.3016666      0.7021929E-01 
 0.3050000      0.3567604E-01 
 0.3083333     -0.5539950E-03 
 0.3116666      0.4762930E-01 
 0.3150000     -0.1004958E-01 
 0.3183333      0.1619250E-01 
 0.3216667      0.3368976E-02 
 0.3250000     -0.6635372E-02 
 0.3283333     -0.6370661E-01 
 0.3316666     -0.4508942E-01 
