# SumMovie FRC for input stack : stack1.mrc
# Number of micrographs: 1
# Number of frames per movie: 50
# Pixel size (A): 1.5000
# 1/(A)          FRC
# -----------------------
# 
# Micrograph 1 of 1. Score: .022
 0.1666667E-02   1.000000     
 0.4999999E-02  0.5453511     
 0.8333332E-02  0.1870580     
 0.1166667E-01  0.4058792     
 0.1500000E-01 -0.2970439     
 0.1833333E-01  0.9997062E-02 
 0.2166667E-01  0.4263393E-01 
 0.2500000E-01 -0.3612539E-01 
 0.2833333E-01 -0.1367863E-01 
 0.3166667E-01  0.2040040     
 0.3500000E-01  0.4737416E-01 
 0.3833333E-01  0.1422807E-01 
 0.4166667E-01  0.8980644E-01 
 0.4500000E-01 -0.3217828E-01 
 0.4833333E-01 -0.1254615     
 0.5166666E-01 -0.7579526E-03 
 0.5499999E-01 -0.8923212E-01 
 0.5833333E-01 -0.7942528E-01 
 0.6166667E-01  0.7691990E-01 
 0.6500000E-01  0.5007650E-01 
 0.6833333E-01 -0.1713783     
 0.7166667E-01 -0.9613452E-01 
 0.7500000E-01  0.3987502E-01 
 0.7833334E-01  0.9477466E-01 
 0.8166667E-01 -0.1286517E-01 
 0.8499999E-01  0.4531349E-01 
 0.8833332E-01 -0.1020316E-01 
 0.9166665E-01  0.4555447E-01 
 0.9500000E-01 -0.3880598E-01 
 0.9833331E-01  0.1365644     
 0.1016667     -0.5423386E-01 
 0.1050000     -0.4337962E-01 
 0.1083333      0.6539004E-01 
 0.1116667      0.1123753E-01 
 0.1150000      0.5390950E-01 
 0.1183333     -0.7962668E-01 
 0.1216667     -0.1365725     
 0.1250000     -0.3253116E-01 
 0.1283333      0.2509869E-01 
 0.1316667     -0.9367437E-01 
 0.1350000      0.9519975E-02 
 0.1383333      0.8888911E-01 
 0.1416667      0.1104188E-01 
 0.1450000     -0.3517171E-01 
 0.1483333     -0.2319041E-01 
 0.1516667     -0.1310054E-01 
 0.1550000      0.3684234E-01 
 0.1583333     -0.1607170E-01 
 0.1616667     -0.3232146E-01 
 0.1650000     -0.1779133E-01 
 0.1683333      0.9290686E-02 
 0.1716667     -0.1275442E-01 
 0.1750000     -0.3417059E-01 
 0.1783333      0.5760078E-01 
 0.1816667     -0.2883689E-01 
 0.1850000      0.7828199E-02 
 0.1883333     -0.5632367E-02 
 0.1916667      0.5237909E-01 
 0.1950000      0.8160990E-01 
 0.1983333      0.1459139E-01 
 0.2016667     -0.1115885E-01 
 0.2050000     -0.7185494E-01 
 0.2083333      0.1549003E-01 
 0.2116666      0.3386687E-01 
 0.2150000      0.1708610E-01 
 0.2183333     -0.1894806E-01 
 0.2216667      0.8633217E-01 
 0.2250000      0.4154251E-01 
 0.2283333      0.6803115E-01 
 0.2316667      0.4739015E-01 
 0.2350000      0.3274058E-01 
 0.2383333     -0.1375681E-02 
 0.2416667      0.3637038E-01 
 0.2450000      0.3891708E-02 
 0.2483333     -0.2133118E-01 
 0.2516667      0.1039758     
 0.2550000     -0.4133051E-02 
 0.2583333      0.8156166E-01 
 0.2616667     -0.2905405E-02 
 0.2650000      0.1591223E-01 
 0.2683333      0.6140158E-01 
 0.2716667      0.2743777E-01 
 0.2750000      0.2326780E-01 
 0.2783333      0.2835890E-01 
 0.2816667     -0.2942091E-01 
 0.2850000      0.1840992E-01 
 0.2883334     -0.3960852E-02 
 0.2916667     -0.1937193E-01 
 0.2950000      0.2997431E-01 
 0.2983333     -0.1877460E-01 
 0.3016666     -0.2364833E-01 
 0.3050000     -0.2972173E-01 
 0.3083333      0.3193099E-01 
 0.3116666      0.5516314E-02 
 0.3150000     -0.9196330E-02 
 0.3183333      0.2875450E-01 
 0.3216667      0.3720529E-01 
 0.3250000     -0.2277450E-01 
 0.3283333      0.8071524E-01 
 0.3316666     -0.1256229E-01 
