# SumMovie FRC for input stack : stack1_ub_stacked_500.mrc
# Number of micrographs: 1
# Number of frames per movie: 50
# Pixel size (A): 1.5000
# 1/(A)          FRC
# -----------------------
# 
# Micrograph 1 of 1. Score: .586
 0.1666667E-02   1.000000     
 0.4999999E-02  0.9874260     
 0.8333332E-02  0.8634315     
 0.1166667E-01  0.9174610     
 0.1500000E-01  0.9235848     
 0.1833333E-01  0.8167310     
 0.2166667E-01  0.7611152     
 0.2500000E-01  0.8339003     
 0.2833333E-01  0.8224780     
 0.3166667E-01  0.5916772     
 0.3500000E-01  0.7102902     
 0.3833333E-01  0.5005188     
 0.4166667E-01  0.5412454     
 0.4500000E-01  0.3119347     
 0.4833333E-01  0.2047613     
 0.5166666E-01 -0.3195166E-01 
 0.5499999E-01  0.2327552     
 0.5833333E-01  0.3130747     
 0.6166667E-01  0.2914042     
 0.6500000E-01  0.3030055     
 0.6833333E-01  0.4523906E-01 
 0.7166667E-01  0.1338096     
 0.7500000E-01  0.1939006     
 0.7833334E-01  0.1378643     
 0.8166667E-01  0.2508309     
 0.8499999E-01  0.2249724     
 0.8833332E-01  0.9453513E-01 
 0.9166665E-01  0.1065871     
 0.9500000E-01  0.2563357     
 0.9833331E-01  0.2277656     
 0.1016667      0.8697818E-01 
 0.1050000      0.1352374     
 0.1083333      0.1226025     
 0.1116667      0.8230303E-02 
 0.1150000      0.5334357E-01 
 0.1183333      0.1413165     
 0.1216667      0.9230673E-02 
 0.1250000      0.1039662     
 0.1283333      0.7906144E-01 
 0.1316667      0.9306502E-01 
 0.1350000      0.1623739     
 0.1383333      0.4992392E-01 
 0.1416667      0.5068726E-01 
 0.1450000      0.1445133     
 0.1483333      0.3494557E-01 
 0.1516667      0.1237172     
 0.1550000     -0.3742245E-01 
 0.1583333      0.5486131E-01 
 0.1616667      0.7277864E-01 
 0.1650000     -0.2959706E-01 
 0.1683333      0.3122272E-01 
 0.1716667      0.4095211E-01 
 0.1750000     -0.4545587E-01 
 0.1783333      0.6190671E-01 
 0.1816667      0.2035687E-01 
 0.1850000      0.8384899E-01 
 0.1883333      0.1980381E-01 
 0.1916667      0.7834054E-01 
 0.1950000      0.5756416E-02 
 0.1983333     -0.2402752E-01 
 0.2016667     -0.1326800     
 0.2050000     -0.6095457E-02 
 0.2083333      0.6087130E-01 
 0.2116666     -0.1705284E-01 
 0.2150000      0.3520015E-01 
 0.2183333      0.5338804E-01 
 0.2216667      0.8112559E-01 
 0.2250000      0.9610163E-01 
 0.2283333      0.1113985     
 0.2316667      0.2416513E-01 
 0.2350000      0.5279130E-01 
 0.2383333      0.4478025E-01 
 0.2416667      0.3664478E-01 
 0.2450000     -0.3173110E-01 
 0.2483333     -0.5465073E-01 
 0.2516667      0.7214399E-01 
 0.2550000      0.7401420E-02 
 0.2583333      0.1246327E-01 
 0.2616667     -0.1733735E-01 
 0.2650000      0.7070986E-01 
 0.2683333      0.3440206E-01 
 0.2716667      0.4610196E-01 
 0.2750000      0.6811196E-01 
 0.2783333      0.4755521E-02 
 0.2816667      0.4223887E-01 
 0.2850000      0.6970078E-01 
 0.2883334     -0.2831603E-01 
 0.2916667     -0.4170328E-01 
 0.2950000      0.5770615E-02 
 0.2983333      0.2885719E-02 
 0.3016666      0.5185595E-01 
 0.3050000      0.2000483E-01 
 0.3083333      0.3098180E-02 
 0.3116666     -0.3471776E-02 
 0.3150000     -0.8507196E-02 
 0.3183333     -0.6221519E-01 
 0.3216667      0.6227714E-02 
 0.3250000     -0.2566649E-01 
 0.3283333      0.1764720E-01 
 0.3316666      0.2296939E-01 
