# SumMovie FRC for input stack : stack1.mrc
# Number of micrographs: 1
# Number of frames per movie: 50
# Pixel size (A): 1.5000
# 1/(A)          FRC
# -----------------------
# 
# Micrograph 1 of 1. Score: .594
 0.1666667E-02   1.000000     
 0.4999999E-02  0.9776566     
 0.8333332E-02  0.8650640     
 0.1166667E-01  0.9161329     
 0.1500000E-01  0.9185217     
 0.1833333E-01  0.8265748     
 0.2166667E-01  0.7384754     
 0.2500000E-01  0.8333552     
 0.2833333E-01  0.8316748     
 0.3166667E-01  0.5881387     
 0.3500000E-01  0.7192733     
 0.3833333E-01  0.5223558     
 0.4166667E-01  0.5596345     
 0.4500000E-01  0.3570483     
 0.4833333E-01  0.1886185     
 0.5166666E-01  0.1425249E-02 
 0.5499999E-01  0.2516602     
 0.5833333E-01  0.3286423     
 0.6166667E-01  0.2759644     
 0.6500000E-01  0.2929419     
 0.6833333E-01  0.8451738E-01 
 0.7166667E-01  0.7359315E-01 
 0.7500000E-01  0.1995502     
 0.7833334E-01  0.1468567     
 0.8166667E-01  0.2247344     
 0.8499999E-01  0.1878607     
 0.8833332E-01  0.7863110E-01 
 0.9166665E-01  0.1452760     
 0.9500000E-01  0.2027518     
 0.9833331E-01  0.1236728     
 0.1016667      0.2959672E-01 
 0.1050000      0.8636680E-01 
 0.1083333      0.4926631E-01 
 0.1116667     -0.4891549E-01 
 0.1150000      0.4457290E-01 
 0.1183333     -0.9967471E-02 
 0.1216667      0.5708419E-01 
 0.1250000      0.1120238     
 0.1283333      0.7954916E-01 
 0.1316667      0.1016773     
 0.1350000      0.1633280E-01 
 0.1383333      0.9825968E-01 
 0.1416667     -0.4043035E-01 
 0.1450000      0.5418574E-01 
 0.1483333      0.5719229E-01 
 0.1516667      0.1799175     
 0.1550000     -0.1915292E-01 
 0.1583333     -0.4732593E-02 
 0.1616667      0.6092043E-01 
 0.1650000      0.3472590E-01 
 0.1683333      0.3102745E-01 
 0.1716667      0.1760563E-01 
 0.1750000     -0.8202832E-01 
 0.1783333      0.7589537E-01 
 0.1816667      0.8401684E-01 
 0.1850000      0.2746579E-01 
 0.1883333      0.4197100E-01 
 0.1916667      0.2735905E-01 
 0.1950000      0.1255425E-01 
 0.1983333     -0.3814854E-01 
 0.2016667     -0.1098654     
 0.2050000     -0.2849568E-02 
 0.2083333      0.4717252E-01 
 0.2116666     -0.3273965E-01 
 0.2150000      0.8460139E-01 
 0.2183333      0.7356732E-01 
 0.2216667      0.4549802E-01 
 0.2250000      0.9311482E-01 
 0.2283333      0.9991868E-01 
 0.2316667      0.4574957E-01 
 0.2350000      0.3689414E-01 
 0.2383333      0.8576009E-01 
 0.2416667      0.4405425E-01 
 0.2450000      0.6314382E-01 
 0.2483333     -0.4004022E-01 
 0.2516667      0.2038799E-01 
 0.2550000     -0.1746962E-01 
 0.2583333      0.2714652E-01 
 0.2616667      0.2083691E-01 
 0.2650000      0.1482759E-01 
 0.2683333      0.8942359E-01 
 0.2716667     -0.2045654E-01 
 0.2750000      0.1674146E-02 
 0.2783333      0.7250567E-01 
 0.2816667      0.1328901E-01 
 0.2850000      0.8504237E-01 
 0.2883334     -0.1331316E-01 
 0.2916667      0.3255621E-01 
 0.2950000      0.4676181E-01 
 0.2983333      0.1154569E-01 
 0.3016666      0.6366632E-01 
 0.3050000     -0.8909428E-02 
 0.3083333      0.2498529E-01 
 0.3116666      0.5407554E-01 
 0.3150000     -0.4407695E-01 
 0.3183333     -0.4273213E-02 
 0.3216667      0.1555608E-01 
 0.3250000     -0.4607417E-01 
 0.3283333      0.6182456E-01 
 0.3316666     -0.2723347E-01 
