# SumMovie FRC for input stack : stack1_ub_stacked_0.mrc
# Number of micrographs: 1
# Number of frames per movie: 50
# Pixel size (A): 1.5000
# 1/(A)          FRC
# -----------------------
# 
# Micrograph 1 of 1. Score: .004
 0.1666667E-02   1.000000     
 0.4999999E-02 -0.4762822E-01 
 0.8333332E-02  0.4166535     
 0.1166667E-01  0.7720199E-01 
 0.1500000E-01  0.3802969E-01 
 0.1833333E-01 -0.2478921     
 0.2166667E-01  0.8266100E-02 
 0.2500000E-01  0.8018871E-01 
 0.2833333E-01 -0.1984985     
 0.3166667E-01  0.1140690     
 0.3500000E-01 -0.1806515     
 0.3833333E-01 -0.1971903E-01 
 0.4166667E-01  0.1505595     
 0.4500000E-01 -0.4125956E-01 
 0.4833333E-01  0.8742568E-01 
 0.5166666E-01 -0.6243722E-01 
 0.5499999E-01 -0.1840238E-01 
 0.5833333E-01  0.4787850E-02 
 0.6166667E-01  0.3481973E-01 
 0.6500000E-01 -0.3977091E-01 
 0.6833333E-01  0.2665052E-02 
 0.7166667E-01  0.1334979     
 0.7500000E-01 -0.7448042E-01 
 0.7833334E-01 -0.6829401E-01 
 0.8166667E-01  0.1158376     
 0.8499999E-01  0.2306692E-03 
 0.8833332E-01 -0.4822857E-01 
 0.9166665E-01  0.8889252E-01 
 0.9500000E-01 -0.1280373     
 0.9833331E-01  0.4576535E-02 
 0.1016667     -0.1054378     
 0.1050000     -0.7113667E-01 
 0.1083333     -0.3646047E-01 
 0.1116667     -0.1517263     
 0.1150000     -0.6370867E-01 
 0.1183333      0.5153780E-01 
 0.1216667      0.5386981E-01 
 0.1250000     -0.1207518     
 0.1283333     -0.2857264E-01 
 0.1316667     -0.3372720E-01 
 0.1350000     -0.5384170E-01 
 0.1383333     -0.1744670     
 0.1416667     -0.4807405E-01 
 0.1450000     -0.3911936E-01 
 0.1483333      0.9639572E-02 
 0.1516667     -0.1056200E-01 
 0.1550000     -0.2535354E-01 
 0.1583333      0.1065246     
 0.1616667      0.1172237E-01 
 0.1650000      0.2986532E-01 
 0.1683333      0.4174859E-01 
 0.1716667     -0.9315631E-01 
 0.1750000      0.2756135E-01 
 0.1783333      0.2685929E-02 
 0.1816667      0.2235137E-01 
 0.1850000      0.1154809E-01 
 0.1883333      0.7131840E-01 
 0.1916667     -0.1528824     
 0.1950000      0.5356285E-01 
 0.1983333     -0.4722261E-01 
 0.2016667     -0.1068899     
 0.2050000     -0.3974926E-01 
 0.2083333     -0.2367671E-01 
 0.2116666     -0.7870802E-01 
 0.2150000     -0.1018722E-02 
 0.2183333      0.3227246E-02 
 0.2216667      0.1103000     
 0.2250000      0.4517419E-01 
 0.2283333     -0.1395568     
 0.2316667      0.2212480E-01 
 0.2350000     -0.3045893E-01 
 0.2383333      0.1097198E-01 
 0.2416667     -0.1678408E-01 
 0.2450000      0.5223522E-01 
 0.2483333      0.9296839E-02 
 0.2516667      0.1110621     
 0.2550000      0.4496869E-01 
 0.2583333      0.4612403E-01 
 0.2616667      0.4366256E-01 
 0.2650000     -0.7278219E-01 
 0.2683333     -0.5129064E-01 
 0.2716667     -0.3438836E-01 
 0.2750000      0.4851595E-01 
 0.2783333     -0.1521712E-01 
 0.2816667      0.1179852     
 0.2850000      0.4812314E-01 
 0.2883334     -0.6585246E-01 
 0.2916667      0.3230313E-01 
 0.2950000     -0.2951796E-01 
 0.2983333     -0.4400899E-01 
 0.3016666     -0.2309198E-01 
 0.3050000     -0.2470291E-01 
 0.3083333      0.3423389E-01 
 0.3116666      0.2260186E-01 
 0.3150000     -0.8613168E-01 
 0.3183333      0.9708162E-02 
 0.3216667     -0.5396114E-01 
 0.3250000     -0.3581721E-01 
 0.3283333     -0.4686673E-01 
 0.3316666      0.1038131E-01 
