# SumMovie FRC for input stack : stack1.mrc
# Number of micrographs: 1
# Number of frames per movie: 50
# Pixel size (A): 1.5000
# 1/(A)          FRC
# -----------------------
# 
# Micrograph 1 of 1. Score: .594
 0.1666667E-02   1.000000     
 0.4999999E-02  0.9777318     
 0.8333332E-02  0.8626242     
 0.1166667E-01  0.9241168     
 0.1500000E-01  0.9210825     
 0.1833333E-01  0.8278393     
 0.2166667E-01  0.7617020     
 0.2500000E-01  0.8324135     
 0.2833333E-01  0.8211987     
 0.3166667E-01  0.5608153     
 0.3500000E-01  0.7293026     
 0.3833333E-01  0.5078774     
 0.4166667E-01  0.5674603     
 0.4500000E-01  0.3286586     
 0.4833333E-01  0.2205527     
 0.5166666E-01 -0.1847622E-01 
 0.5499999E-01  0.2107205     
 0.5833333E-01  0.3301849     
 0.6166667E-01  0.2661066     
 0.6500000E-01  0.3261153     
 0.6833333E-01  0.3971781E-01 
 0.7166667E-01  0.9306221E-01 
 0.7500000E-01  0.2967902     
 0.7833334E-01  0.1243410     
 0.8166667E-01  0.2986004     
 0.8499999E-01  0.2075810     
 0.8833332E-01  0.5333015E-01 
 0.9166665E-01  0.1317686     
 0.9500000E-01  0.2384289     
 0.9833331E-01  0.1939775     
 0.1016667      0.1946886E-01 
 0.1050000      0.8304927E-01 
 0.1083333      0.1359464     
 0.1116667     -0.3802499E-01 
 0.1150000      0.1041889     
 0.1183333      0.7713719E-01 
 0.1216667      0.7156625E-01 
 0.1250000      0.1055285     
 0.1283333      0.9309541E-01 
 0.1316667      0.9520233E-01 
 0.1350000      0.1111622     
 0.1383333      0.2584888E-01 
 0.1416667      0.2843201E-01 
 0.1450000      0.1037076     
 0.1483333      0.7332572E-01 
 0.1516667      0.1019967     
 0.1550000      0.2005754E-02 
 0.1583333      0.1541524E-01 
 0.1616667      0.1061068     
 0.1650000     -0.4045358E-01 
 0.1683333      0.3026177E-01 
 0.1716667      0.1114054E-01 
 0.1750000     -0.2598995E-01 
 0.1783333      0.1270717     
 0.1816667      0.5601272E-01 
 0.1850000      0.4338496E-01 
 0.1883333      0.2758417E-02 
 0.1916667      0.6063187E-01 
 0.1950000      0.6271600E-01 
 0.1983333     -0.1851266E-01 
 0.2016667     -0.1481399     
 0.2050000     -0.2517707E-01 
 0.2083333     -0.3039191E-01 
 0.2116666     -0.1721104E-01 
 0.2150000      0.5522591E-01 
 0.2183333      0.7063926E-01 
 0.2216667      0.7571796E-01 
 0.2250000      0.9304652E-01 
 0.2283333      0.9837854E-01 
 0.2316667      0.3936814E-01 
 0.2350000      0.6245479E-02 
 0.2383333      0.2235489E-01 
 0.2416667      0.7354748E-01 
 0.2450000      0.7269988E-02 
 0.2483333     -0.3645612E-01 
 0.2516667      0.9995151E-02 
 0.2550000     -0.4725759E-01 
 0.2583333      0.5224741E-01 
 0.2616667      0.2602661E-01 
 0.2650000      0.1134089     
 0.2683333      0.2760540E-01 
 0.2716667      0.4416522E-01 
 0.2750000      0.6383529E-01 
 0.2783333     -0.7413751E-02 
 0.2816667      0.6249003E-01 
 0.2850000      0.7508644E-01 
 0.2883334     -0.1505885E-01 
 0.2916667      0.3611860E-01 
 0.2950000     -0.1504021E-01 
 0.2983333      0.4372136E-01 
 0.3016666      0.3289849E-01 
 0.3050000     -0.3855932E-01 
 0.3083333      0.7831821E-02 
 0.3116666      0.3225926E-01 
 0.3150000     -0.8421552E-02 
 0.3183333     -0.1914757E-01 
 0.3216667      0.6533497E-01 
 0.3250000     -0.5984708E-01 
 0.3283333     -0.1421356E-01 
 0.3316666     -0.2854740E-01 
