# SumMovie FRC for input stack : stack1.mrc
# Number of micrographs: 1
# Number of frames per movie: 50
# Pixel size (A): 1.5000
# 1/(A)          FRC
# -----------------------
# 
# Micrograph 1 of 1. Score: .593
 0.1666667E-02   1.000000     
 0.4999999E-02  0.9778156     
 0.8333332E-02  0.8665404     
 0.1166667E-01  0.9169616     
 0.1500000E-01  0.9201787     
 0.1833333E-01  0.8292140     
 0.2166667E-01  0.7448315     
 0.2500000E-01  0.8368121     
 0.2833333E-01  0.8418154     
 0.3166667E-01  0.5744346     
 0.3500000E-01  0.7218589     
 0.3833333E-01  0.5023012     
 0.4166667E-01  0.5365169     
 0.4500000E-01  0.3615971     
 0.4833333E-01  0.2081601     
 0.5166666E-01  0.2421701E-02 
 0.5499999E-01  0.2608283     
 0.5833333E-01  0.2674438     
 0.6166667E-01  0.2571252     
 0.6500000E-01  0.2882026     
 0.6833333E-01  0.6002251E-01 
 0.7166667E-01  0.3694853E-01 
 0.7500000E-01  0.1760182     
 0.7833334E-01  0.1089420     
 0.8166667E-01  0.2227314     
 0.8499999E-01  0.1844383     
 0.8833332E-01  0.8527634E-01 
 0.9166665E-01  0.1046346     
 0.9500000E-01  0.1660654     
 0.9833331E-01  0.4866047E-01 
 0.1016667     -0.3644063E-01 
 0.1050000      0.1035781     
 0.1083333      0.4273803E-01 
 0.1116667     -0.6266136E-01 
 0.1150000      0.2898619E-01 
 0.1183333     -0.3491595E-02 
 0.1216667      0.5684198E-01 
 0.1250000      0.1156962     
 0.1283333      0.3398077E-02 
 0.1316667      0.1005041E-01 
 0.1350000      0.4415756E-01 
 0.1383333      0.8287394E-01 
 0.1416667     -0.4222340E-01 
 0.1450000     -0.2064740E-02 
 0.1483333      0.1818087E-01 
 0.1516667      0.1189297     
 0.1550000     -0.5781294E-01 
 0.1583333     -0.5731961E-01 
 0.1616667      0.9860279E-02 
 0.1650000     -0.1145904E-01 
 0.1683333     -0.5653482E-02 
 0.1716667     -0.2130620E-01 
 0.1750000     -0.5155082E-01 
 0.1783333      0.5733813E-01 
 0.1816667      0.6358620E-01 
 0.1850000      0.2481651E-01 
 0.1883333     -0.8118604E-02 
 0.1916667     -0.3506680E-01 
 0.1950000     -0.3913007E-01 
 0.1983333     -0.6203862E-01 
 0.2016667     -0.1066983     
 0.2050000      0.1552217E-01 
 0.2083333      0.5017213E-01 
 0.2116666     -0.3758285E-01 
 0.2150000      0.8998375E-01 
 0.2183333      0.9875021E-01 
 0.2216667      0.4296400E-01 
 0.2250000      0.1199823     
 0.2283333      0.7438231E-01 
 0.2316667     -0.9767018E-01 
 0.2350000      0.3895248E-01 
 0.2383333      0.5618929E-02 
 0.2416667      0.8659642E-01 
 0.2450000      0.5334565E-01 
 0.2483333     -0.2273906E-01 
 0.2516667     -0.2877164E-01 
 0.2550000     -0.9028901E-01 
 0.2583333      0.5358667E-01 
 0.2616667      0.5041852E-01 
 0.2650000      0.2796701E-01 
 0.2683333      0.4062472E-01 
 0.2716667     -0.5111238E-01 
 0.2750000      0.7159085E-01 
 0.2783333      0.5304404E-01 
 0.2816667      0.1442414E-01 
 0.2850000      0.8018100E-01 
 0.2883334      0.4013103E-01 
 0.2916667     -0.1053439E-01 
 0.2950000     -0.3542990E-01 
 0.2983333      0.2815837E-01 
 0.3016666      0.9526500E-02 
 0.3050000      0.4802074E-01 
 0.3083333     -0.3317016E-01 
 0.3116666      0.1607022E-01 
 0.3150000     -0.7643212E-01 
 0.3183333      0.2192667E-01 
 0.3216667      0.1411937E-01 
 0.3250000      0.2873485E-01 
 0.3283333      0.9858000E-01 
 0.3316666     -0.2036700E-01 
