# SumMovie FRC for input stack : stack1_ub_stacked_2000.mrc
# Number of micrographs: 1
# Number of frames per movie: 50
# Pixel size (A): 1.5000
# 1/(A)          FRC
# -----------------------
# 
# Micrograph 1 of 1. Score: .599
 0.1666667E-02   1.000000     
 0.4999999E-02  0.9877113     
 0.8333332E-02  0.8628250     
 0.1166667E-01  0.9154622     
 0.1500000E-01  0.9191782     
 0.1833333E-01  0.8244067     
 0.2166667E-01  0.7538728     
 0.2500000E-01  0.8398403     
 0.2833333E-01  0.8452174     
 0.3166667E-01  0.5884357     
 0.3500000E-01  0.7260788     
 0.3833333E-01  0.5303754     
 0.4166667E-01  0.5571156     
 0.4500000E-01  0.3637595     
 0.4833333E-01  0.1939338     
 0.5166666E-01  0.2002813E-01 
 0.5499999E-01  0.2950862     
 0.5833333E-01  0.2728979     
 0.6166667E-01  0.2756082     
 0.6500000E-01  0.2579366     
 0.6833333E-01  0.3534308E-01 
 0.7166667E-01  0.7247879E-01 
 0.7500000E-01  0.1424657     
 0.7833334E-01  0.1484141     
 0.8166667E-01  0.1810725     
 0.8499999E-01  0.1498970     
 0.8833332E-01  0.9394277E-01 
 0.9166665E-01  0.1138927     
 0.9500000E-01  0.1793817     
 0.9833331E-01  0.6431064E-01 
 0.1016667      0.3392839E-01 
 0.1050000      0.6734030E-01 
 0.1083333      0.5021859E-01 
 0.1116667     -0.5438568E-01 
 0.1150000     -0.5366557E-02 
 0.1183333      0.4854759E-02 
 0.1216667      0.5406104E-01 
 0.1250000      0.1116929     
 0.1283333      0.2836112E-01 
 0.1316667      0.7346577E-04 
 0.1350000      0.4625654E-01 
 0.1383333      0.1359861     
 0.1416667     -0.6273671E-01 
 0.1450000     -0.3599130E-01 
 0.1483333      0.3718087E-01 
 0.1516667      0.1867895     
 0.1550000     -0.1973380E-01 
 0.1583333     -0.6875488E-01 
 0.1616667      0.4958580E-01 
 0.1650000      0.1028865E-01 
 0.1683333     -0.2798633E-02 
 0.1716667     -0.7070774E-02 
 0.1750000     -0.6268754E-01 
 0.1783333     -0.4998888E-02 
 0.1816667      0.1293178E-01 
 0.1850000      0.3907241E-01 
 0.1883333      0.3756282E-01 
 0.1916667     -0.2010257E-01 
 0.1950000     -0.5075085E-01 
 0.1983333     -0.1526978E-01 
 0.2016667     -0.8437424E-01 
 0.2050000      0.3240708E-01 
 0.2083333      0.2979017E-01 
 0.2116666      0.1218810E-01 
 0.2150000      0.1073378     
 0.2183333      0.5348412E-01 
 0.2216667      0.5591746E-02 
 0.2250000      0.1032688     
 0.2283333      0.6001162E-01 
 0.2316667      0.2347233E-01 
 0.2350000      0.5917795E-02 
 0.2383333      0.6252419E-01 
 0.2416667      0.5244279E-02 
 0.2450000      0.3101631E-02 
 0.2483333     -0.7192924E-01 
 0.2516667      0.1034910E-01 
 0.2550000     -0.2141543E-02 
 0.2583333      0.5388626E-01 
 0.2616667      0.1401517     
 0.2650000     -0.4365942E-01 
 0.2683333      0.9419598E-02 
 0.2716667     -0.7928819E-01 
 0.2750000      0.2332402E-01 
 0.2783333      0.9654213E-01 
 0.2816667      0.9224847E-02 
 0.2850000      0.6499802E-01 
 0.2883334     -0.4996502E-01 
 0.2916667     -0.5876159E-02 
 0.2950000     -0.1563127E-01 
 0.2983333      0.4136214E-01 
 0.3016666     -0.5781980E-02 
 0.3050000      0.4513131E-01 
 0.3083333     -0.1846511E-01 
 0.3116666      0.5300666E-01 
 0.3150000     -0.7986920E-01 
 0.3183333      0.3329881E-01 
 0.3216667     -0.4463991E-01 
 0.3250000      0.1542119E-01 
 0.3283333      0.6372208E-01 
 0.3316666     -0.6551136E-01 
