# SumMovie FRC for input stack : stack1.mrc
# Number of micrographs: 1
# Number of frames per movie: 50
# Pixel size (A): 1.5000
# 1/(A)          FRC
# -----------------------
# 
# Micrograph 1 of 1. Score: .593
 0.1666667E-02   1.000000     
 0.4999999E-02  0.9780998     
 0.8333332E-02  0.8645622     
 0.1166667E-01  0.9168258     
 0.1500000E-01  0.9198640     
 0.1833333E-01  0.8277406     
 0.2166667E-01  0.7434492     
 0.2500000E-01  0.8359879     
 0.2833333E-01  0.8343279     
 0.3166667E-01  0.5778496     
 0.3500000E-01  0.7226020     
 0.3833333E-01  0.4963232     
 0.4166667E-01  0.5416851     
 0.4500000E-01  0.3589156     
 0.4833333E-01  0.2114126     
 0.5166666E-01 -0.1504321E-01 
 0.5499999E-01  0.2537417     
 0.5833333E-01  0.3313213     
 0.6166667E-01  0.2829667     
 0.6500000E-01  0.3150185     
 0.6833333E-01  0.5740628E-01 
 0.7166667E-01  0.6721258E-01 
 0.7500000E-01  0.2306544     
 0.7833334E-01  0.1216412     
 0.8166667E-01  0.2646640     
 0.8499999E-01  0.1932230     
 0.8833332E-01  0.7276034E-01 
 0.9166665E-01  0.1290553     
 0.9500000E-01  0.2042822     
 0.9833331E-01  0.1224861     
 0.1016667     -0.1257997E-01 
 0.1050000      0.1012675     
 0.1083333      0.6147325E-01 
 0.1116667     -0.7806192E-01 
 0.1150000      0.6163224E-01 
 0.1183333      0.3019995E-02 
 0.1216667      0.5716355E-01 
 0.1250000      0.1044828     
 0.1283333      0.4982888E-01 
 0.1316667      0.7978131E-01 
 0.1350000      0.5836141E-01 
 0.1383333      0.5215929E-01 
 0.1416667     -0.1121993E-01 
 0.1450000      0.7175843E-01 
 0.1483333      0.1391880E-01 
 0.1516667      0.1339266     
 0.1550000     -0.2633428E-01 
 0.1583333     -0.2879681E-01 
 0.1616667      0.3836288E-01 
 0.1650000      0.1037213E-01 
 0.1683333      0.3702766E-01 
 0.1716667      0.5610164E-02 
 0.1750000     -0.5114184E-01 
 0.1783333      0.9294988E-01 
 0.1816667      0.6205137E-01 
 0.1850000      0.3331613E-01 
 0.1883333      0.7440123E-02 
 0.1916667      0.1024239E-01 
 0.1950000      0.4318387E-01 
 0.1983333     -0.8307789E-01 
 0.2016667     -0.1534477     
 0.2050000     -0.1824429E-01 
 0.2083333      0.2680640E-01 
 0.2116666     -0.3942863E-01 
 0.2150000      0.6933250E-01 
 0.2183333      0.7572959E-01 
 0.2216667      0.4995407E-01 
 0.2250000      0.7213490E-01 
 0.2283333      0.1064303     
 0.2316667     -0.4981218E-01 
 0.2350000      0.5739855E-01 
 0.2383333      0.5626156E-01 
 0.2416667      0.8294770E-01 
 0.2450000      0.6372659E-01 
 0.2483333     -0.4778592E-01 
 0.2516667     -0.6233267E-02 
 0.2550000     -0.6688577E-01 
 0.2583333      0.3647087E-01 
 0.2616667     -0.4772719E-02 
 0.2650000      0.6576563E-01 
 0.2683333      0.6265268E-01 
 0.2716667     -0.1044566E-03 
 0.2750000      0.4599582E-01 
 0.2783333      0.3249854E-01 
 0.2816667      0.5493274E-01 
 0.2850000      0.9402605E-01 
 0.2883334      0.2496486E-01 
 0.2916667      0.1315651E-01 
 0.2950000     -0.4981252E-01 
 0.2983333      0.1032524E-01 
 0.3016666      0.3367985E-02 
 0.3050000      0.2062287E-01 
 0.3083333     -0.2720365E-01 
 0.3116666      0.1758218E-02 
 0.3150000     -0.1859600E-01 
 0.3183333      0.2224740E-01 
 0.3216667      0.1784190E-01 
 0.3250000     -0.1086994E-01 
 0.3283333      0.4178701E-01 
 0.3316666     -0.2261446E-01 
