1 0 0 1 -14.073411333333333 -6.6689896666666675
1 0 0 1 -11.046437666666668 -5.10262
1 0 0 1 -6.391834333333333 -2.7605893333333333
1 0 0 1 -4.023339 -2.3401073333333335
1 0 0 1 -3.980585666666667 -3.9060746666666666
1 0 0 1 -5.27893 -3.553296
1 0 0 1 -4.369988 -3.8604273333333334
1 0 0 1 -4.104096 -3.2263933333333337
1 0 0 1 -3.6868736666666666 -2.2731586666666668
1 0 0 1 -3.5558273333333332 -1.725142
1 0 0 1 -0.5765696666666666 -2.752599333333333
1 0 0 1 -0.48276800000000003 -0.8726409999999999
1 0 0 1 -2.2678843333333334 0.6120166666666667
1 0 0 1 -1.5916403333333333 0.3269053333333333
1 0 0 1 1.4000993333333334 0.37630766666666665
1 0 0 1 4.668546666666667 -10.781290666666665
1 0 0 1 3.0697906666666666 -13.704662333333333
1 0 0 1 1.0002823333333333 -8.903798333333333
1 0 0 1 -0.8004396666666667 2.80066
1 0 0 1 3.624295333333333 -1.2010793333333334
1 0 0 1 5.448693666666667 -2.9872076666666665
1 0 0 1 5.709997666666666 -3.4636956666666667
1 0 0 1 3.7804533333333334 -1.3916510000000002
1 0 0 1 3.5768323333333334 -2.169957
1 0 0 1 1.6039826666666668 -3.2028546666666666
1 0 0 1 0.0 0.0
1 0 0 1 0.15176900000000002 2.2426850000000003
1 0 0 1 0.19868666666666668 0.5204763333333333
1 0 0 1 1.7961580000000001 -0.3348946666666666
1 0 0 1 2.192109 0.38647866666666664
1 0 0 1 3.72887 -0.2793616666666667
1 0 0 1 2.9193393333333333 -10.744390000000001
1 0 0 1 5.720461 -11.986220000000001
1 0 0 1 1.994306 -5.372420666666667
1 0 0 1 1.6550099999999999 2.4463466666666664
1 0 0 1 2.3045376666666666 6.034895666666666
1 0 0 1 4.623126 4.843407333333333
1 0 0 1 5.921118333333333 14.152645
1 0 0 1 8.403532666666667 8.94774
1 0 0 1 11.941388333333334 5.370052333333334
1 0 0 1 -3.7971756666666665 1.038913
1 0 0 1 -9.704869666666667 4.126196666666667
1 0 0 1 -6.483280333333333 2.8004753333333334
1 0 0 1 6.727510333333334 -1.8582453333333333
1 0 0 1 3.3518570000000003 -0.007587333333333334
1 0 0 1 1.4366623333333333 -2.780082333333333
1 0 0 1 7.636703 10.919464
1 0 0 1 11.120708333333333 13.345348333333334
1 0 0 1 5.548495666666667 0.021930666666666668
1 0 0 1 5.025315333333333 -1.651268
