# SumMovie FRC for input stack : stack1.mrc
# Number of micrographs: 1
# Number of frames per movie: 50
# Pixel size (A): 1.5000
# 1/(A)          FRC
# -----------------------
# 
# Micrograph 1 of 1. Score: .597
 0.1666667E-02   1.000000     
 0.4999999E-02  0.9776862     
 0.8333332E-02  0.8653017     
 0.1166667E-01  0.9157206     
 0.1500000E-01  0.9184119     
 0.1833333E-01  0.8269387     
 0.2166667E-01  0.7397883     
 0.2500000E-01  0.8339866     
 0.2833333E-01  0.8357563     
 0.3166667E-01  0.5872267     
 0.3500000E-01  0.7196392     
 0.3833333E-01  0.5295318     
 0.4166667E-01  0.5628951     
 0.4500000E-01  0.3617342     
 0.4833333E-01  0.1919394     
 0.5166666E-01  0.1091660E-01 
 0.5499999E-01  0.2601815     
 0.5833333E-01  0.3010336     
 0.6166667E-01  0.2625890     
 0.6500000E-01  0.2843729     
 0.6833333E-01  0.7511921E-01 
 0.7166667E-01  0.4866613E-01 
 0.7500000E-01  0.1724521     
 0.7833334E-01  0.1544762     
 0.8166667E-01  0.2082432     
 0.8499999E-01  0.1709616     
 0.8833332E-01  0.8166078E-01 
 0.9166665E-01  0.1373606     
 0.9500000E-01  0.1786734     
 0.9833331E-01  0.7766856E-01 
 0.1016667      0.1376143E-01 
 0.1050000      0.8410112E-01 
 0.1083333      0.3971719E-01 
 0.1116667     -0.5555557E-01 
 0.1150000      0.3024683E-01 
 0.1183333     -0.2102329E-01 
 0.1216667      0.7797187E-01 
 0.1250000      0.1205151     
 0.1283333      0.6344832E-01 
 0.1316667      0.4264963E-01 
 0.1350000      0.2139024E-01 
 0.1383333      0.1039140     
 0.1416667     -0.5850515E-01 
 0.1450000      0.1367033E-01 
 0.1483333      0.5405636E-01 
 0.1516667      0.1805245     
 0.1550000     -0.1235186E-01 
 0.1583333     -0.2134830E-01 
 0.1616667      0.4374867E-01 
 0.1650000      0.2657865E-01 
 0.1683333      0.1399183E-02 
 0.1716667     -0.4700984E-02 
 0.1750000     -0.7720466E-01 
 0.1783333      0.5180633E-01 
 0.1816667      0.5960137E-01 
 0.1850000      0.2677350E-01 
 0.1883333      0.5119795E-01 
 0.1916667     -0.6922191E-03 
 0.1950000     -0.2326354E-01 
 0.1983333     -0.3187912E-01 
 0.2016667     -0.8939949E-01 
 0.2050000      0.2402086E-01 
 0.2083333      0.3710418E-01 
 0.2116666     -0.2329940E-01 
 0.2150000      0.1196194     
 0.2183333      0.6986042E-01 
 0.2216667      0.2874308E-01 
 0.2250000      0.9993218E-01 
 0.2283333      0.9558240E-01 
 0.2316667      0.1824273E-01 
 0.2350000     -0.9382981E-02 
 0.2383333      0.6099794E-01 
 0.2416667      0.2043103E-01 
 0.2450000      0.1434344E-01 
 0.2483333     -0.6491099E-01 
 0.2516667     -0.4568769E-02 
 0.2550000     -0.2538916E-01 
 0.2583333      0.5276423E-01 
 0.2616667      0.6247154E-01 
 0.2650000     -0.3906246E-01 
 0.2683333      0.4208411E-01 
 0.2716667     -0.6647306E-01 
 0.2750000      0.3543381E-01 
 0.2783333      0.7969791E-01 
 0.2816667     -0.5858398E-02 
 0.2850000      0.7801107E-01 
 0.2883334     -0.2501906E-01 
 0.2916667      0.1655781E-01 
 0.2950000      0.3381794E-01 
 0.2983333     -0.2393821E-01 
 0.3016666      0.1817113E-01 
 0.3050000      0.1494546E-01 
 0.3083333      0.2028220E-01 
 0.3116666      0.6463218E-01 
 0.3150000     -0.7356746E-01 
 0.3183333      0.1570933E-01 
 0.3216667      0.2786336E-02 
 0.3250000      0.4909212E-02 
 0.3283333      0.6212623E-01 
 0.3316666     -0.3586946E-01 
