# SumMovie FRC for input stack : stack1_ub_stacked_2000.mrc
# Number of micrographs: 1
# Number of frames per movie: 50
# Pixel size (A): 1.5000
# 1/(A)          FRC
# -----------------------
# 
# Micrograph 1 of 1. Score: .595
 0.1666667E-02   1.000000     
 0.4999999E-02  0.9879915     
 0.8333332E-02  0.8649665     
 0.1166667E-01  0.9160128     
 0.1500000E-01  0.9198459     
 0.1833333E-01  0.8260413     
 0.2166667E-01  0.7517205     
 0.2500000E-01  0.8398519     
 0.2833333E-01  0.8358043     
 0.3166667E-01  0.5841560     
 0.3500000E-01  0.7143121     
 0.3833333E-01  0.5033568     
 0.4166667E-01  0.5529670     
 0.4500000E-01  0.3515966     
 0.4833333E-01  0.2144330     
 0.5166666E-01 -0.3204183E-02 
 0.5499999E-01  0.3011061     
 0.5833333E-01  0.2751719     
 0.6166667E-01  0.2699815     
 0.6500000E-01  0.2687182     
 0.6833333E-01  0.1157578E-01 
 0.7166667E-01  0.7429925E-01 
 0.7500000E-01  0.1541542     
 0.7833334E-01  0.1454569     
 0.8166667E-01  0.2167093     
 0.8499999E-01  0.1492383     
 0.8833332E-01  0.8147078E-01 
 0.9166665E-01  0.1199027     
 0.9500000E-01  0.1851644     
 0.9833331E-01  0.6576131E-01 
 0.1016667      0.1666084E-01 
 0.1050000      0.9099404E-01 
 0.1083333      0.2499973E-01 
 0.1116667     -0.4556224E-01 
 0.1150000      0.5375358E-01 
 0.1183333      0.3082445E-01 
 0.1216667      0.5206385E-01 
 0.1250000      0.1004808     
 0.1283333     -0.4299900E-02 
 0.1316667      0.3230875E-01 
 0.1350000      0.8210322E-01 
 0.1383333      0.1119461     
 0.1416667     -0.7198484E-01 
 0.1450000     -0.5153438E-01 
 0.1483333      0.4574458E-01 
 0.1516667      0.1769224     
 0.1550000     -0.4787667E-01 
 0.1583333     -0.3690295E-01 
 0.1616667      0.4540967E-01 
 0.1650000      0.2127980E-01 
 0.1683333      0.1552884E-01 
 0.1716667     -0.4407914E-02 
 0.1750000     -0.7415659E-01 
 0.1783333      0.1719511E-01 
 0.1816667      0.4474903E-01 
 0.1850000      0.8491926E-01 
 0.1883333     -0.7903777E-02 
 0.1916667     -0.7032740E-01 
 0.1950000     -0.3403786E-01 
 0.1983333     -0.5176503E-01 
 0.2016667     -0.5619764E-01 
 0.2050000      0.5500668E-01 
 0.2083333      0.5324109E-01 
 0.2116666      0.5352483E-01 
 0.2150000      0.1223042     
 0.2183333      0.8956908E-01 
 0.2216667      0.5078625E-01 
 0.2250000      0.5949870E-01 
 0.2283333      0.1009305     
 0.2316667     -0.6244369E-01 
 0.2350000      0.2854571E-01 
 0.2383333      0.5565838E-01 
 0.2416667      0.3978711E-01 
 0.2450000      0.2548949E-01 
 0.2483333     -0.6027118E-01 
 0.2516667      0.3411820E-01 
 0.2550000      0.3972894E-01 
 0.2583333      0.7882515E-01 
 0.2616667      0.6593691E-01 
 0.2650000      0.6334341E-02 
 0.2683333     -0.1093033E-01 
 0.2716667     -0.1170987     
 0.2750000     -0.9423452E-02 
 0.2783333      0.5477821E-01 
 0.2816667      0.2340752E-01 
 0.2850000      0.6417262E-01 
 0.2883334     -0.2605319E-01 
 0.2916667      0.3038969E-01 
 0.2950000     -0.2674442E-01 
 0.2983333      0.4655050E-01 
 0.3016666      0.4388144E-01 
 0.3050000      0.8920849E-01 
 0.3083333     -0.1783224E-01 
 0.3116666      0.3262821E-01 
 0.3150000     -0.1593859E-01 
 0.3183333      0.3167478E-01 
 0.3216667     -0.2047319E-01 
 0.3250000      0.5525481E-01 
 0.3283333     -0.2570134E-01 
 0.3316666      0.1886443E-01 
