# SumMovie FRC for input stack : stack1.mrc
# Number of micrographs: 1
# Number of frames per movie: 50
# Pixel size (A): 1.5000
# 1/(A)          FRC
# -----------------------
# 
# Micrograph 1 of 1. Score: .541
 0.1666667E-02   1.000000     
 0.4999999E-02  0.9765500     
 0.8333332E-02  0.8006070     
 0.1166667E-01  0.9135576     
 0.1500000E-01  0.9173983     
 0.1833333E-01  0.8138406     
 0.2166667E-01  0.7356931     
 0.2500000E-01  0.8249088     
 0.2833333E-01  0.7422892     
 0.3166667E-01  0.5134296     
 0.3500000E-01  0.6954442     
 0.3833333E-01  0.4101754     
 0.4166667E-01  0.3250973     
 0.4500000E-01  0.3016837     
 0.4833333E-01  0.2678312     
 0.5166666E-01  0.1556199     
 0.5499999E-01  0.1319151     
 0.5833333E-01  0.2000324     
 0.6166667E-01  0.3301755     
 0.6500000E-01  0.1583353     
 0.6833333E-01 -0.7646387E-02 
 0.7166667E-01  0.1260708     
 0.7500000E-01  0.2994910     
 0.7833334E-01  0.9038053E-01 
 0.8166667E-01  0.6772022E-01 
 0.8499999E-01  0.2082546     
 0.8833332E-01  0.1171516     
 0.9166665E-01  0.1435352     
 0.9500000E-01  0.1139092     
 0.9833331E-01  0.1880123     
 0.1016667     -0.3038000E-01 
 0.1050000      0.3516939E-01 
 0.1083333      0.1830959     
 0.1116667     -0.6997940E-01 
 0.1150000      0.6186488E-01 
 0.1183333      0.2750169E-01 
 0.1216667      0.1406086     
 0.1250000      0.7608961E-01 
 0.1283333      0.1963107     
 0.1316667      0.6758370E-01 
 0.1350000      0.7834224E-01 
 0.1383333      0.5116899E-01 
 0.1416667      0.1243724E-01 
 0.1450000      0.1405535     
 0.1483333      0.2427026     
 0.1516667      0.1349820     
 0.1550000      0.1158877E-01 
 0.1583333      0.1515718     
 0.1616667      0.5080093E-01 
 0.1650000      0.8599123E-01 
 0.1683333     -0.2857880E-02 
 0.1716667      0.9885835E-01 
 0.1750000      0.2757906E-01 
 0.1783333      0.6977729E-01 
 0.1816667      0.1335890     
 0.1850000      0.1390711     
 0.1883333      0.6111994E-01 
 0.1916667      0.1096643     
 0.1950000      0.1440209     
 0.1983333      0.1682431     
 0.2016667      0.5251845E-01 
 0.2050000      0.5792694E-01 
 0.2083333      0.2435088E-01 
 0.2116666      0.9684625E-01 
 0.2150000      0.1373740     
 0.2183333      0.1042211E-01 
 0.2216667      0.1412251     
 0.2250000      0.9079217E-01 
 0.2283333      0.1292156     
 0.2316667      0.9915816E-01 
 0.2350000      0.1339936     
 0.2383333      0.3766551E-01 
 0.2416667      0.4432262E-01 
 0.2450000     -0.2838037E-02 
 0.2483333      0.6906606E-01 
 0.2516667      0.1276105     
 0.2550000      0.2801633E-01 
 0.2583333      0.1757566     
 0.2616667      0.1307103     
 0.2650000      0.5675381E-01 
 0.2683333      0.1075651     
 0.2716667      0.1247860     
 0.2750000      0.7235161E-01 
 0.2783333      0.9282829E-01 
 0.2816667      0.1220429     
 0.2850000      0.6375712E-01 
 0.2883334      0.7011439E-01 
 0.2916667      0.1201193     
 0.2950000      0.1335875     
 0.2983333      0.8790135E-01 
 0.3016666      0.7846496E-01 
 0.3050000      0.8421434E-01 
 0.3083333      0.5468921E-01 
 0.3116666      0.1344704     
 0.3150000      0.5165042E-01 
 0.3183333      0.3261612E-01 
 0.3216667      0.7692030E-01 
 0.3250000      0.6442112E-01 
 0.3283333      0.1430824     
 0.3316666      0.3783023E-01 
