# SumMovie FRC for input stack : stack1.mrc
# Number of micrographs: 1
# Number of frames per movie: 50
# Pixel size (A): 1.5000
# 1/(A)          FRC
# -----------------------
# 
# Micrograph 1 of 1. Score: .587
 0.1666667E-02   1.000000     
 0.4999999E-02  0.9778405     
 0.8333332E-02  0.8655412     
 0.1166667E-01  0.9175059     
 0.1500000E-01  0.9180666     
 0.1833333E-01  0.8269928     
 0.2166667E-01  0.7373737     
 0.2500000E-01  0.8321864     
 0.2833333E-01  0.8259963     
 0.3166667E-01  0.5889234     
 0.3500000E-01  0.7181215     
 0.3833333E-01  0.4985586     
 0.4166667E-01  0.5376641     
 0.4500000E-01  0.3490491     
 0.4833333E-01  0.1857893     
 0.5166666E-01 -0.7776274E-02 
 0.5499999E-01  0.2314200     
 0.5833333E-01  0.3496069     
 0.6166667E-01  0.2942551     
 0.6500000E-01  0.2979693     
 0.6833333E-01  0.8619355E-01 
 0.7166667E-01  0.1094037     
 0.7500000E-01  0.2332032     
 0.7833334E-01  0.1158296     
 0.8166667E-01  0.2468730     
 0.8499999E-01  0.2249803     
 0.8833332E-01  0.8119854E-01 
 0.9166665E-01  0.1443832     
 0.9500000E-01  0.2230270     
 0.9833331E-01  0.1839261     
 0.1016667      0.6443831E-01 
 0.1050000      0.9361591E-01 
 0.1083333      0.8287443E-01 
 0.1116667     -0.2049224E-01 
 0.1150000      0.6053502E-01 
 0.1183333      0.6931365E-01 
 0.1216667      0.4078761E-01 
 0.1250000      0.1301731     
 0.1283333      0.7778548E-01 
 0.1316667      0.1699490     
 0.1350000      0.7619824E-01 
 0.1383333      0.8569820E-01 
 0.1416667      0.6352041E-02 
 0.1450000      0.9856854E-01 
 0.1483333      0.9270947E-01 
 0.1516667      0.1606606     
 0.1550000     -0.5621493E-02 
 0.1583333      0.3072194E-01 
 0.1616667      0.1004891     
 0.1650000     -0.1682217E-01 
 0.1683333      0.6871331E-01 
 0.1716667      0.3909606E-01 
 0.1750000     -0.8276340E-01 
 0.1783333      0.1190865     
 0.1816667      0.1134295     
 0.1850000      0.6530626E-01 
 0.1883333      0.4168097E-01 
 0.1916667      0.8332563E-01 
 0.1950000      0.4903729E-01 
 0.1983333     -0.1658112E-01 
 0.2016667     -0.1238275     
 0.2050000     -0.1260824E-01 
 0.2083333      0.2031519E-01 
 0.2116666     -0.9846284E-02 
 0.2150000      0.2179235E-01 
 0.2183333      0.4752520E-01 
 0.2216667      0.6804328E-01 
 0.2250000      0.6828593E-01 
 0.2283333      0.7141746E-01 
 0.2316667      0.6484187E-01 
 0.2350000      0.7275824E-01 
 0.2383333      0.8664125E-01 
 0.2416667      0.4877387E-01 
 0.2450000      0.4889599E-01 
 0.2483333     -0.3766462E-01 
 0.2516667      0.4313228E-01 
 0.2550000     -0.3493863E-01 
 0.2583333      0.6438550E-01 
 0.2616667     -0.2252732E-01 
 0.2650000      0.5846787E-01 
 0.2683333      0.8849970E-01 
 0.2716667      0.4402875E-01 
 0.2750000     -0.1118096E-01 
 0.2783333      0.4893364E-01 
 0.2816667      0.5285976E-01 
 0.2850000      0.6166757E-01 
 0.2883334     -0.2856036E-01 
 0.2916667     -0.1158713E-01 
 0.2950000      0.5052752E-01 
 0.2983333      0.5641302E-01 
 0.3016666      0.3743800E-01 
 0.3050000     -0.1246000E-01 
 0.3083333     -0.8471708E-02 
 0.3116666      0.7036835E-02 
 0.3150000     -0.1247318E-01 
 0.3183333     -0.2012017E-01 
 0.3216667      0.9752301E-02 
 0.3250000     -0.3061336E-01 
 0.3283333      0.4287727E-01 
 0.3316666      0.2622457E-01 
