# SumMovie FRC for input stack : stack1_ub_stacked_500.mrc
# Number of micrographs: 1
# Number of frames per movie: 50
# Pixel size (A): 1.5000
# 1/(A)          FRC
# -----------------------
# 
# Micrograph 1 of 1. Score: .587
 0.1666667E-02   1.000000     
 0.4999999E-02  0.9877829     
 0.8333332E-02  0.8627540     
 0.1166667E-01  0.9206856     
 0.1500000E-01  0.9232425     
 0.1833333E-01  0.8171338     
 0.2166667E-01  0.7658608     
 0.2500000E-01  0.8304064     
 0.2833333E-01  0.8175934     
 0.3166667E-01  0.5904827     
 0.3500000E-01  0.7138004     
 0.3833333E-01  0.4942815     
 0.4166667E-01  0.5424579     
 0.4500000E-01  0.3056120     
 0.4833333E-01  0.2219076     
 0.5166666E-01 -0.9526652E-02 
 0.5499999E-01  0.2213601     
 0.5833333E-01  0.3159017     
 0.6166667E-01  0.2927405     
 0.6500000E-01  0.2827087     
 0.6833333E-01  0.7180115E-01 
 0.7166667E-01  0.1164312     
 0.7500000E-01  0.2104589     
 0.7833334E-01  0.1478193     
 0.8166667E-01  0.2600968     
 0.8499999E-01  0.2225465     
 0.8833332E-01  0.9856067E-01 
 0.9166665E-01  0.9034699E-01 
 0.9500000E-01  0.1976834     
 0.9833331E-01  0.2570012     
 0.1016667      0.8038389E-01 
 0.1050000      0.1604892     
 0.1083333      0.1414699     
 0.1116667      0.2663482E-01 
 0.1150000      0.8531209E-01 
 0.1183333      0.1736679     
 0.1216667      0.2855856E-01 
 0.1250000      0.1480761     
 0.1283333      0.1297229     
 0.1316667      0.8914265E-01 
 0.1350000      0.1882933     
 0.1383333      0.4216437E-01 
 0.1416667      0.6271578E-01 
 0.1450000      0.8358379E-01 
 0.1483333      0.4025812E-01 
 0.1516667      0.3871648E-01 
 0.1550000     -0.1062237E-01 
 0.1583333      0.9749513E-01 
 0.1616667      0.5904992E-01 
 0.1650000     -0.1627072E-01 
 0.1683333      0.9378241E-01 
 0.1716667      0.8695986E-01 
 0.1750000     -0.4484153E-02 
 0.1783333      0.8774602E-01 
 0.1816667     -0.2062418E-02 
 0.1850000      0.3584798E-01 
 0.1883333      0.8305980E-02 
 0.1916667      0.9098411E-01 
 0.1950000      0.9429759E-01 
 0.1983333      0.2913830E-01 
 0.2016667     -0.6562515E-01 
 0.2050000     -0.2901137E-01 
 0.2083333      0.4409329E-01 
 0.2116666     -0.3107020E-02 
 0.2150000      0.3501239E-01 
 0.2183333      0.2749015E-01 
 0.2216667      0.3655812E-01 
 0.2250000      0.8458325E-01 
 0.2283333      0.7724960E-01 
 0.2316667      0.5086897E-01 
 0.2350000      0.3773378E-01 
 0.2383333      0.5799251E-01 
 0.2416667      0.1182009E-01 
 0.2450000     -0.2506633E-01 
 0.2483333     -0.7544681E-01 
 0.2516667      0.2885788E-01 
 0.2550000     -0.1037146E-01 
 0.2583333      0.3464411E-01 
 0.2616667     -0.2313252E-01 
 0.2650000      0.8961709E-01 
 0.2683333      0.4409418E-01 
 0.2716667      0.8295299E-01 
 0.2750000      0.2398117E-01 
 0.2783333     -0.5183948E-01 
 0.2816667      0.4297398E-01 
 0.2850000      0.6123827E-01 
 0.2883334     -0.1337551E-01 
 0.2916667     -0.9997940E-02 
 0.2950000      0.5027042E-01 
 0.2983333      0.2740316E-01 
 0.3016666     -0.3602639E-02 
 0.3050000     -0.5567288E-01 
 0.3083333      0.4594800E-01 
 0.3116666      0.1226056E-01 
 0.3150000     -0.4785513E-01 
 0.3183333     -0.8958999E-02 
 0.3216667     -0.1601419E-01 
 0.3250000     -0.6342027E-01 
 0.3283333     -0.1621083E-01 
 0.3316666     -0.4729049E-01 
