# SumMovie FRC for input stack : stack1_ub_stacked_1500.mrc
# Number of micrographs: 1
# Number of frames per movie: 50
# Pixel size (A): 1.5000
# 1/(A)          FRC
# -----------------------
# 
# Micrograph 1 of 1. Score: .600
 0.1666667E-02   1.000000     
 0.4999999E-02  0.9888203     
 0.8333332E-02  0.8643532     
 0.1166667E-01  0.9164111     
 0.1500000E-01  0.9191838     
 0.1833333E-01  0.8156876     
 0.2166667E-01  0.7538816     
 0.2500000E-01  0.8399727     
 0.2833333E-01  0.8459140     
 0.3166667E-01  0.5917539     
 0.3500000E-01  0.7215014     
 0.3833333E-01  0.5286148     
 0.4166667E-01  0.5659508     
 0.4500000E-01  0.3690234     
 0.4833333E-01  0.1877161     
 0.5166666E-01  0.2158672E-01 
 0.5499999E-01  0.2920053     
 0.5833333E-01  0.2806537     
 0.6166667E-01  0.2785283     
 0.6500000E-01  0.2510678     
 0.6833333E-01  0.4933630E-01 
 0.7166667E-01  0.5561422E-01 
 0.7500000E-01  0.1604149     
 0.7833334E-01  0.1496523     
 0.8166667E-01  0.1966264     
 0.8499999E-01  0.1655941     
 0.8833332E-01  0.9409823E-01 
 0.9166665E-01  0.1174815     
 0.9500000E-01  0.1759778     
 0.9833331E-01  0.7633369E-01 
 0.1016667      0.1547305E-01 
 0.1050000      0.8772897E-01 
 0.1083333      0.6403289E-01 
 0.1116667     -0.4315328E-01 
 0.1150000      0.9771707E-02 
 0.1183333     -0.2136507E-01 
 0.1216667      0.5541760E-01 
 0.1250000      0.9626129E-01 
 0.1283333      0.4587764E-01 
 0.1316667      0.3919706E-01 
 0.1350000      0.4832931E-01 
 0.1383333      0.1279349     
 0.1416667     -0.4967622E-01 
 0.1450000     -0.2780512E-01 
 0.1483333      0.3753760E-01 
 0.1516667      0.1958277     
 0.1550000     -0.8729145E-03 
 0.1583333     -0.1546321E-01 
 0.1616667      0.3711951E-01 
 0.1650000      0.3145605E-01 
 0.1683333     -0.2364160E-02 
 0.1716667      0.1240907E-01 
 0.1750000     -0.5687053E-01 
 0.1783333      0.2444554E-01 
 0.1816667      0.2211647E-01 
 0.1850000      0.5603582E-01 
 0.1883333      0.4288873E-01 
 0.1916667     -0.7804506E-02 
 0.1950000     -0.2979360E-01 
 0.1983333     -0.3516272E-01 
 0.2016667     -0.9321956E-01 
 0.2050000      0.2772059E-01 
 0.2083333      0.2293599E-01 
 0.2116666      0.5621819E-02 
 0.2150000      0.1028037     
 0.2183333      0.5766302E-01 
 0.2216667      0.4947639E-02 
 0.2250000      0.9808051E-01 
 0.2283333      0.7401823E-01 
 0.2316667      0.3726126E-01 
 0.2350000      0.5673711E-02 
 0.2383333      0.6925724E-01 
 0.2416667      0.1316374E-01 
 0.2450000      0.3695721E-03 
 0.2483333     -0.5734404E-01 
 0.2516667     -0.2419162E-02 
 0.2550000      0.3406900E-01 
 0.2583333      0.5426158E-01 
 0.2616667      0.1016381     
 0.2650000     -0.1371010E-01 
 0.2683333     -0.1714410E-01 
 0.2716667     -0.4683710E-01 
 0.2750000      0.2342471E-01 
 0.2783333      0.5409973E-01 
 0.2816667      0.4950139E-01 
 0.2850000      0.5412793E-01 
 0.2883334     -0.6271035E-01 
 0.2916667      0.5427222E-03 
 0.2950000     -0.1438075E-01 
 0.2983333      0.3052170E-02 
 0.3016666      0.3632414E-02 
 0.3050000     -0.1401893E-01 
 0.3083333      0.1506131E-01 
 0.3116666      0.2819913E-01 
 0.3150000     -0.2514235E-01 
 0.3183333      0.1205296E-01 
 0.3216667     -0.1731358E-01 
 0.3250000      0.1971136E-02 
 0.3283333      0.8084869E-01 
 0.3316666     -0.9714817E-01 
