1 0 0 1 -20.518367666666666 -12.262308666666668
1 0 0 1 -13.194072666666665 -2.804228
1 0 0 1 -8.723247666666667 -0.9921329999999999
1 0 0 1 -7.103900333333333 -1.4556353333333334
1 0 0 1 -7.055006666666666 -1.7624966666666666
1 0 0 1 -6.882377000000001 -1.8256690000000002
1 0 0 1 -6.677999333333333 -1.9840043333333333
1 0 0 1 -6.420670333333334 -1.458238
1 0 0 1 -5.8576836666666665 -0.7071573333333333
1 0 0 1 -4.89185 -0.49364566666666665
1 0 0 1 -3.8488546666666665 -0.9654993333333333
1 0 0 1 -2.54764 -0.5607286666666667
1 0 0 1 -1.896641 -0.02162
1 0 0 1 -1.5536933333333334 0.07882466666666667
1 0 0 1 -1.4533433333333334 -0.073563
1 0 0 1 -0.82875 0.6982010000000001
1 0 0 1 -0.5166773333333333 0.999327
1 0 0 1 -0.2577136666666667 0.787856
1 0 0 1 -0.20242800000000002 0.417811
1 0 0 1 0.05983233333333333 0.772266
1 0 0 1 0.4092746666666667 1.1126383333333334
1 0 0 1 0.4229576666666666 1.1208323333333332
1 0 0 1 0.5753659999999999 0.6187303333333333
1 0 0 1 0.146905 0.05842933333333333
1 0 0 1 0.055499 -0.026708
1 0 0 1 0.0 0.0
1 0 0 1 0.071168 0.101928
1 0 0 1 -0.05583266666666667 -0.135755
1 0 0 1 0.7958216666666668 0.05270933333333333
1 0 0 1 1.4938103333333332 0.44751
1 0 0 1 1.5963233333333333 0.8795666666666667
1 0 0 1 1.197243 0.6576926666666667
1 0 0 1 1.087105 0.40575266666666665
1 0 0 1 0.8704556666666666 0.26265166666666667
1 0 0 1 1.0625036666666667 0.543675
1 0 0 1 1.165715 0.47435166666666667
1 0 0 1 0.6993796666666667 0.7998953333333333
1 0 0 1 0.9695973333333333 0.6827823333333334
1 0 0 1 1.129411 1.1034773333333334
1 0 0 1 1.4107723333333333 0.178894
1 0 0 1 1.4392313333333335 -0.48638166666666666
1 0 0 1 1.524208 -0.5737063333333333
1 0 0 1 1.6659133333333334 0.767149
1 0 0 1 2.1157566666666665 0.6126203333333333
1 0 0 1 2.6794123333333335 0.3111103333333333
1 0 0 1 2.346891333333333 0.840523
1 0 0 1 2.0026266666666666 1.3933883333333332
1 0 0 1 1.6268563333333335 1.5718903333333334
1 0 0 1 1.2671313333333334 1.8916053333333334
1 0 0 1 1.1009056666666666 1.695466
