# SumMovie FRC for input stack : stack1.mrc
# Number of micrographs: 1
# Number of frames per movie: 50
# Pixel size (A): 1.5000
# 1/(A)          FRC
# -----------------------
# 
# Micrograph 1 of 1. Score: .593
 0.1666667E-02   1.000000     
 0.4999999E-02  0.9774934     
 0.8333332E-02  0.8653381     
 0.1166667E-01  0.9178458     
 0.1500000E-01  0.9194448     
 0.1833333E-01  0.8273492     
 0.2166667E-01  0.7399559     
 0.2500000E-01  0.8354807     
 0.2833333E-01  0.8349055     
 0.3166667E-01  0.5831798     
 0.3500000E-01  0.7182946     
 0.3833333E-01  0.5162532     
 0.4166667E-01  0.5512504     
 0.4500000E-01  0.3614645     
 0.4833333E-01  0.1867283     
 0.5166666E-01 -0.8529108E-02 
 0.5499999E-01  0.2455724     
 0.5833333E-01  0.3232594     
 0.6166667E-01  0.2844649     
 0.6500000E-01  0.2927075     
 0.6833333E-01  0.6942032E-01 
 0.7166667E-01  0.7381444E-01 
 0.7500000E-01  0.2103240     
 0.7833334E-01  0.1360244     
 0.8166667E-01  0.2342373     
 0.8499999E-01  0.2002163     
 0.8833332E-01  0.9802926E-01 
 0.9166665E-01  0.1508746     
 0.9500000E-01  0.1858984     
 0.9833331E-01  0.1121625     
 0.1016667      0.4831834E-02 
 0.1050000      0.1046355     
 0.1083333      0.7391062E-01 
 0.1116667     -0.7032842E-01 
 0.1150000      0.4947362E-01 
 0.1183333     -0.1677675E-01 
 0.1216667      0.6809642E-01 
 0.1250000      0.1125030     
 0.1283333      0.6960873E-01 
 0.1316667      0.6595636E-01 
 0.1350000      0.3067999E-01 
 0.1383333      0.9492781E-01 
 0.1416667     -0.4432148E-01 
 0.1450000      0.4285963E-01 
 0.1483333      0.6200177E-01 
 0.1516667      0.1558067     
 0.1550000     -0.2005378E-01 
 0.1583333     -0.5898440E-01 
 0.1616667      0.3809380E-01 
 0.1650000      0.6212912E-03 
 0.1683333      0.4830229E-01 
 0.1716667      0.2946387E-01 
 0.1750000     -0.7222486E-01 
 0.1783333      0.6249704E-01 
 0.1816667      0.8816770E-01 
 0.1850000      0.2743816E-01 
 0.1883333      0.1829625E-01 
 0.1916667      0.1105633E-01 
 0.1950000      0.1821199E-01 
 0.1983333     -0.5079210E-01 
 0.2016667     -0.9175189E-01 
 0.2050000     -0.2113595E-01 
 0.2083333      0.6414232E-01 
 0.2116666     -0.3685448E-01 
 0.2150000      0.1057078     
 0.2183333      0.8406468E-01 
 0.2216667      0.6282068E-01 
 0.2250000      0.1128640     
 0.2283333      0.1148920     
 0.2316667      0.4577068E-01 
 0.2350000      0.2775382E-01 
 0.2383333      0.1120335     
 0.2416667      0.6764867E-01 
 0.2450000      0.7482238E-01 
 0.2483333     -0.5073912E-01 
 0.2516667      0.1986059E-01 
 0.2550000     -0.7107140E-01 
 0.2583333      0.5448836E-01 
 0.2616667     -0.3562586E-02 
 0.2650000      0.5785253E-01 
 0.2683333      0.8461595E-01 
 0.2716667     -0.1836374E-01 
 0.2750000     -0.4305572E-01 
 0.2783333      0.5947832E-01 
 0.2816667      0.1373235E-01 
 0.2850000      0.6073090E-01 
 0.2883334     -0.5886616E-02 
 0.2916667      0.2667810E-01 
 0.2950000      0.3146828E-01 
 0.2983333     -0.6584792E-02 
 0.3016666      0.1337109E-01 
 0.3050000      0.4713530E-02 
 0.3083333      0.5701876E-02 
 0.3116666     -0.6330433E-02 
 0.3150000     -0.7752199E-01 
 0.3183333     -0.5785721E-02 
 0.3216667      0.3199392E-01 
 0.3250000     -0.3061791E-01 
 0.3283333      0.3644809E-01 
 0.3316666     -0.2238145E-01 
