# SumMovie FRC for input stack : stack1_ub_stacked_500.mrc
# Number of micrographs: 1
# Number of frames per movie: 50
# Pixel size (A): 1.5000
# 1/(A)          FRC
# -----------------------
# 
# Micrograph 1 of 1. Score: .589
 0.1666667E-02   1.000000     
 0.4999999E-02  0.9880635     
 0.8333332E-02  0.8621503     
 0.1166667E-01  0.9181150     
 0.1500000E-01  0.9239716     
 0.1833333E-01  0.8125955     
 0.2166667E-01  0.7618682     
 0.2500000E-01  0.8346890     
 0.2833333E-01  0.8198022     
 0.3166667E-01  0.5862408     
 0.3500000E-01  0.7190568     
 0.3833333E-01  0.5097207     
 0.4166667E-01  0.5590965     
 0.4500000E-01  0.3027420     
 0.4833333E-01  0.2088910     
 0.5166666E-01 -0.8366707E-02 
 0.5499999E-01  0.2395415     
 0.5833333E-01  0.3335521     
 0.6166667E-01  0.2709176     
 0.6500000E-01  0.2906852     
 0.6833333E-01  0.4411534E-01 
 0.7166667E-01  0.1334615     
 0.7500000E-01  0.2264223     
 0.7833334E-01  0.1355539     
 0.8166667E-01  0.2691056     
 0.8499999E-01  0.2267561     
 0.8833332E-01  0.8560819E-01 
 0.9166665E-01  0.1150975     
 0.9500000E-01  0.2395383     
 0.9833331E-01  0.2178237     
 0.1016667      0.6924990E-01 
 0.1050000      0.1041020     
 0.1083333      0.1216793     
 0.1116667      0.1538625E-01 
 0.1150000      0.7584535E-01 
 0.1183333      0.1085648     
 0.1216667      0.1441725E-01 
 0.1250000      0.9485085E-01 
 0.1283333      0.7136596E-01 
 0.1316667      0.1252755     
 0.1350000      0.1280760     
 0.1383333      0.7409360E-01 
 0.1416667      0.4936986E-01 
 0.1450000      0.1250264     
 0.1483333      0.6014909E-01 
 0.1516667      0.1048177     
 0.1550000     -0.2792304E-01 
 0.1583333      0.8234651E-01 
 0.1616667      0.8732183E-01 
 0.1650000     -0.1715410E-01 
 0.1683333     -0.8083587E-02 
 0.1716667      0.5976512E-01 
 0.1750000     -0.9635496E-02 
 0.1783333      0.1207336     
 0.1816667     -0.4267444E-02 
 0.1850000      0.7932204E-01 
 0.1883333     -0.3960563E-02 
 0.1916667      0.1117826     
 0.1950000      0.5264316E-01 
 0.1983333     -0.6082572E-02 
 0.2016667     -0.1433614     
 0.2050000     -0.1760525E-01 
 0.2083333      0.7398474E-02 
 0.2116666     -0.1420586E-01 
 0.2150000      0.3075140E-01 
 0.2183333      0.6114191E-01 
 0.2216667      0.4780231E-01 
 0.2250000      0.8874551E-01 
 0.2283333      0.9149137E-01 
 0.2316667      0.3760771E-01 
 0.2350000      0.4399746E-01 
 0.2383333     -0.3917378E-02 
 0.2416667      0.9700888E-02 
 0.2450000     -0.1439763E-01 
 0.2483333     -0.4268710E-01 
 0.2516667      0.4280249E-01 
 0.2550000     -0.1293925E-01 
 0.2583333      0.5117697E-01 
 0.2616667      0.3280015E-01 
 0.2650000      0.6250380E-01 
 0.2683333      0.3394252E-01 
 0.2716667      0.2027064E-01 
 0.2750000      0.4445029E-01 
 0.2783333     -0.2494537E-01 
 0.2816667      0.3127544E-01 
 0.2850000      0.5720278E-01 
 0.2883334     -0.3172882E-01 
 0.2916667     -0.2955224E-01 
 0.2950000     -0.1378320E-01 
 0.2983333      0.2331621E-01 
 0.3016666      0.5969478E-01 
 0.3050000     -0.7907483E-02 
 0.3083333      0.3109971E-01 
 0.3116666      0.9587687E-02 
 0.3150000     -0.1762953E-01 
 0.3183333      0.7717292E-02 
 0.3216667      0.6179235E-01 
 0.3250000     -0.4751452E-01 
 0.3283333      0.1207475E-01 
 0.3316666      0.5779330E-01 
