# SumMovie FRC for input stack : stack1.mrc
# Number of micrographs: 1
# Number of frames per movie: 50
# Pixel size (A): 1.5000
# 1/(A)          FRC
# -----------------------
# 
# Micrograph 1 of 1. Score: .597
 0.1666667E-02   1.000000     
 0.4999999E-02  0.9773050     
 0.8333332E-02  0.8618720     
 0.1166667E-01  0.9259754     
 0.1500000E-01  0.9222681     
 0.1833333E-01  0.8284900     
 0.2166667E-01  0.7658132     
 0.2500000E-01  0.8307915     
 0.2833333E-01  0.8215490     
 0.3166667E-01  0.5497954     
 0.3500000E-01  0.7459636     
 0.3833333E-01  0.5152130     
 0.4166667E-01  0.5683961     
 0.4500000E-01  0.3431697     
 0.4833333E-01  0.2151218     
 0.5166666E-01 -0.2257831E-01 
 0.5499999E-01  0.2221967     
 0.5833333E-01  0.3222527     
 0.6166667E-01  0.2462515     
 0.6500000E-01  0.3214836     
 0.6833333E-01  0.4800565E-01 
 0.7166667E-01  0.9406203E-01 
 0.7500000E-01  0.2851945     
 0.7833334E-01  0.1018193     
 0.8166667E-01  0.2758125     
 0.8499999E-01  0.2218858     
 0.8833332E-01  0.7658483E-01 
 0.9166665E-01  0.6625970E-01 
 0.9500000E-01  0.2026972     
 0.9833331E-01  0.1471523     
 0.1016667     -0.6816951E-02 
 0.1050000      0.1366262     
 0.1083333      0.1260290     
 0.1116667     -0.4891896E-01 
 0.1150000      0.1006780     
 0.1183333      0.6195523E-01 
 0.1216667      0.6441439E-01 
 0.1250000      0.1000716     
 0.1283333      0.1253251     
 0.1316667      0.1012476     
 0.1350000      0.8307938E-01 
 0.1383333      0.3537573E-01 
 0.1416667      0.1884370E-01 
 0.1450000      0.5994907E-01 
 0.1483333      0.1851851E-01 
 0.1516667      0.1210995     
 0.1550000     -0.2953178E-02 
 0.1583333      0.4844811E-02 
 0.1616667      0.4777274E-01 
 0.1650000      0.8239449E-03 
 0.1683333      0.2938893E-01 
 0.1716667      0.4254495E-01 
 0.1750000     -0.1688112E-02 
 0.1783333      0.9119134E-01 
 0.1816667      0.6106443E-01 
 0.1850000      0.4863510E-01 
 0.1883333      0.1896391E-02 
 0.1916667      0.5125956E-01 
 0.1950000      0.3731919E-02 
 0.1983333     -0.3025424E-02 
 0.2016667     -0.1422381     
 0.2050000     -0.5368357E-02 
 0.2083333     -0.2369077E-01 
 0.2116666     -0.5103705E-01 
 0.2150000      0.3775541E-01 
 0.2183333      0.2545471E-01 
 0.2216667      0.2290023E-01 
 0.2250000      0.1244835     
 0.2283333      0.9516995E-01 
 0.2316667     -0.1561479E-01 
 0.2350000      0.7693247E-02 
 0.2383333      0.4366708E-01 
 0.2416667      0.6848572E-01 
 0.2450000      0.1806609E-01 
 0.2483333      0.5043366E-03 
 0.2516667      0.1125647E-01 
 0.2550000      0.5086705E-02 
 0.2583333      0.3258506E-01 
 0.2616667      0.3232944E-01 
 0.2650000      0.6214796E-01 
 0.2683333      0.3034526E-01 
 0.2716667      0.5288792E-01 
 0.2750000      0.7365019E-01 
 0.2783333      0.2285304E-01 
 0.2816667      0.4469622E-01 
 0.2850000      0.2949399E-01 
 0.2883334      0.5577370E-02 
 0.2916667     -0.5796130E-01 
 0.2950000     -0.5570717E-01 
 0.2983333      0.7613283E-01 
 0.3016666      0.1262084E-01 
 0.3050000     -0.2502604E-01 
 0.3083333     -0.1130544E-01 
 0.3116666     -0.3837365E-01 
 0.3150000      0.2953703E-01 
 0.3183333     -0.2593210E-01 
 0.3216667      0.9177584E-01 
 0.3250000     -0.1048311E-01 
 0.3283333      0.4229708E-01 
 0.3316666     -0.1098862E-01 
