1 0 0 1 -20.584896 -12.245255666666667
1 0 0 1 -12.357263000000001 -2.3152033333333333
1 0 0 1 -8.115613999999999 -0.6266833333333334
1 0 0 1 -6.739002333333333 -1.221885
1 0 0 1 -6.817719666666666 -1.4401666666666666
1 0 0 1 -6.616564333333333 -1.411104
1 0 0 1 -6.3367569999999995 -1.5466256666666667
1 0 0 1 -6.050225666666667 -1.276078
1 0 0 1 -5.993241666666666 -0.6657983333333334
1 0 0 1 -4.972986333333333 -0.416364
1 0 0 1 -3.623688 -0.8906346666666667
1 0 0 1 -2.0084416666666667 -0.7271903333333333
1 0 0 1 -1.472969 -0.23052566666666666
1 0 0 1 -1.0734816666666667 0.06329633333333333
1 0 0 1 -0.9947623333333334 -0.07004466666666666
1 0 0 1 -0.2669146666666667 0.726217
1 0 0 1 -0.043827 0.9987413333333334
1 0 0 1 0.11095533333333334 0.8850333333333333
1 0 0 1 0.016332333333333334 0.055779666666666665
1 0 0 1 0.30031599999999997 0.48202833333333334
1 0 0 1 0.6435276666666666 0.8213086666666666
1 0 0 1 0.6577636666666666 0.9912286666666666
1 0 0 1 0.6455529999999999 0.2843193333333333
1 0 0 1 0.18138066666666666 -0.158436
1 0 0 1 0.050693999999999996 -0.29030933333333336
1 0 0 1 0.0 0.0
1 0 0 1 0.19259666666666667 0.23828266666666667
1 0 0 1 0.30818533333333337 -0.010577333333333334
1 0 0 1 1.079022 -0.060167
1 0 0 1 1.7518273333333332 0.246928
1 0 0 1 1.2554916666666667 0.32792166666666667
1 0 0 1 0.621467 0.25141566666666665
1 0 0 1 0.622281 0.23868033333333336
1 0 0 1 1.3170823333333332 0.3416963333333333
1 0 0 1 1.4702766666666667 0.38571833333333333
1 0 0 1 1.4950683333333332 0.349933
1 0 0 1 1.1540063333333335 0.44916533333333336
1 0 0 1 1.3387883333333335 0.534351
1 0 0 1 1.3624150000000002 0.7227213333333333
1 0 0 1 1.477364 -0.13839933333333335
1 0 0 1 1.6990143333333334 -0.45803499999999997
1 0 0 1 1.5517050000000001 -0.14526466666666668
1 0 0 1 1.7510620000000001 0.6316453333333333
1 0 0 1 2.2827653333333333 -0.07330133333333333
1 0 0 1 2.7898153333333333 -0.18729766666666667
1 0 0 1 2.738602666666667 0.9462363333333333
1 0 0 1 2.350538 1.9007006666666666
1 0 0 1 2.1535013333333333 0.9418676666666667
1 0 0 1 1.8376566666666667 -0.2747983333333333
1 0 0 1 0.6424839999999999 1.3516006666666665
