# SumMovie FRC for input stack : stack1_ub_stacked_1500.mrc
# Number of micrographs: 1
# Number of frames per movie: 50
# Pixel size (A): 1.5000
# 1/(A)          FRC
# -----------------------
# 
# Micrograph 1 of 1. Score: .600
 0.1666667E-02   1.000000     
 0.4999999E-02  0.9889302     
 0.8333332E-02  0.8642208     
 0.1166667E-01  0.9162707     
 0.1500000E-01  0.9192251     
 0.1833333E-01  0.8163118     
 0.2166667E-01  0.7529801     
 0.2500000E-01  0.8398229     
 0.2833333E-01  0.8450375     
 0.3166667E-01  0.5918014     
 0.3500000E-01  0.7241473     
 0.3833333E-01  0.5278091     
 0.4166667E-01  0.5677330     
 0.4500000E-01  0.3658693     
 0.4833333E-01  0.1892742     
 0.5166666E-01  0.1801970E-01 
 0.5499999E-01  0.2926477     
 0.5833333E-01  0.2850068     
 0.6166667E-01  0.2815979     
 0.6500000E-01  0.2475921     
 0.6833333E-01  0.4602078E-01 
 0.7166667E-01  0.6305367E-01 
 0.7500000E-01  0.1663119     
 0.7833334E-01  0.1555355     
 0.8166667E-01  0.2042447     
 0.8499999E-01  0.1695851     
 0.8833332E-01  0.9699193E-01 
 0.9166665E-01  0.1145571     
 0.9500000E-01  0.1827987     
 0.9833331E-01  0.8733606E-01 
 0.1016667      0.1627319E-01 
 0.1050000      0.8130328E-01 
 0.1083333      0.5780156E-01 
 0.1116667     -0.4148287E-01 
 0.1150000      0.1027740E-01 
 0.1183333     -0.2211214E-01 
 0.1216667      0.4353844E-01 
 0.1250000      0.9818172E-01 
 0.1283333      0.4362611E-01 
 0.1316667      0.4996779E-01 
 0.1350000      0.3992760E-01 
 0.1383333      0.1270869     
 0.1416667     -0.4290752E-01 
 0.1450000     -0.2705418E-01 
 0.1483333      0.4029790E-01 
 0.1516667      0.1846672     
 0.1550000     -0.5780349E-02 
 0.1583333     -0.2140651E-01 
 0.1616667      0.4543901E-01 
 0.1650000      0.2774904E-01 
 0.1683333     -0.7097313E-02 
 0.1716667      0.1400646E-01 
 0.1750000     -0.4919677E-01 
 0.1783333      0.2485663E-01 
 0.1816667      0.3536736E-01 
 0.1850000      0.6149632E-01 
 0.1883333      0.4243600E-01 
 0.1916667      0.8288047E-02 
 0.1950000     -0.2009828E-01 
 0.1983333     -0.4120659E-01 
 0.2016667     -0.1095780     
 0.2050000      0.4087052E-01 
 0.2083333      0.2600948E-01 
 0.2116666     -0.1578504E-02 
 0.2150000      0.9938364E-01 
 0.2183333      0.6850917E-01 
 0.2216667     -0.6882084E-03 
 0.2250000      0.1035024     
 0.2283333      0.6607572E-01 
 0.2316667      0.1851515E-01 
 0.2350000      0.1424061E-01 
 0.2383333      0.8036787E-01 
 0.2416667      0.9245989E-02 
 0.2450000      0.6733933E-02 
 0.2483333     -0.3832149E-01 
 0.2516667      0.1491246E-01 
 0.2550000      0.2238601E-01 
 0.2583333      0.5850628E-01 
 0.2616667      0.1083949     
 0.2650000     -0.7748472E-02 
 0.2683333     -0.5765199E-02 
 0.2716667     -0.5714151E-01 
 0.2750000      0.2496364E-01 
 0.2783333      0.6805408E-01 
 0.2816667      0.5347792E-01 
 0.2850000      0.5453922E-01 
 0.2883334     -0.5458424E-01 
 0.2916667      0.1296094E-01 
 0.2950000     -0.3921175E-01 
 0.2983333      0.9105044E-02 
 0.3016666     -0.2150338E-02 
 0.3050000     -0.6647956E-02 
 0.3083333      0.3106531E-01 
 0.3116666      0.4926637E-01 
 0.3150000     -0.3522423E-01 
 0.3183333     -0.6488224E-02 
 0.3216667     -0.1513468E-01 
 0.3250000      0.5908304E-02 
 0.3283333      0.7867762E-01 
 0.3316666     -0.8015611E-01 
