# SumMovie FRC for input stack : stack1_ub_stacked_1500.mrc
# Number of micrographs: 1
# Number of frames per movie: 50
# Pixel size (A): 1.5000
# 1/(A)          FRC
# -----------------------
# 
# Micrograph 1 of 1. Score: .599
 0.1666667E-02   1.000000     
 0.4999999E-02  0.9889754     
 0.8333332E-02  0.8649899     
 0.1166667E-01  0.9162387     
 0.1500000E-01  0.9185420     
 0.1833333E-01  0.8200287     
 0.2166667E-01  0.7519155     
 0.2500000E-01  0.8390062     
 0.2833333E-01  0.8435950     
 0.3166667E-01  0.5858435     
 0.3500000E-01  0.7156684     
 0.3833333E-01  0.5157997     
 0.4166667E-01  0.5583707     
 0.4500000E-01  0.3705352     
 0.4833333E-01  0.2037142     
 0.5166666E-01 -0.6742450E-02 
 0.5499999E-01  0.2922791     
 0.5833333E-01  0.2814791     
 0.6166667E-01  0.2613528     
 0.6500000E-01  0.2593192     
 0.6833333E-01  0.2547042E-01 
 0.7166667E-01  0.6557451E-01 
 0.7500000E-01  0.1595985     
 0.7833334E-01  0.1475324     
 0.8166667E-01  0.2226407     
 0.8499999E-01  0.1723396     
 0.8833332E-01  0.7846224E-01 
 0.9166665E-01  0.1546250     
 0.9500000E-01  0.1682464     
 0.9833331E-01  0.8231005E-01 
 0.1016667      0.2937415E-01 
 0.1050000      0.1205719     
 0.1083333      0.7935154E-01 
 0.1116667     -0.2872994E-01 
 0.1150000      0.2593074E-01 
 0.1183333     -0.1917122E-02 
 0.1216667      0.6166575E-01 
 0.1250000      0.9594125E-01 
 0.1283333      0.3928196E-01 
 0.1316667      0.2484495E-01 
 0.1350000      0.9802874E-01 
 0.1383333      0.1362575     
 0.1416667     -0.4421809E-01 
 0.1450000     -0.4514887E-01 
 0.1483333      0.3166476E-01 
 0.1516667      0.2099411     
 0.1550000     -0.3306441E-01 
 0.1583333     -0.2484586E-01 
 0.1616667      0.1021651E-01 
 0.1650000     -0.4924573E-02 
 0.1683333      0.1402005E-02 
 0.1716667      0.6818279E-02 
 0.1750000     -0.5942555E-01 
 0.1783333      0.1581986E-01 
 0.1816667      0.3519731E-01 
 0.1850000      0.8920512E-01 
 0.1883333      0.1155964E-01 
 0.1916667     -0.1419812E-01 
 0.1950000     -0.4717069E-01 
 0.1983333     -0.6092023E-01 
 0.2016667     -0.1061692     
 0.2050000      0.3681375E-01 
 0.2083333      0.5469014E-01 
 0.2116666      0.2496672E-01 
 0.2150000      0.9189390E-01 
 0.2183333      0.1000489     
 0.2216667     -0.2338835E-01 
 0.2250000      0.8994656E-01 
 0.2283333      0.1075876     
 0.2316667     -0.1758347E-01 
 0.2350000      0.1498070E-01 
 0.2383333      0.7539128E-01 
 0.2416667     -0.5011681E-02 
 0.2450000      0.2158893E-01 
 0.2483333     -0.7488910E-01 
 0.2516667     -0.2070350E-02 
 0.2550000      0.2625191E-01 
 0.2583333      0.1545517E-01 
 0.2616667      0.6110459E-01 
 0.2650000      0.1184684E-01 
 0.2683333     -0.6507120E-04 
 0.2716667     -0.5994527E-01 
 0.2750000      0.6280880E-01 
 0.2783333      0.6559706E-01 
 0.2816667      0.7051355E-01 
 0.2850000      0.1514708E-01 
 0.2883334     -0.1919977E-01 
 0.2916667      0.4907387E-01 
 0.2950000      0.4568941E-02 
 0.2983333      0.4463881E-01 
 0.3016666     -0.2535883E-02 
 0.3050000      0.8809767E-02 
 0.3083333      0.3870860E-01 
 0.3116666      0.3419732E-01 
 0.3150000     -0.6157968E-01 
 0.3183333     -0.1906094E-01 
 0.3216667      0.1455776E-01 
 0.3250000      0.4774788E-01 
 0.3283333      0.8993682E-01 
 0.3316666     -0.5263286E-01 
