# SumMovie FRC for input stack : stack1.mrc
# Number of micrographs: 1
# Number of frames per movie: 50
# Pixel size (A): 1.5000
# 1/(A)          FRC
# -----------------------
# 
# Micrograph 1 of 1. Score: .597
 0.1666667E-02   1.000000     
 0.4999999E-02  0.9777087     
 0.8333332E-02  0.8661116     
 0.1166667E-01  0.9155964     
 0.1500000E-01  0.9186079     
 0.1833333E-01  0.8274051     
 0.2166667E-01  0.7403945     
 0.2500000E-01  0.8340077     
 0.2833333E-01  0.8387436     
 0.3166667E-01  0.5859777     
 0.3500000E-01  0.7203392     
 0.3833333E-01  0.5290807     
 0.4166667E-01  0.5576027     
 0.4500000E-01  0.3594177     
 0.4833333E-01  0.1938031     
 0.5166666E-01  0.1680951E-01 
 0.5499999E-01  0.2662188     
 0.5833333E-01  0.2727460     
 0.6166667E-01  0.2588425     
 0.6500000E-01  0.2738666     
 0.6833333E-01  0.5775486E-01 
 0.7166667E-01  0.3754843E-01 
 0.7500000E-01  0.1534438     
 0.7833334E-01  0.1469950     
 0.8166667E-01  0.1958624     
 0.8499999E-01  0.1690780     
 0.8833332E-01  0.8177870E-01 
 0.9166665E-01  0.1252306     
 0.9500000E-01  0.1655418     
 0.9833331E-01  0.4831509E-01 
 0.1016667      0.2738444E-02 
 0.1050000      0.8665120E-01 
 0.1083333      0.4804498E-01 
 0.1116667     -0.5835671E-01 
 0.1150000      0.1627453E-01 
 0.1183333     -0.9636736E-02 
 0.1216667      0.8675490E-01 
 0.1250000      0.1407254     
 0.1283333      0.2916463E-01 
 0.1316667      0.6043397E-02 
 0.1350000      0.3829772E-01 
 0.1383333      0.1082623     
 0.1416667     -0.5788912E-01 
 0.1450000     -0.1326275E-01 
 0.1483333      0.6386458E-01 
 0.1516667      0.1717107     
 0.1550000     -0.1506239E-01 
 0.1583333     -0.6112117E-01 
 0.1616667      0.4530266E-01 
 0.1650000     -0.6249061E-03 
 0.1683333     -0.1658421E-01 
 0.1716667     -0.1754116E-01 
 0.1750000     -0.7140797E-01 
 0.1783333      0.3078621E-01 
 0.1816667      0.4932001E-01 
 0.1850000      0.3481591E-01 
 0.1883333      0.4315646E-01 
 0.1916667     -0.3056716E-01 
 0.1950000     -0.4430113E-01 
 0.1983333     -0.2150241E-01 
 0.2016667     -0.9311084E-01 
 0.2050000      0.4908160E-01 
 0.2083333      0.3744397E-01 
 0.2116666     -0.2436520E-01 
 0.2150000      0.1076300     
 0.2183333      0.8945012E-01 
 0.2216667      0.2385543E-01 
 0.2250000      0.1119732     
 0.2283333      0.1054790     
 0.2316667     -0.1639442E-01 
 0.2350000     -0.2265426E-01 
 0.2383333      0.4883797E-01 
 0.2416667      0.8018061E-03 
 0.2450000     -0.1393680E-01 
 0.2483333     -0.7666671E-01 
 0.2516667     -0.8333578E-02 
 0.2550000     -0.2799619E-01 
 0.2583333      0.9097843E-01 
 0.2616667      0.7560202E-01 
 0.2650000     -0.2090561E-01 
 0.2683333      0.3189732E-01 
 0.2716667     -0.1055982     
 0.2750000      0.1392468E-01 
 0.2783333      0.8057940E-01 
 0.2816667     -0.2714851E-01 
 0.2850000      0.7653497E-01 
 0.2883334     -0.1814327E-01 
 0.2916667      0.1063108E-01 
 0.2950000      0.1326066E-01 
 0.2983333     -0.1700069E-01 
 0.3016666     -0.1758615E-01 
 0.3050000      0.1490075E-01 
 0.3083333     -0.1465275E-01 
 0.3116666      0.5493199E-01 
 0.3150000     -0.7940626E-01 
 0.3183333      0.1860221E-01 
 0.3216667      0.7360923E-02 
 0.3250000     -0.2528827E-02 
 0.3283333      0.9102073E-01 
 0.3316666     -0.2517728E-01 
