# SumMovie FRC for input stack : stack1_ub_stacked_500.mrc
# Number of micrographs: 1
# Number of frames per movie: 50
# Pixel size (A): 1.5000
# 1/(A)          FRC
# -----------------------
# 
# Micrograph 1 of 1. Score: .588
 0.1666667E-02   1.000000     
 0.4999999E-02  0.9877434     
 0.8333332E-02  0.8627728     
 0.1166667E-01  0.9198425     
 0.1500000E-01  0.9223155     
 0.1833333E-01  0.8159013     
 0.2166667E-01  0.7620701     
 0.2500000E-01  0.8340482     
 0.2833333E-01  0.8166404     
 0.3166667E-01  0.5861788     
 0.3500000E-01  0.7153558     
 0.3833333E-01  0.5019867     
 0.4166667E-01  0.5447249     
 0.4500000E-01  0.3075770     
 0.4833333E-01  0.2162411     
 0.5166666E-01 -0.1750088E-01 
 0.5499999E-01  0.2386145     
 0.5833333E-01  0.3145151     
 0.6166667E-01  0.2845734     
 0.6500000E-01  0.2919083     
 0.6833333E-01  0.3870334E-01 
 0.7166667E-01  0.1297898     
 0.7500000E-01  0.2078518     
 0.7833334E-01  0.1222842     
 0.8166667E-01  0.2474213     
 0.8499999E-01  0.2317123     
 0.8833332E-01  0.9782508E-01 
 0.9166665E-01  0.8711707E-01 
 0.9500000E-01  0.2177644     
 0.9833331E-01  0.2407978     
 0.1016667      0.8630632E-01 
 0.1050000      0.1633449     
 0.1083333      0.1356280     
 0.1116667      0.1367097E-01 
 0.1150000      0.8877604E-01 
 0.1183333      0.1578093     
 0.1216667      0.9058734E-02 
 0.1250000      0.1105368     
 0.1283333      0.9157608E-01 
 0.1316667      0.1058786     
 0.1350000      0.1923634     
 0.1383333      0.6323478E-01 
 0.1416667      0.6845025E-01 
 0.1450000      0.1264845     
 0.1483333      0.4851729E-01 
 0.1516667      0.8746810E-01 
 0.1550000     -0.3109809E-01 
 0.1583333      0.5868650E-01 
 0.1616667      0.7744606E-01 
 0.1650000     -0.4127629E-01 
 0.1683333      0.5472093E-01 
 0.1716667      0.6385884E-01 
 0.1750000     -0.3632203E-01 
 0.1783333      0.8125369E-01 
 0.1816667     -0.7043140E-03 
 0.1850000      0.7542595E-01 
 0.1883333      0.2845182E-01 
 0.1916667      0.8566119E-01 
 0.1950000      0.8290721E-01 
 0.1983333      0.1881966E-01 
 0.2016667     -0.8307067E-01 
 0.2050000     -0.3899495E-01 
 0.2083333      0.1472398E-01 
 0.2116666     -0.2949440E-01 
 0.2150000      0.5572960E-01 
 0.2183333      0.5892055E-01 
 0.2216667      0.2355467E-01 
 0.2250000      0.9386603E-01 
 0.2283333      0.8027479E-01 
 0.2316667      0.4607640E-01 
 0.2350000      0.5758752E-01 
 0.2383333      0.4243307E-01 
 0.2416667      0.3024783E-01 
 0.2450000     -0.4258859E-01 
 0.2483333     -0.7685765E-01 
 0.2516667      0.7160195E-01 
 0.2550000     -0.4323595E-02 
 0.2583333      0.5043975E-01 
 0.2616667     -0.1173093E-01 
 0.2650000      0.9451497E-01 
 0.2683333      0.2323716E-01 
 0.2716667      0.6359861E-01 
 0.2750000      0.2179719E-01 
 0.2783333     -0.2687368E-01 
 0.2816667      0.5437148E-01 
 0.2850000      0.9063927E-01 
 0.2883334     -0.1532166E-01 
 0.2916667     -0.4844533E-01 
 0.2950000      0.4369619E-01 
 0.2983333     -0.9294300E-03 
 0.3016666      0.2008161E-01 
 0.3050000     -0.3460376E-01 
 0.3083333      0.2072055E-01 
 0.3116666      0.4490957E-02 
 0.3150000     -0.6531473E-01 
 0.3183333     -0.2284208E-01 
 0.3216667      0.1764725E-01 
 0.3250000     -0.1181668E-01 
 0.3283333      0.1253241E-01 
 0.3316666      0.7446528E-02 
