# SumMovie FRC for input stack : stack1.mrc
# Number of micrographs: 1
# Number of frames per movie: 50
# Pixel size (A): 1.5000
# 1/(A)          FRC
# -----------------------
# 
# Micrograph 1 of 1. Score: .588
 0.1666667E-02   1.000000     
 0.4999999E-02  0.9779692     
 0.8333332E-02  0.8648986     
 0.1166667E-01  0.9172667     
 0.1500000E-01  0.9179358     
 0.1833333E-01  0.8273473     
 0.2166667E-01  0.7365848     
 0.2500000E-01  0.8310487     
 0.2833333E-01  0.8248976     
 0.3166667E-01  0.5877595     
 0.3500000E-01  0.7196928     
 0.3833333E-01  0.5019974     
 0.4166667E-01  0.5421433     
 0.4500000E-01  0.3430311     
 0.4833333E-01  0.1885479     
 0.5166666E-01 -0.7727753E-02 
 0.5499999E-01  0.2234935     
 0.5833333E-01  0.3619720     
 0.6166667E-01  0.2858245     
 0.6500000E-01  0.3018695     
 0.6833333E-01  0.7777614E-01 
 0.7166667E-01  0.1147647     
 0.7500000E-01  0.2476968     
 0.7833334E-01  0.1287569     
 0.8166667E-01  0.2604392     
 0.8499999E-01  0.2220991     
 0.8833332E-01  0.7279769E-01 
 0.9166665E-01  0.1427992     
 0.9500000E-01  0.2306930     
 0.9833331E-01  0.1962543     
 0.1016667      0.6095829E-01 
 0.1050000      0.8812622E-01 
 0.1083333      0.8252306E-01 
 0.1116667     -0.1681137E-01 
 0.1150000      0.6306036E-01 
 0.1183333      0.6683046E-01 
 0.1216667      0.4370229E-01 
 0.1250000      0.1229740     
 0.1283333      0.8756250E-01 
 0.1316667      0.1825998     
 0.1350000      0.6554854E-01 
 0.1383333      0.8654997E-01 
 0.1416667      0.1317645E-01 
 0.1450000      0.1015242     
 0.1483333      0.8778830E-01 
 0.1516667      0.1558706     
 0.1550000     -0.7038346E-02 
 0.1583333      0.5684625E-01 
 0.1616667      0.1051332     
 0.1650000     -0.1432685E-01 
 0.1683333      0.6112823E-01 
 0.1716667      0.4375198E-01 
 0.1750000     -0.6378111E-01 
 0.1783333      0.1371011     
 0.1816667      0.8380265E-01 
 0.1850000      0.5901640E-01 
 0.1883333      0.2449138E-01 
 0.1916667      0.1072070     
 0.1950000      0.5662254E-01 
 0.1983333     -0.4859357E-02 
 0.2016667     -0.1488447     
 0.2050000     -0.2203091E-01 
 0.2083333      0.1655719E-01 
 0.2116666     -0.2066004E-01 
 0.2150000      0.2338917E-01 
 0.2183333      0.4316712E-01 
 0.2216667      0.3170032E-01 
 0.2250000      0.6311356E-01 
 0.2283333      0.6664402E-01 
 0.2316667      0.6121548E-01 
 0.2350000      0.6476589E-01 
 0.2383333      0.7756751E-01 
 0.2416667      0.2660909E-01 
 0.2450000      0.5201867E-01 
 0.2483333     -0.5593815E-01 
 0.2516667      0.3364691E-01 
 0.2550000     -0.2275220E-01 
 0.2583333      0.5994902E-01 
 0.2616667     -0.1448558E-01 
 0.2650000      0.5633014E-01 
 0.2683333      0.9027959E-01 
 0.2716667      0.4206430E-01 
 0.2750000      0.9719782E-02 
 0.2783333      0.2467288E-01 
 0.2816667      0.5578657E-01 
 0.2850000      0.3845241E-01 
 0.2883334     -0.3027920E-01 
 0.2916667     -0.2026838E-01 
 0.2950000      0.4542263E-01 
 0.2983333      0.5109137E-01 
 0.3016666      0.1476916E-01 
 0.3050000     -0.2577648E-02 
 0.3083333      0.1883254E-01 
 0.3116666      0.2881971E-01 
 0.3150000      0.2988413E-02 
 0.3183333     -0.6630375E-02 
 0.3216667      0.4298499E-01 
 0.3250000     -0.7352480E-02 
 0.3283333      0.3243099E-01 
 0.3316666      0.2412207E-04 
