# SumMovie FRC for input stack : stack1.mrc
# Number of micrographs: 1
# Number of frames per movie: 50
# Pixel size (A): 1.5000
# 1/(A)          FRC
# -----------------------
# 
# Micrograph 1 of 1. Score: .592
 0.1666667E-02   1.000000     
 0.4999999E-02  0.9769889     
 0.8333332E-02  0.8615723     
 0.1166667E-01  0.9278139     
 0.1500000E-01  0.9208472     
 0.1833333E-01  0.8263418     
 0.2166667E-01  0.7631206     
 0.2500000E-01  0.8302461     
 0.2833333E-01  0.8138436     
 0.3166667E-01  0.5562913     
 0.3500000E-01  0.7314627     
 0.3833333E-01  0.5068861     
 0.4166667E-01  0.5639144     
 0.4500000E-01  0.3247275     
 0.4833333E-01  0.2202369     
 0.5166666E-01 -0.2675965E-01 
 0.5499999E-01  0.2047969     
 0.5833333E-01  0.3426691     
 0.6166667E-01  0.2635457     
 0.6500000E-01  0.3045831     
 0.6833333E-01  0.5671000E-01 
 0.7166667E-01  0.9998379E-01 
 0.7500000E-01  0.2997585     
 0.7833334E-01  0.1073379     
 0.8166667E-01  0.2835187     
 0.8499999E-01  0.2195051     
 0.8833332E-01  0.7031699E-01 
 0.9166665E-01  0.8336215E-01 
 0.9500000E-01  0.2231416     
 0.9833331E-01  0.2053394     
 0.1016667      0.1695756E-01 
 0.1050000      0.1044216     
 0.1083333      0.1544687     
 0.1116667     -0.5018631E-01 
 0.1150000      0.1000915     
 0.1183333      0.9478175E-01 
 0.1216667      0.9011727E-01 
 0.1250000      0.1070836     
 0.1283333      0.1376515     
 0.1316667      0.1067158     
 0.1350000      0.1154970     
 0.1383333      0.5249045E-01 
 0.1416667      0.3041231E-01 
 0.1450000      0.6588171E-01 
 0.1483333      0.5968567E-01 
 0.1516667      0.1161901     
 0.1550000      0.2423575E-01 
 0.1583333      0.1893209E-01 
 0.1616667      0.1151041     
 0.1650000     -0.2649296E-01 
 0.1683333      0.5857382E-01 
 0.1716667      0.5913035E-01 
 0.1750000     -0.1691862E-01 
 0.1783333      0.1029992     
 0.1816667      0.6104410E-01 
 0.1850000      0.4481290E-01 
 0.1883333      0.1424310E-01 
 0.1916667      0.6105255E-01 
 0.1950000      0.7721535E-01 
 0.1983333      0.6938011E-01 
 0.2016667     -0.1169508     
 0.2050000     -0.1531165E-01 
 0.2083333     -0.6535026E-01 
 0.2116666     -0.4840556E-01 
 0.2150000      0.1479178E-01 
 0.2183333      0.4937605E-01 
 0.2216667      0.7086945E-01 
 0.2250000      0.7502550E-01 
 0.2283333      0.8565501E-01 
 0.2316667      0.3321553E-01 
 0.2350000      0.5270350E-02 
 0.2383333      0.3276351E-01 
 0.2416667      0.3157183E-01 
 0.2450000     -0.3170823E-02 
 0.2483333      0.5514868E-01 
 0.2516667      0.2955814E-01 
 0.2550000     -0.2467770E-01 
 0.2583333      0.7683741E-01 
 0.2616667     -0.3854574E-02 
 0.2650000      0.1174065     
 0.2683333     -0.7697374E-02 
 0.2716667      0.2270038E-01 
 0.2750000      0.1020346     
 0.2783333      0.2704135E-01 
 0.2816667      0.7811021E-01 
 0.2850000      0.3967805E-01 
 0.2883334      0.7290145E-02 
 0.2916667     -0.4521733E-02 
 0.2950000      0.4154974E-01 
 0.2983333      0.5936454E-01 
 0.3016666      0.6296899E-01 
 0.3050000     -0.2930297E-01 
 0.3083333      0.3970597E-02 
 0.3116666      0.1910827E-01 
 0.3150000      0.2041763E-01 
 0.3183333     -0.4648079E-01 
 0.3216667      0.8936444E-01 
 0.3250000     -0.5855188E-01 
 0.3283333      0.1128779E-01 
 0.3316666     -0.9287532E-01 
