# SumMovie FRC for input stack : stack1_ub_stacked_2000.mrc
# Number of micrographs: 1
# Number of frames per movie: 50
# Pixel size (A): 1.5000
# 1/(A)          FRC
# -----------------------
# 
# Micrograph 1 of 1. Score: .593
 0.1666667E-02   1.000000     
 0.4999999E-02  0.9881381     
 0.8333332E-02  0.8648239     
 0.1166667E-01  0.9178231     
 0.1500000E-01  0.9189924     
 0.1833333E-01  0.8271903     
 0.2166667E-01  0.7536272     
 0.2500000E-01  0.8380463     
 0.2833333E-01  0.8342004     
 0.3166667E-01  0.5841650     
 0.3500000E-01  0.7148644     
 0.3833333E-01  0.4878532     
 0.4166667E-01  0.5300030     
 0.4500000E-01  0.3609797     
 0.4833333E-01  0.2215629     
 0.5166666E-01 -0.2024686E-02 
 0.5499999E-01  0.2762749     
 0.5833333E-01  0.2867343     
 0.6166667E-01  0.2708451     
 0.6500000E-01  0.2550627     
 0.6833333E-01  0.1099018E-01 
 0.7166667E-01  0.7533950E-01 
 0.7500000E-01  0.1830935     
 0.7833334E-01  0.1325693     
 0.8166667E-01  0.2440770     
 0.8499999E-01  0.1752085     
 0.8833332E-01  0.6629901E-01 
 0.9166665E-01  0.1338282     
 0.9500000E-01  0.1803167     
 0.9833331E-01  0.9794208E-01 
 0.1016667      0.5541270E-01 
 0.1050000      0.1153518     
 0.1083333      0.8419223E-01 
 0.1116667     -0.2926938E-01 
 0.1150000      0.7672767E-01 
 0.1183333      0.4387257E-01 
 0.1216667      0.3493639E-01 
 0.1250000      0.1540061     
 0.1283333      0.1024230E-02 
 0.1316667      0.6985264E-01 
 0.1350000      0.1379780     
 0.1383333      0.1121617     
 0.1416667     -0.2964376E-01 
 0.1450000      0.1888281E-01 
 0.1483333      0.4743173E-01 
 0.1516667      0.1694498     
 0.1550000     -0.4044322E-01 
 0.1583333     -0.3059015E-02 
 0.1616667      0.5438102E-01 
 0.1650000      0.3592701E-01 
 0.1683333      0.1871352E-01 
 0.1716667      0.1051722E-01 
 0.1750000     -0.7668615E-01 
 0.1783333      0.7155992E-01 
 0.1816667      0.6048935E-01 
 0.1850000      0.1040531     
 0.1883333      0.1166798E-01 
 0.1916667     -0.2932683E-01 
 0.1950000     -0.6171281E-02 
 0.1983333     -0.3399854E-01 
 0.2016667     -0.6601465E-01 
 0.2050000     -0.3331636E-02 
 0.2083333      0.2692247E-01 
 0.2116666      0.4203477E-01 
 0.2150000      0.7887004E-01 
 0.2183333      0.6569517E-01 
 0.2216667      0.4142702E-01 
 0.2250000      0.5886180E-01 
 0.2283333      0.1168227     
 0.2316667      0.1902736E-02 
 0.2350000      0.4013565E-01 
 0.2383333      0.8814844E-01 
 0.2416667      0.5257728E-01 
 0.2450000      0.1109247E-01 
 0.2483333     -0.1283323E-01 
 0.2516667      0.2771512E-01 
 0.2550000     -0.1791431E-02 
 0.2583333      0.8507938E-01 
 0.2616667      0.5492960E-02 
 0.2650000     -0.4293425E-02 
 0.2683333      0.6049690E-01 
 0.2716667     -0.9077797E-01 
 0.2750000     -0.4446706E-01 
 0.2783333      0.4372760E-01 
 0.2816667      0.5408452E-01 
 0.2850000      0.5207963E-01 
 0.2883334     -0.1057497E-01 
 0.2916667      0.4598554E-01 
 0.2950000      0.2654762E-01 
 0.2983333     -0.2661129E-02 
 0.3016666      0.5424279E-01 
 0.3050000      0.3625146E-01 
 0.3083333      0.1846611E-01 
 0.3116666     -0.2021515E-02 
 0.3150000      0.3876529E-01 
 0.3183333      0.2394146E-01 
 0.3216667     -0.2087354E-01 
 0.3250000      0.5321909E-01 
 0.3283333      0.7524300E-02 
 0.3316666      0.1719359E-01 
