1 0 0 1 -20.513529333333334 -12.256792666666668
1 0 0 1 -12.958470666666665 -2.419289
1 0 0 1 -8.530525333333333 -0.7807543333333333
1 0 0 1 -7.000850666666667 -1.4417973333333334
1 0 0 1 -7.029504 -1.7460686666666667
1 0 0 1 -6.845674 -1.7797576666666668
1 0 0 1 -6.6512139999999995 -1.864572
1 0 0 1 -6.370688666666666 -1.3721463333333332
1 0 0 1 -5.901305 -0.6629493333333333
1 0 0 1 -4.879374666666666 -0.5154816666666667
1 0 0 1 -3.828659666666667 -0.9393986666666666
1 0 0 1 -2.520493 -0.698336
1 0 0 1 -1.8582476666666665 -0.15284933333333334
1 0 0 1 -1.3993653333333331 0.020210666666666665
1 0 0 1 -1.3291366666666666 -0.031717
1 0 0 1 -0.6461633333333333 0.6743246666666667
1 0 0 1 -0.31372 1.0396586666666667
1 0 0 1 -0.045726333333333334 0.8799313333333334
1 0 0 1 -0.13162733333333335 0.423865
1 0 0 1 0.20962633333333333 0.8976293333333333
1 0 0 1 0.5753496666666666 1.3315949999999999
1 0 0 1 0.5960803333333333 1.2949013333333335
1 0 0 1 0.7115140000000001 0.635547
1 0 0 1 0.20870200000000003 -0.031238000000000002
1 0 0 1 0.078331 -0.16560233333333332
1 0 0 1 0.0 0.0
1 0 0 1 0.218784 0.33290966666666666
1 0 0 1 0.11864200000000001 0.035692
1 0 0 1 1.0007846666666667 0.025038333333333333
1 0 0 1 1.502864 0.3194963333333333
1 0 0 1 2.021011666666667 0.951833
1 0 0 1 1.710731 0.8709836666666666
1 0 0 1 1.460911 0.5598033333333333
1 0 0 1 0.9341513333333333 0.27209
1 0 0 1 1.2712813333333333 0.4962513333333333
1 0 0 1 1.2755996666666667 0.46035733333333334
1 0 0 1 0.8312833333333334 0.6444576666666667
1 0 0 1 1.0748753333333334 0.6791503333333333
1 0 0 1 1.2862336666666667 1.0926796666666667
1 0 0 1 1.3971483333333332 -0.06828533333333334
1 0 0 1 1.4578883333333332 -0.8323556666666666
1 0 0 1 1.4954513333333335 -0.6672103333333333
1 0 0 1 1.7526413333333333 0.9380823333333334
1 0 0 1 2.262325 0.5768813333333334
1 0 0 1 2.7412496666666666 0.2654126666666667
1 0 0 1 2.536645 0.8888446666666666
1 0 0 1 2.1585110000000003 1.4821243333333334
1 0 0 1 1.8509186666666666 1.9009833333333335
1 0 0 1 1.4382786666666665 2.684841
1 0 0 1 0.9195883333333333 2.1343523333333336
