# SumMovie FRC for input stack : stack1_ub_stacked_1000.mrc
# Number of micrographs: 1
# Number of frames per movie: 50
# Pixel size (A): 1.5000
# 1/(A)          FRC
# -----------------------
# 
# Micrograph 1 of 1. Score: .588
 0.1666667E-02  0.9999999     
 0.4999999E-02  0.9887896     
 0.8333332E-02  0.8690406     
 0.1166667E-01  0.9172295     
 0.1500000E-01  0.9205607     
 0.1833333E-01  0.8196067     
 0.2166667E-01  0.7566792     
 0.2500000E-01  0.8381656     
 0.2833333E-01  0.8255876     
 0.3166667E-01  0.5806312     
 0.3500000E-01  0.7028409     
 0.3833333E-01  0.4838920     
 0.4166667E-01  0.5412363     
 0.4500000E-01  0.3227908     
 0.4833333E-01  0.2291838     
 0.5166666E-01  0.4887534E-02 
 0.5499999E-01  0.2778187     
 0.5833333E-01  0.3066208     
 0.6166667E-01  0.2844134     
 0.6500000E-01  0.2793783     
 0.6833333E-01  0.6753991E-01 
 0.7166667E-01  0.1001288     
 0.7500000E-01  0.1699141     
 0.7833334E-01  0.1297930     
 0.8166667E-01  0.2471552     
 0.8499999E-01  0.2133038     
 0.8833332E-01  0.6803538E-01 
 0.9166665E-01  0.9122332E-01 
 0.9500000E-01  0.1686980     
 0.9833331E-01  0.1931566     
 0.1016667      0.6194448E-01 
 0.1050000      0.1594000     
 0.1083333      0.8581515E-01 
 0.1116667     -0.3363195E-01 
 0.1150000      0.8117091E-01 
 0.1183333      0.5349562E-01 
 0.1216667      0.5944664E-02 
 0.1250000      0.1607275     
 0.1283333      0.5269524E-01 
 0.1316667      0.7813860E-01 
 0.1350000      0.1305996     
 0.1383333      0.8936343E-01 
 0.1416667      0.3780340E-01 
 0.1450000      0.4865301E-01 
 0.1483333      0.4704230E-01 
 0.1516667      0.1294591     
 0.1550000     -0.3724844E-01 
 0.1583333      0.8281299E-01 
 0.1616667      0.5154873E-01 
 0.1650000      0.2122132E-01 
 0.1683333      0.8177823E-01 
 0.1716667      0.1282321E-01 
 0.1750000      0.2392443E-01 
 0.1783333      0.1307881     
 0.1816667      0.6915505E-01 
 0.1850000      0.9849501E-01 
 0.1883333     -0.1712743E-01 
 0.1916667      0.7593931E-01 
 0.1950000      0.1468841E-01 
 0.1983333     -0.8763424E-03 
 0.2016667     -0.1399909     
 0.2050000     -0.3869481E-01 
 0.2083333      0.1838466E-01 
 0.2116666     -0.5252204E-03 
 0.2150000      0.5995774E-01 
 0.2183333      0.4170677E-01 
 0.2216667      0.4717793E-01 
 0.2250000      0.6638784E-01 
 0.2283333      0.9670097E-01 
 0.2316667      0.5648185E-01 
 0.2350000      0.3211160E-01 
 0.2383333      0.7885749E-01 
 0.2416667      0.3958792E-01 
 0.2450000      0.6089048E-02 
 0.2483333      0.2252966E-01 
 0.2516667      0.4947555E-01 
 0.2550000     -0.2541336E-02 
 0.2583333      0.6744550E-01 
 0.2616667     -0.2514921E-01 
 0.2650000      0.4825038E-01 
 0.2683333      0.5409303E-01 
 0.2716667      0.6548630E-03 
 0.2750000      0.7305110E-02 
 0.2783333      0.4303707E-01 
 0.2816667      0.8711089E-01 
 0.2850000      0.1660230E-01 
 0.2883334     -0.1583880E-01 
 0.2916667      0.2036417E-01 
 0.2950000      0.4055033E-01 
 0.2983333      0.4579336E-01 
 0.3016666     -0.1874451E-01 
 0.3050000      0.2312321E-01 
 0.3083333      0.6236349E-01 
 0.3116666      0.2441511E-01 
 0.3150000     -0.3255076E-01 
 0.3183333      0.2052689E-01 
 0.3216667      0.9781400E-03 
 0.3250000      0.3796929E-01 
 0.3283333     -0.4627885E-01 
 0.3316666      0.1175008E-02 
