# SumMovie FRC for input stack : stack1.mrc
# Number of micrographs: 1
# Number of frames per movie: 50
# Pixel size (A): 1.5000
# 1/(A)          FRC
# -----------------------
# 
# Micrograph 1 of 1. Score: .596
 0.1666667E-02   1.000000     
 0.4999999E-02  0.9777492     
 0.8333332E-02  0.8653721     
 0.1166667E-01  0.9160505     
 0.1500000E-01  0.9184253     
 0.1833333E-01  0.8268338     
 0.2166667E-01  0.7402179     
 0.2500000E-01  0.8343813     
 0.2833333E-01  0.8364244     
 0.3166667E-01  0.5867131     
 0.3500000E-01  0.7187145     
 0.3833333E-01  0.5263422     
 0.4166667E-01  0.5590193     
 0.4500000E-01  0.3645182     
 0.4833333E-01  0.1876203     
 0.5166666E-01  0.1328750E-01 
 0.5499999E-01  0.2650191     
 0.5833333E-01  0.3002512     
 0.6166667E-01  0.2661024     
 0.6500000E-01  0.2883167     
 0.6833333E-01  0.7073085E-01 
 0.7166667E-01  0.4607822E-01 
 0.7500000E-01  0.1748778     
 0.7833334E-01  0.1514745     
 0.8166667E-01  0.2101523     
 0.8499999E-01  0.1741182     
 0.8833332E-01  0.8315330E-01 
 0.9166665E-01  0.1309517     
 0.9500000E-01  0.1793847     
 0.9833331E-01  0.7232200E-01 
 0.1016667      0.7502017E-02 
 0.1050000      0.9222554E-01 
 0.1083333      0.4989555E-01 
 0.1116667     -0.5287810E-01 
 0.1150000      0.2787121E-01 
 0.1183333     -0.2096581E-01 
 0.1216667      0.7666015E-01 
 0.1250000      0.1176892     
 0.1283333      0.5800981E-01 
 0.1316667      0.3547662E-01 
 0.1350000      0.2973832E-01 
 0.1383333      0.1057170     
 0.1416667     -0.6284223E-01 
 0.1450000      0.8218554E-02 
 0.1483333      0.6306110E-01 
 0.1516667      0.1765999     
 0.1550000     -0.1617313E-01 
 0.1583333     -0.3576916E-01 
 0.1616667      0.3963220E-01 
 0.1650000      0.1862872E-01 
 0.1683333      0.1019781E-02 
 0.1716667     -0.7106352E-02 
 0.1750000     -0.7168243E-01 
 0.1783333      0.4329735E-01 
 0.1816667      0.5981436E-01 
 0.1850000      0.3439159E-01 
 0.1883333      0.4880999E-01 
 0.1916667     -0.6170497E-02 
 0.1950000     -0.2483121E-01 
 0.1983333     -0.4183982E-01 
 0.2016667     -0.8698466E-01 
 0.2050000      0.2837301E-01 
 0.2083333      0.4422988E-01 
 0.2116666     -0.1691586E-01 
 0.2150000      0.1214810     
 0.2183333      0.8157209E-01 
 0.2216667      0.4119276E-01 
 0.2250000      0.1033961     
 0.2283333      0.1000358     
 0.2316667      0.2207346E-01 
 0.2350000     -0.5144335E-02 
 0.2383333      0.6902285E-01 
 0.2416667      0.4147361E-01 
 0.2450000      0.1567754E-01 
 0.2483333     -0.7131625E-01 
 0.2516667      0.1127862E-02 
 0.2550000     -0.2931705E-01 
 0.2583333      0.6324057E-01 
 0.2616667      0.5920197E-01 
 0.2650000     -0.1746693E-01 
 0.2683333      0.2434325E-01 
 0.2716667     -0.7821609E-01 
 0.2750000      0.3170027E-01 
 0.2783333      0.8556153E-01 
 0.2816667     -0.8641833E-02 
 0.2850000      0.8124930E-01 
 0.2883334     -0.1273910E-01 
 0.2916667      0.2411730E-01 
 0.2950000      0.4060170E-01 
 0.2983333     -0.1355602E-01 
 0.3016666      0.9251156E-02 
 0.3050000      0.1920753E-01 
 0.3083333      0.1546949E-01 
 0.3116666      0.4838844E-01 
 0.3150000     -0.8160119E-01 
 0.3183333      0.2267371E-02 
 0.3216667      0.1170926E-01 
 0.3250000      0.2365164E-02 
 0.3283333      0.4870540E-01 
 0.3316666     -0.3915762E-01 
