# SumMovie FRC for input stack : stack1.mrc
# Number of micrographs: 1
# Number of frames per movie: 50
# Pixel size (A): 1.5000
# 1/(A)          FRC
# -----------------------
# 
# Micrograph 1 of 1. Score: .003
 0.1666667E-02   1.000000     
 0.4999999E-02  0.4024397     
 0.8333332E-02 -0.3208637     
 0.1166667E-01 -0.5178586     
 0.1500000E-01  0.4660890E-01 
 0.1833333E-01  0.5327816E-01 
 0.2166667E-01  0.4529540E-01 
 0.2500000E-01  0.1417334     
 0.2833333E-01  0.1792719     
 0.3166667E-01  0.1304042     
 0.3500000E-01  0.1417139     
 0.3833333E-01 -0.1777676     
 0.4166667E-01 -0.4228401E-01 
 0.4500000E-01 -0.7341925E-01 
 0.4833333E-01 -0.1495089E-01 
 0.5166666E-01  0.2441481E-01 
 0.5499999E-01  0.7489637E-01 
 0.5833333E-01  0.7637134E-01 
 0.6166667E-01  0.2938581E-01 
 0.6500000E-01  0.5779022E-01 
 0.6833333E-01  0.4904462E-01 
 0.7166667E-01  0.1001119     
 0.7500000E-01 -0.7283290E-01 
 0.7833334E-01  0.3137695E-01 
 0.8166667E-01 -0.8967003E-01 
 0.8499999E-01  0.1317827     
 0.8833332E-01 -0.1563301     
 0.9166665E-01 -0.7621016E-01 
 0.9500000E-01 -0.5254123E-01 
 0.9833331E-01 -0.3593836E-01 
 0.1016667      0.1259326     
 0.1050000      0.3578169E-01 
 0.1083333     -0.1035453     
 0.1116667     -0.4076378E-01 
 0.1150000      0.6831975E-01 
 0.1183333      0.1099692     
 0.1216667     -0.5553567E-01 
 0.1250000      0.3090874E-01 
 0.1283333      0.9249874E-01 
 0.1316667     -0.7137109E-02 
 0.1350000      0.9272804E-01 
 0.1383333     -0.1600334     
 0.1416667      0.5206760E-01 
 0.1450000      0.2213253E-01 
 0.1483333     -0.1205092E-01 
 0.1516667     -0.1355099E-01 
 0.1550000      0.4588854E-02 
 0.1583333     -0.6156079E-01 
 0.1616667     -0.1248695     
 0.1650000     -0.1976264E-01 
 0.1683333      0.4048836E-01 
 0.1716667     -0.3245674E-01 
 0.1750000     -0.6394670E-01 
 0.1783333     -0.6005501E-01 
 0.1816667      0.2031621E-01 
 0.1850000     -0.7292110E-01 
 0.1883333      0.1182979     
 0.1916667     -0.3532422E-01 
 0.1950000     -0.2665213E-01 
 0.1983333     -0.2387969E-01 
 0.2016667      0.1559824E-01 
 0.2050000     -0.4167150E-01 
 0.2083333      0.1533660E-01 
 0.2116666     -0.2067412E-01 
 0.2150000      0.2650461E-02 
 0.2183333      0.1730836E-01 
 0.2216667      0.7217275E-01 
 0.2250000      0.3036505E-01 
 0.2283333     -0.3799380E-01 
 0.2316667      0.7599123E-01 
 0.2350000     -0.4587696E-01 
 0.2383333      0.3486848E-01 
 0.2416667      0.2029095E-01 
 0.2450000      0.4381756E-02 
 0.2483333     -0.5776215E-01 
 0.2516667     -0.1086548E-03 
 0.2550000     -0.6456272E-01 
 0.2583333      0.9522021E-01 
 0.2616667     -0.3715358E-01 
 0.2650000      0.1329840E-01 
 0.2683333      0.2044823E-01 
 0.2716667      0.2508352E-01 
 0.2750000      0.2920497E-01 
 0.2783333      0.1066242     
 0.2816667     -0.6380306E-01 
 0.2850000     -0.2213451E-01 
 0.2883334     -0.6044653E-01 
 0.2916667      0.7075609E-01 
 0.2950000      0.5240317E-01 
 0.2983333     -0.1232246E-01 
 0.3016666     -0.3027760E-01 
 0.3050000      0.1931367E-01 
 0.3083333      0.5673084E-01 
 0.3116666      0.2674077E-01 
 0.3150000      0.3194715E-01 
 0.3183333      0.3802450E-01 
 0.3216667      0.2673561E-02 
 0.3250000      0.4609058E-01 
 0.3283333     -0.4067775E-01 
 0.3316666     -0.1404447E-01 
