# SumMovie FRC for input stack : stack1.mrc
# Number of micrographs: 1
# Number of frames per movie: 50
# Pixel size (A): 1.5000
# 1/(A)          FRC
# -----------------------
# 
# Micrograph 1 of 1. Score: .594
 0.1666667E-02   1.000000     
 0.4999999E-02  0.9774889     
 0.8333332E-02  0.8630595     
 0.1166667E-01  0.9238610     
 0.1500000E-01  0.9208948     
 0.1833333E-01  0.8285602     
 0.2166667E-01  0.7579284     
 0.2500000E-01  0.8323096     
 0.2833333E-01  0.8184983     
 0.3166667E-01  0.5691569     
 0.3500000E-01  0.7297114     
 0.3833333E-01  0.5271779     
 0.4166667E-01  0.5735555     
 0.4500000E-01  0.3250281     
 0.4833333E-01  0.2041347     
 0.5166666E-01 -0.6656137E-02 
 0.5499999E-01  0.1988280     
 0.5833333E-01  0.3280218     
 0.6166667E-01  0.2638731     
 0.6500000E-01  0.3148510     
 0.6833333E-01  0.5297973E-01 
 0.7166667E-01  0.9661116E-01 
 0.7500000E-01  0.2748460     
 0.7833334E-01  0.1401779     
 0.8166667E-01  0.2755886     
 0.8499999E-01  0.2137398     
 0.8833332E-01  0.6739949E-01 
 0.9166665E-01  0.1340018     
 0.9500000E-01  0.2428594     
 0.9833331E-01  0.1939576     
 0.1016667      0.4480703E-01 
 0.1050000      0.8850116E-01 
 0.1083333      0.1281072     
 0.1116667     -0.4140214E-01 
 0.1150000      0.7280596E-01 
 0.1183333      0.8277892E-01 
 0.1216667      0.6656123E-01 
 0.1250000      0.1131726     
 0.1283333      0.1096147     
 0.1316667      0.1348200     
 0.1350000      0.8866156E-01 
 0.1383333      0.5647813E-01 
 0.1416667      0.1580529E-01 
 0.1450000      0.1342884     
 0.1483333      0.9526357E-01 
 0.1516667      0.1430790     
 0.1550000      0.1583658E-02 
 0.1583333      0.5111482E-02 
 0.1616667      0.1057368     
 0.1650000     -0.2482512E-01 
 0.1683333      0.3675529E-01 
 0.1716667      0.1773048E-01 
 0.1750000     -0.8844183E-01 
 0.1783333      0.1158785     
 0.1816667      0.8907165E-01 
 0.1850000      0.7342574E-01 
 0.1883333      0.1749337E-01 
 0.1916667      0.6686649E-01 
 0.1950000      0.6493367E-01 
 0.1983333     -0.2130051E-01 
 0.2016667     -0.1322373     
 0.2050000     -0.5174752E-01 
 0.2083333      0.3665559E-01 
 0.2116666     -0.2090428E-01 
 0.2150000      0.5025129E-01 
 0.2183333      0.6396596E-01 
 0.2216667      0.6966899E-01 
 0.2250000      0.1003221     
 0.2283333      0.3846755E-01 
 0.2316667      0.4088829E-01 
 0.2350000      0.1557546E-01 
 0.2383333      0.4770201E-01 
 0.2416667      0.4893991E-01 
 0.2450000      0.2490011E-01 
 0.2483333     -0.6197276E-01 
 0.2516667      0.1165559E-01 
 0.2550000     -0.1896793E-01 
 0.2583333      0.6694398E-01 
 0.2616667     -0.1884956E-02 
 0.2650000      0.6864698E-01 
 0.2683333      0.5930893E-01 
 0.2716667      0.6897029E-01 
 0.2750000     -0.1060701E-01 
 0.2783333      0.2791328E-01 
 0.2816667      0.4592556E-01 
 0.2850000      0.5845388E-01 
 0.2883334     -0.5509805E-01 
 0.2916667     -0.5489297E-02 
 0.2950000      0.3354162E-01 
 0.2983333      0.7500725E-01 
 0.3016666      0.8586588E-02 
 0.3050000     -0.5472701E-01 
 0.3083333      0.3300402E-01 
 0.3116666      0.7359184E-02 
 0.3150000      0.9469342E-02 
 0.3183333     -0.2107583E-01 
 0.3216667      0.7512227E-01 
 0.3250000     -0.2720003E-01 
 0.3283333      0.5744804E-01 
 0.3316666      0.5307508E-02 
