# SumMovie FRC for input stack : stack1_ub_stacked_1000.mrc
# Number of micrographs: 1
# Number of frames per movie: 50
# Pixel size (A): 1.5000
# 1/(A)          FRC
# -----------------------
# 
# Micrograph 1 of 1. Score: .596
 0.1666667E-02  0.9999999     
 0.4999999E-02  0.9888236     
 0.8333332E-02  0.8665329     
 0.1166667E-01  0.9158666     
 0.1500000E-01  0.9198954     
 0.1833333E-01  0.8159223     
 0.2166667E-01  0.7572327     
 0.2500000E-01  0.8374944     
 0.2833333E-01  0.8422052     
 0.3166667E-01  0.5920320     
 0.3500000E-01  0.7157011     
 0.3833333E-01  0.5147845     
 0.4166667E-01  0.5604551     
 0.4500000E-01  0.3592089     
 0.4833333E-01  0.1940334     
 0.5166666E-01  0.1364641E-01 
 0.5499999E-01  0.2844896     
 0.5833333E-01  0.3230866     
 0.6166667E-01  0.2844755     
 0.6500000E-01  0.2509510     
 0.6833333E-01  0.5206227E-01 
 0.7166667E-01  0.9658831E-01 
 0.7500000E-01  0.1822306     
 0.7833334E-01  0.1510494     
 0.8166667E-01  0.2204706     
 0.8499999E-01  0.1952641     
 0.8833332E-01  0.9458154E-01 
 0.9166665E-01  0.1182286     
 0.9500000E-01  0.1967753     
 0.9833331E-01  0.1197844     
 0.1016667      0.2220306E-01 
 0.1050000      0.8311143E-01 
 0.1083333      0.7779985E-01 
 0.1116667     -0.2926900E-01 
 0.1150000      0.1441034E-02 
 0.1183333     -0.2015307E-01 
 0.1216667      0.1836139E-01 
 0.1250000      0.8613118E-01 
 0.1283333      0.6882463E-01 
 0.1316667      0.8257984E-01 
 0.1350000      0.4712666E-01 
 0.1383333      0.1278499     
 0.1416667     -0.3097798E-01 
 0.1450000     -0.1061134E-03 
 0.1483333      0.5004312E-01 
 0.1516667      0.1684197     
 0.1550000     -0.1881748E-01 
 0.1583333      0.1791361E-02 
 0.1616667      0.5349619E-01 
 0.1650000      0.4008775E-01 
 0.1683333      0.2111506E-01 
 0.1716667      0.3662322E-01 
 0.1750000     -0.7425596E-02 
 0.1783333      0.4694398E-01 
 0.1816667      0.5104449E-01 
 0.1850000      0.5232528E-01 
 0.1883333      0.3997184E-01 
 0.1916667      0.1658496E-01 
 0.1950000      0.1638662E-01 
 0.1983333     -0.5835968E-01 
 0.2016667     -0.1316351     
 0.2050000      0.3078934E-01 
 0.2083333      0.1365165E-01 
 0.2116666     -0.4240179E-02 
 0.2150000      0.8207018E-01 
 0.2183333      0.5664129E-01 
 0.2216667      0.2671444E-01 
 0.2250000      0.8567629E-01 
 0.2283333      0.8824132E-01 
 0.2316667      0.4709172E-01 
 0.2350000      0.4995348E-01 
 0.2383333      0.7178213E-01 
 0.2416667      0.4695565E-01 
 0.2450000      0.3637855E-01 
 0.2483333     -0.2411365E-01 
 0.2516667      0.2771473E-01 
 0.2550000      0.3071182E-01 
 0.2583333      0.4370475E-01 
 0.2616667      0.5920519E-01 
 0.2650000      0.1427432E-01 
 0.2683333      0.3816995E-01 
 0.2716667     -0.3842012E-01 
 0.2750000      0.1538020E-01 
 0.2783333      0.2680254E-01 
 0.2816667      0.5315721E-01 
 0.2850000      0.3065301E-01 
 0.2883334     -0.4857026E-01 
 0.2916667      0.1003201E-01 
 0.2950000      0.1729133E-01 
 0.2983333      0.3142263E-01 
 0.3016666      0.1700822E-01 
 0.3050000      0.1464172E-01 
 0.3083333      0.1575743E-01 
 0.3116666      0.2300062E-01 
 0.3150000     -0.1788850E-01 
 0.3183333     -0.4015074E-01 
 0.3216667      0.3795872E-01 
 0.3250000     -0.3204837E-01 
 0.3283333      0.7307271E-01 
 0.3316666     -0.5538940E-01 
