# SumMovie FRC for input stack : stack1_ub_stacked_1000.mrc
# Number of micrographs: 1
# Number of frames per movie: 50
# Pixel size (A): 1.5000
# 1/(A)          FRC
# -----------------------
# 
# Micrograph 1 of 1. Score: .595
 0.1666667E-02  0.9999999     
 0.4999999E-02  0.9887649     
 0.8333332E-02  0.8668681     
 0.1166667E-01  0.9164748     
 0.1500000E-01  0.9199640     
 0.1833333E-01  0.8196393     
 0.2166667E-01  0.7563526     
 0.2500000E-01  0.8366086     
 0.2833333E-01  0.8369998     
 0.3166667E-01  0.5878968     
 0.3500000E-01  0.7078691     
 0.3833333E-01  0.5030764     
 0.4166667E-01  0.5520420     
 0.4500000E-01  0.3560512     
 0.4833333E-01  0.2118607     
 0.5166666E-01 -0.1761374E-01 
 0.5499999E-01  0.2871377     
 0.5833333E-01  0.3084990     
 0.6166667E-01  0.2714916     
 0.6500000E-01  0.2593004     
 0.6833333E-01  0.5511186E-01 
 0.7166667E-01  0.9440597E-01 
 0.7500000E-01  0.1641729     
 0.7833334E-01  0.1419789     
 0.8166667E-01  0.2494951     
 0.8499999E-01  0.1965476     
 0.8833332E-01  0.8122340E-01 
 0.9166665E-01  0.1420846     
 0.9500000E-01  0.1872032     
 0.9833331E-01  0.1415736     
 0.1016667      0.4302796E-01 
 0.1050000      0.1240540     
 0.1083333      0.8881595E-01 
 0.1116667     -0.2515309E-01 
 0.1150000      0.1636718E-01 
 0.1183333      0.1553591E-01 
 0.1216667      0.2447980E-01 
 0.1250000      0.8973148E-01 
 0.1283333      0.5596034E-01 
 0.1316667      0.6132151E-01 
 0.1350000      0.9068958E-01 
 0.1383333      0.1252095     
 0.1416667     -0.2394816E-01 
 0.1450000     -0.3422696E-05 
 0.1483333      0.2742094E-01 
 0.1516667      0.1815552     
 0.1550000     -0.3463920E-01 
 0.1583333      0.1876855E-01 
 0.1616667      0.2413608E-01 
 0.1650000      0.1957010E-01 
 0.1683333      0.1935720E-01 
 0.1716667      0.1928822E-01 
 0.1750000      0.1196926E-01 
 0.1783333      0.5613349E-01 
 0.1816667      0.4782731E-01 
 0.1850000      0.7909258E-01 
 0.1883333     -0.4946422E-04 
 0.1916667      0.2970318E-01 
 0.1950000     -0.1742369E-01 
 0.1983333     -0.7008570E-01 
 0.2016667     -0.1414071     
 0.2050000      0.1963858E-01 
 0.2083333      0.4610248E-01 
 0.2116666     -0.2173658E-01 
 0.2150000      0.9411304E-01 
 0.2183333      0.7815675E-01 
 0.2216667      0.2713530E-01 
 0.2250000      0.7688457E-01 
 0.2283333      0.1208465     
 0.2316667      0.6075727E-02 
 0.2350000      0.3032496E-01 
 0.2383333      0.5586556E-01 
 0.2416667      0.2851189E-01 
 0.2450000      0.5118950E-01 
 0.2483333     -0.7006265E-01 
 0.2516667      0.2984846E-01 
 0.2550000      0.1013529E-01 
 0.2583333      0.2066091E-01 
 0.2616667      0.6063414E-02 
 0.2650000      0.5092617E-01 
 0.2683333      0.2433614E-01 
 0.2716667     -0.3224559E-01 
 0.2750000      0.6461848E-01 
 0.2783333      0.4959042E-01 
 0.2816667      0.5849318E-01 
 0.2850000      0.1540241E-01 
 0.2883334     -0.1494301E-01 
 0.2916667      0.9818898E-02 
 0.2950000      0.9776022E-02 
 0.2983333      0.5784887E-01 
 0.3016666      0.2256979E-01 
 0.3050000      0.1758253E-01 
 0.3083333      0.2487826E-01 
 0.3116666     -0.3933366E-03 
 0.3150000     -0.5804563E-01 
 0.3183333     -0.2695489E-01 
 0.3216667      0.6550087E-01 
 0.3250000      0.3072360E-01 
 0.3283333      0.2105752E-01 
 0.3316666     -0.1461860E-01 
