# SumMovie FRC for input stack : stack1.mrc
# Number of micrographs: 1
# Number of frames per movie: 50
# Pixel size (A): 1.5000
# 1/(A)          FRC
# -----------------------
# 
# Micrograph 1 of 1. Score: .598
 0.1666667E-02   1.000000     
 0.4999999E-02  0.9774416     
 0.8333332E-02  0.8628700     
 0.1166667E-01  0.9247983     
 0.1500000E-01  0.9226720     
 0.1833333E-01  0.8299613     
 0.2166667E-01  0.7651273     
 0.2500000E-01  0.8311071     
 0.2833333E-01  0.8258320     
 0.3166667E-01  0.5483981     
 0.3500000E-01  0.7499957     
 0.3833333E-01  0.5179235     
 0.4166667E-01  0.5667600     
 0.4500000E-01  0.3462562     
 0.4833333E-01  0.2155837     
 0.5166666E-01 -0.2045493E-01 
 0.5499999E-01  0.2242926     
 0.5833333E-01  0.2999356     
 0.6166667E-01  0.2390513     
 0.6500000E-01  0.3210652     
 0.6833333E-01  0.3840575E-01 
 0.7166667E-01  0.9122726E-01 
 0.7500000E-01  0.2760640     
 0.7833334E-01  0.9430524E-01 
 0.8166667E-01  0.2619790     
 0.8499999E-01  0.2139696     
 0.8833332E-01  0.6469312E-01 
 0.9166665E-01  0.6667028E-01 
 0.9500000E-01  0.1910393     
 0.9833331E-01  0.1186586     
 0.1016667     -0.2450918E-01 
 0.1050000      0.1489885     
 0.1083333      0.1042335     
 0.1116667     -0.4227829E-01 
 0.1150000      0.8814638E-01 
 0.1183333      0.6260379E-01 
 0.1216667      0.5442806E-01 
 0.1250000      0.9035207E-01 
 0.1283333      0.1061041     
 0.1316667      0.8128268E-01 
 0.1350000      0.6456044E-01 
 0.1383333      0.3712570E-01 
 0.1416667      0.2549563E-02 
 0.1450000      0.4788655E-01 
 0.1483333      0.1277875E-02 
 0.1516667      0.1216491     
 0.1550000     -0.2375287E-01 
 0.1583333     -0.4368361E-02 
 0.1616667      0.3102989E-01 
 0.1650000     -0.4827368E-03 
 0.1683333     -0.2356812E-02 
 0.1716667      0.2864763E-01 
 0.1750000      0.1213283E-01 
 0.1783333      0.7637565E-01 
 0.1816667      0.7478391E-01 
 0.1850000      0.1804681E-01 
 0.1883333      0.1235483E-01 
 0.1916667      0.4389859E-01 
 0.1950000     -0.1845227E-01 
 0.1983333     -0.2891151E-01 
 0.2016667     -0.1257220     
 0.2050000     -0.1736754E-01 
 0.2083333      0.3908315E-02 
 0.2116666     -0.2389320E-01 
 0.2150000      0.4523950E-01 
 0.2183333      0.2418128E-01 
 0.2216667      0.2827141E-02 
 0.2250000      0.1358857     
 0.2283333      0.7482380E-01 
 0.2316667     -0.3809286E-01 
 0.2350000      0.2128448E-01 
 0.2383333      0.5815647E-01 
 0.2416667      0.7217184E-01 
 0.2450000      0.3582760E-01 
 0.2483333     -0.7119013E-02 
 0.2516667     -0.9916213E-02 
 0.2550000      0.2822593E-02 
 0.2583333      0.2793563E-01 
 0.2616667      0.5669882E-01 
 0.2650000      0.4786373E-01 
 0.2683333      0.6593937E-01 
 0.2716667      0.4611414E-01 
 0.2750000      0.5273837E-01 
 0.2783333      0.9219917E-02 
 0.2816667      0.1337740E-01 
 0.2850000      0.2748843E-01 
 0.2883334      0.4292354E-01 
 0.2916667     -0.6710906E-01 
 0.2950000     -0.8386853E-01 
 0.2983333      0.6876691E-01 
 0.3016666      0.5931551E-02 
 0.3050000     -0.5332555E-02 
 0.3083333     -0.3672626E-01 
 0.3116666     -0.2567745E-01 
 0.3150000      0.4258676E-01 
 0.3183333     -0.6606691E-02 
 0.3216667      0.7858686E-01 
 0.3250000      0.1379604E-01 
 0.3283333      0.4724389E-01 
 0.3316666     -0.9039055E-02 
