# SumMovie FRC for input stack : stack1_ub_stacked_1000.mrc
# Number of micrographs: 1
# Number of frames per movie: 50
# Pixel size (A): 1.5000
# 1/(A)          FRC
# -----------------------
# 
# Micrograph 1 of 1. Score: .591
 0.1666667E-02  0.9999999     
 0.4999999E-02  0.9889778     
 0.8333332E-02  0.8682013     
 0.1166667E-01  0.9169807     
 0.1500000E-01  0.9194285     
 0.1833333E-01  0.8217528     
 0.2166667E-01  0.7619116     
 0.2500000E-01  0.8366084     
 0.2833333E-01  0.8244289     
 0.3166667E-01  0.5805629     
 0.3500000E-01  0.7067867     
 0.3833333E-01  0.4857402     
 0.4166667E-01  0.5511580     
 0.4500000E-01  0.3321028     
 0.4833333E-01  0.2316058     
 0.5166666E-01  0.2562150E-02 
 0.5499999E-01  0.2679425     
 0.5833333E-01  0.2860752     
 0.6166667E-01  0.2713078     
 0.6500000E-01  0.2734391     
 0.6833333E-01  0.4548275E-01 
 0.7166667E-01  0.1038512     
 0.7500000E-01  0.1837670     
 0.7833334E-01  0.1389201     
 0.8166667E-01  0.2669225     
 0.8499999E-01  0.1927112     
 0.8833332E-01  0.6273078E-01 
 0.9166665E-01  0.1061766     
 0.9500000E-01  0.2232243     
 0.9833331E-01  0.1785593     
 0.1016667      0.5703535E-01 
 0.1050000      0.1336183     
 0.1083333      0.1296057     
 0.1116667     -0.4953655E-01 
 0.1150000      0.1836398E-01 
 0.1183333      0.5962677E-01 
 0.1216667      0.3166149E-01 
 0.1250000      0.4247538E-01 
 0.1283333      0.2378471E-01 
 0.1316667      0.1149891     
 0.1350000      0.1135222     
 0.1383333      0.1002134     
 0.1416667      0.3894821E-01 
 0.1450000      0.3981741E-01 
 0.1483333      0.1817918E-01 
 0.1516667      0.2239376     
 0.1550000     -0.4758345E-01 
 0.1583333      0.3040715E-01 
 0.1616667      0.1652786E-01 
 0.1650000      0.6409804E-01 
 0.1683333      0.2850345E-01 
 0.1716667     -0.7766527E-02 
 0.1750000      0.2975971E-02 
 0.1783333      0.8410146E-01 
 0.1816667      0.3208520E-01 
 0.1850000      0.1217281     
 0.1883333     -0.6890661E-02 
 0.1916667      0.2390273E-01 
 0.1950000      0.1826104E-02 
 0.1983333     -0.3624858E-01 
 0.2016667     -0.1101456     
 0.2050000     -0.2132574E-01 
 0.2083333      0.5885118E-01 
 0.2116666      0.4619591E-01 
 0.2150000      0.1300849     
 0.2183333      0.9529150E-01 
 0.2216667      0.3467191E-01 
 0.2250000      0.1098184     
 0.2283333      0.1047866     
 0.2316667      0.1586022E-01 
 0.2350000      0.3882632E-01 
 0.2383333      0.5155474E-01 
 0.2416667      0.4338404E-01 
 0.2450000      0.4375943E-01 
 0.2483333     -0.2654098E-01 
 0.2516667      0.4202989E-01 
 0.2550000      0.3245845E-01 
 0.2583333     -0.2185240E-01 
 0.2616667     -0.1749413E-01 
 0.2650000      0.3548164E-01 
 0.2683333      0.1012128E-01 
 0.2716667      0.2874214E-01 
 0.2750000      0.8487755E-01 
 0.2783333     -0.7463740E-02 
 0.2816667      0.6186390E-01 
 0.2850000      0.6130793E-01 
 0.2883334     -0.1049563E-01 
 0.2916667     -0.4377290E-02 
 0.2950000      0.2180401E-01 
 0.2983333      0.4801685E-01 
 0.3016666      0.1432563E-01 
 0.3050000      0.6612568E-02 
 0.3083333      0.6699387E-01 
 0.3116666      0.3120065E-01 
 0.3150000     -0.1449693E-01 
 0.3183333     -0.4083954E-01 
 0.3216667      0.1112121E-01 
 0.3250000      0.6432663E-01 
 0.3283333     -0.4603728E-01 
 0.3316666     -0.3317612E-01 
