# SumMovie FRC for input stack : stack1.mrc
# Number of micrographs: 1
# Number of frames per movie: 50
# Pixel size (A): 1.5000
# 1/(A)          FRC
# -----------------------
# 
# Micrograph 1 of 1. Score: .598
 0.1666667E-02   1.000000     
 0.4999999E-02  0.9775422     
 0.8333332E-02  0.8639305     
 0.1166667E-01  0.9238565     
 0.1500000E-01  0.9226164     
 0.1833333E-01  0.8314183     
 0.2166667E-01  0.7636983     
 0.2500000E-01  0.8309831     
 0.2833333E-01  0.8292232     
 0.3166667E-01  0.5480867     
 0.3500000E-01  0.7505254     
 0.3833333E-01  0.5179664     
 0.4166667E-01  0.5621980     
 0.4500000E-01  0.3445895     
 0.4833333E-01  0.2160855     
 0.5166666E-01 -0.1812675E-01 
 0.5499999E-01  0.2216553     
 0.5833333E-01  0.2770675     
 0.6166667E-01  0.2360254     
 0.6500000E-01  0.3163307     
 0.6833333E-01  0.3155751E-01 
 0.7166667E-01  0.8775904E-01 
 0.7500000E-01  0.2697531     
 0.7833334E-01  0.9334915E-01 
 0.8166667E-01  0.2530902     
 0.8499999E-01  0.2080937     
 0.8833332E-01  0.5771755E-01 
 0.9166665E-01  0.6392434E-01 
 0.9500000E-01  0.1855965     
 0.9833331E-01  0.1031109     
 0.1016667     -0.3502273E-01 
 0.1050000      0.1590362     
 0.1083333      0.8195153E-01 
 0.1116667     -0.3606888E-01 
 0.1150000      0.7846611E-01 
 0.1183333      0.7379293E-01 
 0.1216667      0.4815249E-01 
 0.1250000      0.8808984E-01 
 0.1283333      0.9219097E-01 
 0.1316667      0.6478013E-01 
 0.1350000      0.5456834E-01 
 0.1383333      0.4152944E-01 
 0.1416667     -0.4028843E-02 
 0.1450000      0.4091735E-01 
 0.1483333     -0.1044969E-01 
 0.1516667      0.1103112     
 0.1550000     -0.3027668E-01 
 0.1583333     -0.9241963E-02 
 0.1616667      0.1919171E-01 
 0.1650000     -0.4873042E-02 
 0.1683333     -0.1306930E-01 
 0.1716667      0.2633206E-01 
 0.1750000      0.2171166E-01 
 0.1783333      0.8418032E-01 
 0.1816667      0.8677603E-01 
 0.1850000     -0.7676532E-02 
 0.1883333      0.1162194E-01 
 0.1916667      0.3957742E-01 
 0.1950000     -0.2181457E-01 
 0.1983333     -0.4524836E-01 
 0.2016667     -0.1057412     
 0.2050000     -0.2779218E-01 
 0.2083333      0.2330584E-01 
 0.2116666     -0.3565367E-02 
 0.2150000      0.4608772E-01 
 0.2183333      0.1879114E-01 
 0.2216667      0.9841640E-03 
 0.2250000      0.1494176     
 0.2283333      0.6271558E-01 
 0.2316667     -0.4991913E-01 
 0.2350000      0.3399687E-01 
 0.2383333      0.5466948E-01 
 0.2416667      0.7339203E-01 
 0.2450000      0.3449312E-01 
 0.2483333     -0.1460288E-01 
 0.2516667     -0.1599421E-01 
 0.2550000     -0.9122936E-02 
 0.2583333      0.1199182E-01 
 0.2616667      0.6559566E-01 
 0.2650000      0.2891010E-01 
 0.2683333      0.8550763E-01 
 0.2716667      0.4350877E-01 
 0.2750000      0.3899107E-01 
 0.2783333      0.5808943E-02 
 0.2816667     -0.5015314E-02 
 0.2850000      0.2697683E-01 
 0.2883334      0.6324612E-01 
 0.2916667     -0.6513395E-01 
 0.2950000     -0.9730538E-01 
 0.2983333      0.5226221E-01 
 0.3016666      0.2102103E-01 
 0.3050000      0.2270855E-02 
 0.3083333     -0.4866336E-01 
 0.3116666      0.1011454E-02 
 0.3150000      0.4599872E-01 
 0.3183333      0.9425064E-02 
 0.3216667      0.6821048E-01 
 0.3250000      0.1258583E-01 
 0.3283333      0.5704488E-01 
 0.3316666     -0.1166557E-01 
