1 0 0 1 -17.414730000000002 -5.150128666666666
1 0 0 1 -13.117156999999999 -2.9752026666666667
1 0 0 1 -9.034227333333334 -1.789218
1 0 0 1 -7.160879666666666 -1.4232263333333333
1 0 0 1 -7.089221333333334 -1.7344116666666667
1 0 0 1 -6.8293029999999995 -1.7302553333333333
1 0 0 1 -6.567289333333334 -1.8729873333333333
1 0 0 1 -6.322990999999999 -1.2926453333333334
1 0 0 1 -5.690103000000001 -0.7601933333333334
1 0 0 1 -4.698556 -0.5585596666666667
1 0 0 1 -3.778795333333333 -0.908185
1 0 0 1 -2.6102053333333335 -0.26679933333333333
1 0 0 1 -1.9446853333333334 0.13741066666666665
1 0 0 1 -1.624415 0.17561633333333335
1 0 0 1 -1.536123 0.018239000000000002
1 0 0 1 -0.8602116666666667 0.9264450000000001
1 0 0 1 -0.4925893333333333 1.211337
1 0 0 1 -0.235752 0.936508
1 0 0 1 -0.21790600000000002 0.613562
1 0 0 1 -0.003583 0.846941
1 0 0 1 0.37226133333333333 1.0949226666666667
1 0 0 1 0.4211256666666667 1.0529836666666668
1 0 0 1 0.5591579999999999 0.7285863333333333
1 0 0 1 0.217522 0.19596566666666668
1 0 0 1 0.13336333333333333 0.08332866666666668
1 0 0 1 0.0 0.0
1 0 0 1 -0.077391 0.03515133333333333
1 0 0 1 -0.12692466666666666 -0.159518
1 0 0 1 0.753578 0.14833366666666667
1 0 0 1 1.468049 0.582912
1 0 0 1 1.5608543333333333 1.0514923333333333
1 0 0 1 1.198278 0.7392173333333334
1 0 0 1 1.0565246666666666 0.4695526666666667
1 0 0 1 0.6321036666666667 0.377737
1 0 0 1 0.8135376666666666 0.7516553333333333
1 0 0 1 1.0171810000000001 0.6178253333333333
1 0 0 1 0.48135 0.9949696666666666
1 0 0 1 0.6915343333333334 0.8572956666666666
1 0 0 1 0.889045 1.111441
1 0 0 1 1.5251063333333335 0.35333566666666666
1 0 0 1 1.644508 -0.10546366666666666
1 0 0 1 1.6753790000000002 -0.18727266666666667
1 0 0 1 1.5337136666666666 0.6140713333333333
1 0 0 1 1.8922626666666666 0.5257396666666666
1 0 0 1 2.636782333333333 0.211435
1 0 0 1 2.3874213333333336 0.9227053333333334
1 0 0 1 2.1004116666666666 1.4191693333333333
1 0 0 1 1.7046503333333334 1.7871163333333333
1 0 0 1 1.4536516666666666 2.1725593333333335
1 0 0 1 1.3090143333333333 1.8737206666666666
