# SumMovie FRC for input stack : stack1.mrc
# Number of micrographs: 1
# Number of frames per movie: 50
# Pixel size (A): 1.5000
# 1/(A)          FRC
# -----------------------
# 
# Micrograph 1 of 1. Score: .594
 0.1666667E-02   1.000000     
 0.4999999E-02  0.9775031     
 0.8333332E-02  0.8657719     
 0.1166667E-01  0.9175449     
 0.1500000E-01  0.9194811     
 0.1833333E-01  0.8284613     
 0.2166667E-01  0.7403548     
 0.2500000E-01  0.8360732     
 0.2833333E-01  0.8389100     
 0.3166667E-01  0.5816110     
 0.3500000E-01  0.7183532     
 0.3833333E-01  0.5191096     
 0.4166667E-01  0.5488700     
 0.4500000E-01  0.3607314     
 0.4833333E-01  0.1904883     
 0.5166666E-01 -0.4536717E-03 
 0.5499999E-01  0.2576436     
 0.5833333E-01  0.2888129     
 0.6166667E-01  0.2725276     
 0.6500000E-01  0.2914220     
 0.6833333E-01  0.6156587E-01 
 0.7166667E-01  0.5227085E-01 
 0.7500000E-01  0.1780883     
 0.7833334E-01  0.1380481     
 0.8166667E-01  0.2222025     
 0.8499999E-01  0.1884769     
 0.8833332E-01  0.9853689E-01 
 0.9166665E-01  0.1340283     
 0.9500000E-01  0.1639026     
 0.9833331E-01  0.6792561E-01 
 0.1016667     -0.1173831E-01 
 0.1050000      0.1014623     
 0.1083333      0.5796863E-01 
 0.1116667     -0.6832168E-01 
 0.1150000      0.3475746E-01 
 0.1183333     -0.2078458E-01 
 0.1216667      0.8236491E-01 
 0.1250000      0.1203223     
 0.1283333      0.3453722E-01 
 0.1316667      0.1424899E-01 
 0.1350000      0.2593700E-01 
 0.1383333      0.9966347E-01 
 0.1416667     -0.5737979E-01 
 0.1450000      0.2349221E-01 
 0.1483333      0.6796291E-01 
 0.1516667      0.1603841     
 0.1550000     -0.1640643E-01 
 0.1583333     -0.6890955E-01 
 0.1616667      0.2806890E-01 
 0.1650000     -0.1763052E-01 
 0.1683333      0.1673540E-01 
 0.1716667     -0.1438465E-01 
 0.1750000     -0.7041994E-01 
 0.1783333      0.4625022E-01 
 0.1816667      0.6204535E-01 
 0.1850000      0.3600510E-01 
 0.1883333      0.2237464E-01 
 0.1916667     -0.2997557E-01 
 0.1950000     -0.1727152E-01 
 0.1983333     -0.4160546E-01 
 0.2016667     -0.9865199E-01 
 0.2050000      0.1368118E-01 
 0.2083333      0.5300728E-01 
 0.2116666     -0.1394885E-01 
 0.2150000      0.1341858     
 0.2183333      0.9131838E-01 
 0.2216667      0.5061553E-01 
 0.2250000      0.1079659     
 0.2283333      0.1066487     
 0.2316667      0.4383435E-01 
 0.2350000      0.2385958E-01 
 0.2383333      0.7476772E-01 
 0.2416667      0.4970862E-01 
 0.2450000      0.3005590E-01 
 0.2483333     -0.3870075E-01 
 0.2516667      0.1254770E-01 
 0.2550000     -0.7254925E-01 
 0.2583333      0.9676559E-01 
 0.2616667      0.5081046E-01 
 0.2650000      0.3040013E-01 
 0.2683333      0.1548401E-01 
 0.2716667     -0.6903196E-01 
 0.2750000     -0.1761869E-01 
 0.2783333      0.8747309E-01 
 0.2816667     -0.4953715E-02 
 0.2850000      0.7075670E-01 
 0.2883334      0.1969684E-01 
 0.2916667      0.3184005E-01 
 0.2950000     -0.5362286E-02 
 0.2983333     -0.1569748E-02 
 0.3016666     -0.1227407E-01 
 0.3050000      0.4970805E-01 
 0.3083333     -0.5910439E-02 
 0.3116666      0.5821157E-02 
 0.3150000     -0.1016356     
 0.3183333     -0.7803335E-02 
 0.3216667      0.4125859E-01 
 0.3250000      0.2077936E-03 
 0.3283333      0.6267439E-01 
 0.3316666     -0.2269283E-01 
