# SumMovie FRC for input stack : stack1_ub_stacked_1500.mrc
# Number of micrographs: 1
# Number of frames per movie: 50
# Pixel size (A): 1.5000
# 1/(A)          FRC
# -----------------------
# 
# Micrograph 1 of 1. Score: .593
 0.1666667E-02   1.000000     
 0.4999999E-02  0.9888085     
 0.8333332E-02  0.8662876     
 0.1166667E-01  0.9189250     
 0.1500000E-01  0.9203637     
 0.1833333E-01  0.8223060     
 0.2166667E-01  0.7563288     
 0.2500000E-01  0.8383738     
 0.2833333E-01  0.8329699     
 0.3166667E-01  0.5817304     
 0.3500000E-01  0.7174278     
 0.3833333E-01  0.4943580     
 0.4166667E-01  0.5417606     
 0.4500000E-01  0.3408185     
 0.4833333E-01  0.2266131     
 0.5166666E-01  0.4981162E-02 
 0.5499999E-01  0.2743272     
 0.5833333E-01  0.2658200     
 0.6166667E-01  0.2767662     
 0.6500000E-01  0.2768096     
 0.6833333E-01  0.3507074E-01 
 0.7166667E-01  0.7137182E-01 
 0.7500000E-01  0.1874635     
 0.7833334E-01  0.1286615     
 0.8166667E-01  0.2412756     
 0.8499999E-01  0.1940017     
 0.8833332E-01  0.6144582E-01 
 0.9166665E-01  0.9135992E-01 
 0.9500000E-01  0.1826763     
 0.9833331E-01  0.1571622     
 0.1016667      0.4854258E-01 
 0.1050000      0.1641928     
 0.1083333      0.9111026E-01 
 0.1116667     -0.4666430E-01 
 0.1150000      0.6781465E-01 
 0.1183333      0.6070447E-01 
 0.1216667      0.3409995E-01 
 0.1250000      0.1321577     
 0.1283333      0.2018271E-01 
 0.1316667      0.1126572     
 0.1350000      0.1296126     
 0.1383333      0.8206858E-01 
 0.1416667      0.3549904E-01 
 0.1450000      0.4317793E-02 
 0.1483333      0.1021935E-01 
 0.1516667      0.1798013     
 0.1550000     -0.6501715E-01 
 0.1583333      0.4042668E-01 
 0.1616667      0.3334178E-01 
 0.1650000      0.4975596E-01 
 0.1683333      0.4167728E-01 
 0.1716667      0.3646551E-01 
 0.1750000     -0.6989484E-02 
 0.1783333      0.1131821     
 0.1816667      0.6938077E-01 
 0.1850000      0.1041226     
 0.1883333     -0.7521064E-02 
 0.1916667      0.4697932E-01 
 0.1950000      0.4864005E-01 
 0.1983333     -0.1961068E-01 
 0.2016667     -0.1031770     
 0.2050000     -0.4572073E-01 
 0.2083333      0.3474249E-01 
 0.2116666      0.2198791E-02 
 0.2150000      0.7013346E-01 
 0.2183333      0.9104392E-01 
 0.2216667      0.6456501E-01 
 0.2250000      0.7005292E-01 
 0.2283333      0.8145624E-01 
 0.2316667      0.1636530E-01 
 0.2350000      0.4800009E-01 
 0.2383333      0.7231831E-01 
 0.2416667      0.6378592E-01 
 0.2450000      0.1398956E-01 
 0.2483333     -0.1348232E-01 
 0.2516667      0.1709638E-01 
 0.2550000     -0.2992621E-01 
 0.2583333      0.7795210E-01 
 0.2616667     -0.2475888E-01 
 0.2650000      0.8201804E-01 
 0.2683333      0.9637027E-02 
 0.2716667      0.1558782E-03 
 0.2750000     -0.1719450E-01 
 0.2783333      0.4535944E-01 
 0.2816667      0.9095175E-01 
 0.2850000      0.6601322E-01 
 0.2883334     -0.2497983E-01 
 0.2916667      0.1151079E-01 
 0.2950000      0.2514580E-02 
 0.2983333      0.4530186E-01 
 0.3016666     -0.3464702E-02 
 0.3050000     -0.4048418E-01 
 0.3083333      0.5871787E-01 
 0.3116666      0.4519149E-01 
 0.3150000      0.1829330E-01 
 0.3183333      0.1006351E-01 
 0.3216667     -0.2131538E-01 
 0.3250000      0.2761644E-01 
 0.3283333      0.5759602E-02 
 0.3316666     -0.6106830E-01 
