# SumMovie FRC for input stack : stack1_ub_stacked_2000.mrc
# Number of micrographs: 1
# Number of frames per movie: 50
# Pixel size (A): 1.5000
# 1/(A)          FRC
# -----------------------
# 
# Micrograph 1 of 1. Score: .597
 0.1666667E-02   1.000000     
 0.4999999E-02  0.9876996     
 0.8333332E-02  0.8627477     
 0.1166667E-01  0.9163666     
 0.1500000E-01  0.9185858     
 0.1833333E-01  0.8233901     
 0.2166667E-01  0.7547607     
 0.2500000E-01  0.8419678     
 0.2833333E-01  0.8419276     
 0.3166667E-01  0.5832886     
 0.3500000E-01  0.7158324     
 0.3833333E-01  0.5104277     
 0.4166667E-01  0.5532812     
 0.4500000E-01  0.3681539     
 0.4833333E-01  0.2008469     
 0.5166666E-01  0.4007963E-02 
 0.5499999E-01  0.2963249     
 0.5833333E-01  0.2844985     
 0.6166667E-01  0.2744286     
 0.6500000E-01  0.2612086     
 0.6833333E-01  0.1130249E-01 
 0.7166667E-01  0.7435627E-01 
 0.7500000E-01  0.1438152     
 0.7833334E-01  0.1429111     
 0.8166667E-01  0.2005610     
 0.8499999E-01  0.1607175     
 0.8833332E-01  0.9062381E-01 
 0.9166665E-01  0.1282606     
 0.9500000E-01  0.1758090     
 0.9833331E-01  0.5779198E-01 
 0.1016667      0.2858453E-01 
 0.1050000      0.8355263E-01 
 0.1083333      0.7369514E-01 
 0.1116667     -0.5346180E-01 
 0.1150000      0.3072339E-01 
 0.1183333     -0.1584568E-03 
 0.1216667      0.5841850E-01 
 0.1250000      0.1070166     
 0.1283333      0.1003629E-01 
 0.1316667      0.1281642E-01 
 0.1350000      0.8796315E-01 
 0.1383333      0.1210475     
 0.1416667     -0.8085120E-01 
 0.1450000     -0.2317713E-01 
 0.1483333      0.3922979E-01 
 0.1516667      0.2262612     
 0.1550000     -0.1937259E-01 
 0.1583333     -0.6381234E-01 
 0.1616667      0.5749758E-01 
 0.1650000      0.4410517E-02 
 0.1683333      0.1127174E-01 
 0.1716667     -0.1396625E-01 
 0.1750000     -0.8584689E-01 
 0.1783333      0.7209018E-02 
 0.1816667      0.9577350E-02 
 0.1850000      0.6560280E-01 
 0.1883333     -0.1135189E-01 
 0.1916667     -0.6738619E-01 
 0.1950000     -0.3987927E-01 
 0.1983333     -0.2285045E-01 
 0.2016667     -0.7920962E-01 
 0.2050000      0.4571032E-01 
 0.2083333      0.2388530E-01 
 0.2116666      0.7903144E-02 
 0.2150000      0.1185682     
 0.2183333      0.6821635E-01 
 0.2216667      0.1802605E-01 
 0.2250000      0.1061936     
 0.2283333      0.8212465E-01 
 0.2316667     -0.9525898E-02 
 0.2350000      0.6082060E-02 
 0.2383333      0.5748416E-01 
 0.2416667      0.1174015E-01 
 0.2450000      0.3311316E-02 
 0.2483333     -0.6949274E-01 
 0.2516667     -0.5784727E-02 
 0.2550000      0.1940514E-01 
 0.2583333      0.6013446E-01 
 0.2616667      0.1088262     
 0.2650000     -0.2163408E-01 
 0.2683333     -0.2516792E-01 
 0.2716667     -0.8461341E-01 
 0.2750000      0.8707013E-02 
 0.2783333      0.5736781E-01 
 0.2816667      0.3838295E-01 
 0.2850000      0.4236752E-01 
 0.2883334     -0.5164788E-01 
 0.2916667      0.2233509E-01 
 0.2950000     -0.2515143E-01 
 0.2983333      0.5363755E-01 
 0.3016666      0.2785645E-02 
 0.3050000      0.4241654E-01 
 0.3083333      0.6709267E-02 
 0.3116666      0.4681814E-01 
 0.3150000     -0.1062197     
 0.3183333      0.1719531E-01 
 0.3216667     -0.3851103E-01 
 0.3250000      0.4068930E-01 
 0.3283333      0.4392775E-01 
 0.3316666     -0.2892420E-01 
