# SumMovie FRC for input stack : stack1_ub_stacked_0.mrc
# Number of micrographs: 1
# Number of frames per movie: 50
# Pixel size (A): 1.5000
# 1/(A)          FRC
# -----------------------
# 
# Micrograph 1 of 1. Score: -.008
 0.1666667E-02   1.000000     
 0.4999999E-02  0.9115741     
 0.8333332E-02  0.2828010     
 0.1166667E-01 -0.7872469E-01 
 0.1500000E-01 -0.1676927     
 0.1833333E-01  0.2107117E-01 
 0.2166667E-01 -0.2089005     
 0.2500000E-01  0.2057608     
 0.2833333E-01 -0.4849820E-01 
 0.3166667E-01 -0.1979548     
 0.3500000E-01 -0.1418236E-01 
 0.3833333E-01 -0.6018962E-01 
 0.4166667E-01  0.5410159E-01 
 0.4500000E-01  0.6765134E-01 
 0.4833333E-01 -0.1856501E-01 
 0.5166666E-01  0.9860579E-01 
 0.5499999E-01 -0.7140225E-01 
 0.5833333E-01 -0.2461251E-01 
 0.6166667E-01 -0.5990341E-02 
 0.6500000E-01  0.3214573E-01 
 0.6833333E-01 -0.8200808E-01 
 0.7166667E-01  0.8385646E-01 
 0.7500000E-01  0.2660296E-01 
 0.7833334E-01  0.3381800E-01 
 0.8166667E-01 -0.9297189E-01 
 0.8499999E-01  0.1146100     
 0.8833332E-01 -0.5468857E-01 
 0.9166665E-01 -0.1923274     
 0.9500000E-01  0.5804451E-01 
 0.9833331E-01  0.7658475E-01 
 0.1016667      0.5832118E-01 
 0.1050000      0.8759845E-01 
 0.1083333      0.8136114E-01 
 0.1116667     -0.5560246E-01 
 0.1150000      0.7664128E-01 
 0.1183333     -0.1088719     
 0.1216667     -0.3063599E-01 
 0.1250000      0.4368028E-01 
 0.1283333      0.5578035E-01 
 0.1316667     -0.1801894E-01 
 0.1350000     -0.1297687     
 0.1383333      0.1300948E-02 
 0.1416667      0.2682974E-01 
 0.1450000      0.5113697E-01 
 0.1483333     -0.3207229E-02 
 0.1516667      0.1938534     
 0.1550000     -0.3679939E-01 
 0.1583333     -0.2271850E-01 
 0.1616667      0.9010021E-01 
 0.1650000     -0.1435763E-01 
 0.1683333      0.9055511E-03 
 0.1716667      0.3215563E-02 
 0.1750000      0.3047037E-01 
 0.1783333     -0.2318337E-01 
 0.1816667      0.3254857E-01 
 0.1850000      0.1920428E-02 
 0.1883333     -0.3562480E-01 
 0.1916667      0.4001297E-01 
 0.1950000     -0.8262376E-01 
 0.1983333     -0.2876436E-01 
 0.2016667      0.2378278E-01 
 0.2050000      0.3222126E-02 
 0.2083333     -0.5639374E-02 
 0.2116666      0.6697309E-01 
 0.2150000     -0.1518623E-01 
 0.2183333      0.3865856E-01 
 0.2216667      0.2764494E-01 
 0.2250000      0.7179539E-02 
 0.2283333     -0.3716027E-01 
 0.2316667      0.3588058E-01 
 0.2350000     -0.1347500E-01 
 0.2383333      0.3322775E-01 
 0.2416667      0.2289972E-01 
 0.2450000      0.1183361     
 0.2483333      0.1375645E-01 
 0.2516667      0.2792088E-01 
 0.2550000      0.1747008E-01 
 0.2583333     -0.4183821E-02 
 0.2616667     -0.1324519E-01 
 0.2650000      0.7496063E-01 
 0.2683333      0.8227757E-01 
 0.2716667     -0.3430313E-01 
 0.2750000     -0.4296185E-01 
 0.2783333     -0.4220176E-01 
 0.2816667      0.5254697E-01 
 0.2850000     -0.1774095E-02 
 0.2883334     -0.6880933E-01 
 0.2916667     -0.5843078E-01 
 0.2950000      0.9444408E-02 
 0.2983333     -0.4741582E-01 
 0.3016666     -0.7053347E-02 
 0.3050000     -0.1641130E-01 
 0.3083333      0.3711203E-01 
 0.3116666      0.8615752E-01 
 0.3150000     -0.1656076E-01 
 0.3183333      0.1108958E-01 
 0.3216667      0.2007096E-03 
 0.3250000      0.1471253E-02 
 0.3283333      0.9285928E-01 
 0.3316666      0.2933121E-01 
