# SumMovie FRC for input stack : stack1.mrc
# Number of micrographs: 1
# Number of frames per movie: 50
# Pixel size (A): 1.5000
# 1/(A)          FRC
# -----------------------
# 
# Micrograph 1 of 1. Score: .597
 0.1666667E-02   1.000000     
 0.4999999E-02  0.9776790     
 0.8333332E-02  0.8660184     
 0.1166667E-01  0.9152845     
 0.1500000E-01  0.9185780     
 0.1833333E-01  0.8274899     
 0.2166667E-01  0.7403753     
 0.2500000E-01  0.8337311     
 0.2833333E-01  0.8376657     
 0.3166667E-01  0.5866622     
 0.3500000E-01  0.7215097     
 0.3833333E-01  0.5317487     
 0.4166667E-01  0.5615430     
 0.4500000E-01  0.3571063     
 0.4833333E-01  0.1968700     
 0.5166666E-01  0.1449440E-01 
 0.5499999E-01  0.2618621     
 0.5833333E-01  0.2723739     
 0.6166667E-01  0.2550481     
 0.6500000E-01  0.2705055     
 0.6833333E-01  0.6223496E-01 
 0.7166667E-01  0.3709648E-01 
 0.7500000E-01  0.1517253     
 0.7833334E-01  0.1487822     
 0.8166667E-01  0.1931451     
 0.8499999E-01  0.1652271     
 0.8833332E-01  0.8084881E-01 
 0.9166665E-01  0.1311446     
 0.9500000E-01  0.1655473     
 0.9833331E-01  0.5205118E-01 
 0.1016667      0.8279094E-02 
 0.1050000      0.7853017E-01 
 0.1083333      0.4013478E-01 
 0.1116667     -0.6251585E-01 
 0.1150000      0.1805866E-01 
 0.1183333     -0.1169474E-01 
 0.1216667      0.8914985E-01 
 0.1250000      0.1404308     
 0.1283333      0.3443122E-01 
 0.1316667      0.1178106E-01 
 0.1350000      0.3410810E-01 
 0.1383333      0.1031192     
 0.1416667     -0.5342517E-01 
 0.1450000     -0.9566882E-02 
 0.1483333      0.5322646E-01 
 0.1516667      0.1752217     
 0.1550000     -0.1608431E-01 
 0.1583333     -0.4901693E-01 
 0.1616667      0.4729812E-01 
 0.1650000      0.1220250E-01 
 0.1683333     -0.1745790E-01 
 0.1716667     -0.1412956E-01 
 0.1750000     -0.7195305E-01 
 0.1783333      0.3971076E-01 
 0.1816667      0.4768294E-01 
 0.1850000      0.2776026E-01 
 0.1883333      0.4476722E-01 
 0.1916667     -0.2499766E-01 
 0.1950000     -0.4219139E-01 
 0.1983333     -0.1210934E-01 
 0.2016667     -0.9580123E-01 
 0.2050000      0.4669428E-01 
 0.2083333      0.3539999E-01 
 0.2116666     -0.2751704E-01 
 0.2150000      0.1109137     
 0.2183333      0.7885832E-01 
 0.2216667      0.1869566E-01 
 0.2250000      0.1107470     
 0.2283333      0.9734776E-01 
 0.2316667     -0.2021602E-01 
 0.2350000     -0.3623921E-01 
 0.2383333      0.4547242E-01 
 0.2416667     -0.1734602E-01 
 0.2450000     -0.1529983E-01 
 0.2483333     -0.7754520E-01 
 0.2516667     -0.1764503E-01 
 0.2550000     -0.2990337E-01 
 0.2583333      0.7710388E-01 
 0.2616667      0.6657008E-01 
 0.2650000     -0.4060011E-01 
 0.2683333      0.4737192E-01 
 0.2716667     -0.9110448E-01 
 0.2750000      0.2317283E-01 
 0.2783333      0.7412045E-01 
 0.2816667     -0.1396742E-01 
 0.2850000      0.7623191E-01 
 0.2883334     -0.2987585E-01 
 0.2916667      0.8823826E-02 
 0.2950000      0.1059566E-01 
 0.2983333     -0.2778272E-01 
 0.3016666     -0.1818570E-01 
 0.3050000      0.9951205E-02 
 0.3083333     -0.5004411E-02 
 0.3116666      0.6808853E-01 
 0.3150000     -0.6233705E-01 
 0.3183333      0.4008362E-01 
 0.3216667      0.7610558E-02 
 0.3250000      0.9103084E-03 
 0.3283333      0.9072849E-01 
 0.3316666     -0.3016561E-01 
