# SumMovie FRC for input stack : stack1_ub_stacked_1000.mrc
# Number of micrographs: 1
# Number of frames per movie: 50
# Pixel size (A): 1.5000
# 1/(A)          FRC
# -----------------------
# 
# Micrograph 1 of 1. Score: .596
 0.1666667E-02  0.9999999     
 0.4999999E-02  0.9891265     
 0.8333332E-02  0.8662725     
 0.1166667E-01  0.9148697     
 0.1500000E-01  0.9193441     
 0.1833333E-01  0.8172027     
 0.2166667E-01  0.7567710     
 0.2500000E-01  0.8373722     
 0.2833333E-01  0.8404637     
 0.3166667E-01  0.5908869     
 0.3500000E-01  0.7134315     
 0.3833333E-01  0.5119610     
 0.4166667E-01  0.5649015     
 0.4500000E-01  0.3549045     
 0.4833333E-01  0.1938090     
 0.5166666E-01  0.1369966E-01 
 0.5499999E-01  0.2874291     
 0.5833333E-01  0.3333822     
 0.6166667E-01  0.2828975     
 0.6500000E-01  0.2454190     
 0.6833333E-01  0.3863410E-01 
 0.7166667E-01  0.1049884     
 0.7500000E-01  0.1967152     
 0.7833334E-01  0.1634059     
 0.8166667E-01  0.2338212     
 0.8499999E-01  0.1945692     
 0.8833332E-01  0.8457963E-01 
 0.9166665E-01  0.1219679     
 0.9500000E-01  0.2071228     
 0.9833331E-01  0.1361509     
 0.1016667      0.2879761E-01 
 0.1050000      0.7663875E-01 
 0.1083333      0.8418506E-01 
 0.1116667     -0.2680012E-01 
 0.1150000      0.5474625E-02 
 0.1183333     -0.9118422E-02 
 0.1216667      0.1479997E-01 
 0.1250000      0.9482993E-01 
 0.1283333      0.5308544E-01 
 0.1316667      0.9794128E-01 
 0.1350000      0.4741468E-01 
 0.1383333      0.1213295     
 0.1416667     -0.1358854E-01 
 0.1450000      0.1131916E-02 
 0.1483333      0.4833899E-01 
 0.1516667      0.1722675     
 0.1550000     -0.2520045E-01 
 0.1583333     -0.3804972E-02 
 0.1616667      0.6152071E-01 
 0.1650000      0.4793675E-01 
 0.1683333      0.6319857E-02 
 0.1716667      0.2851584E-01 
 0.1750000     -0.3706911E-02 
 0.1783333      0.6622603E-01 
 0.1816667      0.6846863E-01 
 0.1850000      0.8983125E-01 
 0.1883333      0.1692658E-01 
 0.1916667      0.4469630E-01 
 0.1950000      0.1499010E-01 
 0.1983333     -0.6317533E-01 
 0.2016667     -0.1547510     
 0.2050000      0.3950515E-01 
 0.2083333      0.1711162E-01 
 0.2116666     -0.1188950E-01 
 0.2150000      0.7165921E-01 
 0.2183333      0.7735319E-01 
 0.2216667      0.7649463E-02 
 0.2250000      0.9462801E-01 
 0.2283333      0.1008600     
 0.2316667      0.2243795E-01 
 0.2350000      0.4508750E-01 
 0.2383333      0.7085752E-01 
 0.2416667      0.1651089E-01 
 0.2450000      0.4911797E-01 
 0.2483333     -0.2272765E-01 
 0.2516667      0.3419453E-01 
 0.2550000      0.6749082E-02 
 0.2583333      0.2850650E-01 
 0.2616667      0.5004578E-01 
 0.2650000      0.2406679E-01 
 0.2683333      0.5271601E-01 
 0.2716667     -0.2393468E-01 
 0.2750000      0.3046365E-01 
 0.2783333      0.4506010E-01 
 0.2816667      0.4286923E-01 
 0.2850000      0.2055272E-01 
 0.2883334     -0.2081859E-01 
 0.2916667     -0.4053835E-02 
 0.2950000      0.5896188E-02 
 0.2983333      0.2951317E-01 
 0.3016666      0.1742467E-01 
 0.3050000      0.8035238E-03 
 0.3083333      0.3618509E-02 
 0.3116666      0.1595703E-01 
 0.3150000     -0.1483117E-01 
 0.3183333     -0.3521870E-01 
 0.3216667      0.1294958E-01 
 0.3250000     -0.3853594E-01 
 0.3283333      0.7171218E-01 
 0.3316666     -0.4735717E-01 
