# SumMovie FRC for input stack : stack6.mrc
# Number of micrographs: 1
# Number of frames per movie: 50
# Pixel size (A): 3.0000
# 1/(A)          FRC
# -----------------------
# 
# Micrograph 1 of 1. Score: .592
 0.8333334E-03  0.9999999     
 0.2500000E-02  0.9512964     
 0.4166666E-02  0.9319102     
 0.5833333E-02  0.8474830     
 0.7499999E-02  0.8654215     
 0.9166666E-02  0.6781588     
 0.1083333E-01  0.6579278     
 0.1250000E-01  0.8497296     
 0.1416667E-01  0.8879254     
 0.1583333E-01  0.9351405     
 0.1750000E-01  0.8938628     
 0.1916667E-01  0.6009282     
 0.2083333E-01  0.6729127     
 0.2250000E-01  0.8429115     
 0.2416667E-01  0.9024580     
 0.2583333E-01  0.8571954     
 0.2750000E-01  0.7348828     
 0.2916667E-01  0.6261675     
 0.3083333E-01  0.6976141     
 0.3250000E-01  0.7293208     
 0.3416666E-01  0.7022233     
 0.3583334E-01  0.6002187     
 0.3750000E-01  0.5391351     
 0.3916667E-01  0.5309932     
 0.4083334E-01  0.5746011     
 0.4250000E-01  0.4581570     
 0.4416666E-01  0.3954858     
 0.4583333E-01  0.3665431     
 0.4750000E-01  0.3030556     
 0.4916666E-01  0.2231199     
 0.5083333E-01  0.1347277     
 0.5250000E-01  0.1169026     
 0.5416667E-01  0.6195581E-01 
 0.5583333E-01  0.9898452E-01 
 0.5750000E-01  0.1209320     
 0.5916666E-01  0.1992686     
 0.6083334E-01  0.2706470     
 0.6250000E-01  0.2924394     
 0.6416667E-01  0.3447352     
 0.6583333E-01  0.3730164     
 0.6750000E-01  0.3481790     
 0.6916667E-01  0.3468812     
 0.7083333E-01  0.2915255     
 0.7250000E-01  0.2238719     
 0.7416667E-01  0.1273188     
 0.7583334E-01  0.7707232E-01 
 0.7749999E-01  0.7059024E-01 
 0.7916667E-01  0.7742517E-01 
 0.8083334E-01  0.1854042     
 0.8250000E-01  0.2291414     
 0.8416667E-01  0.2955821     
 0.8583333E-01  0.3108919     
 0.8750000E-01  0.2918367     
 0.8916666E-01  0.2445532     
 0.9083333E-01  0.1633489     
 0.9250000E-01  0.8541869E-01 
 0.9416667E-01  0.5150668E-01 
 0.9583333E-01  0.8530645E-01 
 0.9750000E-01  0.8780601E-01 
 0.9916665E-01  0.1410919     
 0.1008333      0.2199251     
 0.1025000      0.2411250     
 0.1041667      0.1733631     
 0.1058333      0.1521832     
 0.1075000      0.8221228E-01 
 0.1091667      0.7389137E-01 
 0.1108333      0.4487353E-01 
 0.1125000      0.8452470E-01 
 0.1141667      0.1408578     
 0.1158333      0.1932349     
 0.1175000      0.1706040     
 0.1191667      0.1320953     
 0.1208333      0.4218838E-01 
 0.1225000      0.4424651E-01 
 0.1241667      0.3284886E-01 
 0.1258333      0.1030324     
 0.1275000      0.1217643     
 0.1291667      0.1276481     
 0.1308333      0.1166305     
 0.1325000      0.6204105E-01 
 0.1341667      0.4761906E-01 
 0.1358333      0.7464597E-01 
 0.1375000      0.6696843E-01 
 0.1391667      0.1022493     
 0.1408333      0.8988617E-01 
 0.1425000      0.7140548E-01 
 0.1441667      0.5985240E-01 
 0.1458333      0.3654791E-01 
 0.1475000      0.5234690E-01 
 0.1491667      0.7301765E-01 
 0.1508333      0.9144221E-01 
 0.1525000      0.6690589E-01 
 0.1541667      0.4558907E-01 
 0.1558333      0.3610140E-01 
 0.1575000      0.7193878E-01 
 0.1591667      0.8387024E-01 
 0.1608333      0.7651854E-01 
 0.1625000      0.7670134E-01 
 0.1641667      0.5520891E-01 
 0.1658333      0.2899740E-01 
