# SumMovie FRC for input stack : stack6.mrc
# Number of micrographs: 1
# Number of frames per movie: 50
# Pixel size (A): 3.0000
# 1/(A)          FRC
# -----------------------
# 
# Micrograph 1 of 1. Score: .557
 0.8333334E-03  0.9999998     
 0.2500000E-02  0.9512603     
 0.4166666E-02  0.9316086     
 0.5833333E-02  0.8459577     
 0.7499999E-02  0.8637925     
 0.9166666E-02  0.6694866     
 0.1083333E-01  0.6503465     
 0.1250000E-01  0.8443034     
 0.1416667E-01  0.8793823     
 0.1583333E-01  0.9283261     
 0.1750000E-01  0.8873774     
 0.1916667E-01  0.5959461     
 0.2083333E-01  0.6514641     
 0.2250000E-01  0.8176776     
 0.2416667E-01  0.8833768     
 0.2583333E-01  0.8321081     
 0.2750000E-01  0.7061967     
 0.2916667E-01  0.5948697     
 0.3083333E-01  0.6518042     
 0.3250000E-01  0.6940260     
 0.3416666E-01  0.6652724     
 0.3583334E-01  0.5531223     
 0.3750000E-01  0.4934059     
 0.3916667E-01  0.4749247     
 0.4083334E-01  0.4973844     
 0.4250000E-01  0.4137059     
 0.4416666E-01  0.3541703     
 0.4583333E-01  0.3081683     
 0.4750000E-01  0.2708490     
 0.4916666E-01  0.1944482     
 0.5083333E-01  0.1178263     
 0.5250000E-01  0.1503418     
 0.5416667E-01  0.9375574E-01 
 0.5583333E-01  0.1415215     
 0.5750000E-01  0.1268985     
 0.5916666E-01  0.1889278     
 0.6083334E-01  0.2407622     
 0.6250000E-01  0.2746984     
 0.6416667E-01  0.2980897     
 0.6583333E-01  0.2976121     
 0.6750000E-01  0.3092594     
 0.6916667E-01  0.3016792     
 0.7083333E-01  0.2417158     
 0.7250000E-01  0.2035275     
 0.7416667E-01  0.1468621     
 0.7583334E-01  0.1010757     
 0.7749999E-01  0.8190607E-01 
 0.7916667E-01  0.1142823     
 0.8083334E-01  0.1659663     
 0.8250000E-01  0.2014295     
 0.8416667E-01  0.2387958     
 0.8583333E-01  0.2668132     
 0.8750000E-01  0.2402061     
 0.8916666E-01  0.2575531     
 0.9083333E-01  0.1276025     
 0.9250000E-01  0.1377304     
 0.9416667E-01  0.9019286E-01 
 0.9583333E-01  0.1363861     
 0.9750000E-01  0.1394802     
 0.9916665E-01  0.1678570     
 0.1008333      0.1825434     
 0.1025000      0.2043197     
 0.1041667      0.1944490     
 0.1058333      0.1292595     
 0.1075000      0.1204601     
 0.1091667      0.8495127E-01 
 0.1108333      0.9347069E-01 
 0.1125000      0.1378807     
 0.1141667      0.1525681     
 0.1158333      0.2011626     
 0.1175000      0.1702231     
 0.1191667      0.1503528     
 0.1208333      0.1289381     
 0.1225000      0.9331948E-01 
 0.1241667      0.1147109     
 0.1258333      0.1153740     
 0.1275000      0.1712868     
 0.1291667      0.1555309     
 0.1308333      0.1677278     
 0.1325000      0.9441082E-01 
 0.1341667      0.8733886E-01 
 0.1358333      0.1200055     
 0.1375000      0.1154040     
 0.1391667      0.1135132     
 0.1408333      0.1444760     
 0.1425000      0.1080344     
 0.1441667      0.1078670     
 0.1458333      0.9846758E-01 
 0.1475000      0.1340059     
 0.1491667      0.1409473     
 0.1508333      0.1475004     
 0.1525000      0.1352562     
 0.1541667      0.8957353E-01 
 0.1558333      0.1202377     
 0.1575000      0.1152509     
 0.1591667      0.1408911     
 0.1608333      0.1411922     
 0.1625000      0.1098446     
 0.1641667      0.1034124     
 0.1658333      0.9544198E-01 
