# SumMovie FRC for input stack : stack1.mrc
# Number of micrographs: 1
# Number of frames per movie: 50
# Pixel size (A): 3.0000
# 1/(A)          FRC
# -----------------------
# 
# Micrograph 1 of 1. Score: .546
 0.8333334E-03  0.9999993     
 0.2500000E-02  0.9744557     
 0.4166666E-02  0.9570104     
 0.5833333E-02  0.9207125     
 0.7499999E-02  0.9048068     
 0.9166666E-02  0.7499352     
 0.1083333E-01  0.7273743     
 0.1250000E-01  0.8559661     
 0.1416667E-01  0.9223017     
 0.1583333E-01  0.9261370     
 0.1750000E-01  0.8739964     
 0.1916667E-01  0.6747184     
 0.2083333E-01  0.7637635     
 0.2250000E-01  0.8703936     
 0.2416667E-01  0.9034095     
 0.2583333E-01  0.8719257     
 0.2750000E-01  0.7480300     
 0.2916667E-01  0.6444066     
 0.3083333E-01  0.7091240     
 0.3250000E-01  0.7378554     
 0.3416666E-01  0.6842415     
 0.3583334E-01  0.5451465     
 0.3750000E-01  0.4823321     
 0.3916667E-01  0.4612980     
 0.4083334E-01  0.4487851     
 0.4250000E-01  0.4006886     
 0.4416666E-01  0.2587953     
 0.4583333E-01  0.1701777     
 0.4750000E-01  0.1880731     
 0.4916666E-01  0.9718317E-01 
 0.5083333E-01  0.6285580E-01 
 0.5250000E-01  0.6816630E-01 
 0.5416667E-01  0.1272583     
 0.5583333E-01  0.1860957     
 0.5750000E-01  0.2524375     
 0.5916666E-01  0.3151381     
 0.6083334E-01  0.3426848     
 0.6250000E-01  0.3285880     
 0.6416667E-01  0.2991605     
 0.6583333E-01  0.2712888     
 0.6750000E-01  0.1615136     
 0.6916667E-01  0.1347554     
 0.7083333E-01  0.8580883E-01 
 0.7250000E-01  0.7016800E-01 
 0.7416667E-01  0.1059401     
 0.7583334E-01  0.1649385     
 0.7749999E-01  0.2469118     
 0.7916667E-01  0.2986144     
 0.8083334E-01  0.2872571     
 0.8250000E-01  0.2836412     
 0.8416667E-01  0.2243394     
 0.8583333E-01  0.1229209     
 0.8750000E-01  0.6138615E-01 
 0.8916666E-01  0.3200283E-01 
 0.9083333E-01  0.1293414     
 0.9250000E-01  0.1938735     
 0.9416667E-01  0.2360945     
 0.9583333E-01  0.2472689     
 0.9750000E-01  0.1965013     
 0.9916665E-01  0.1083291     
 0.1008333      0.6596401E-01 
 0.1025000      0.4356833E-01 
 0.1041667      0.1205150     
 0.1058333      0.1523098     
 0.1075000      0.1585567     
 0.1091667      0.1738505     
 0.1108333      0.1300534     
 0.1125000      0.1227890     
 0.1141667      0.3727661E-01 
 0.1158333      0.6413497E-01 
 0.1175000      0.1092128     
 0.1191667      0.1079700     
 0.1208333      0.1124886     
 0.1225000      0.9799082E-01 
 0.1241667      0.4577529E-01 
 0.1258333      0.3847867E-01 
 0.1275000      0.5774236E-01 
 0.1291667      0.1097253     
 0.1308333      0.1204969     
 0.1325000      0.6592520E-01 
 0.1341667      0.4673614E-01 
 0.1358333      0.3037758E-01 
 0.1375000      0.1021670     
 0.1391667      0.6203779E-01 
 0.1408333      0.1077598     
 0.1425000      0.6592239E-01 
 0.1441667      0.3127085E-01 
 0.1458333      0.3042424E-01 
 0.1475000      0.7217353E-01 
 0.1491667      0.5549226E-01 
 0.1508333      0.6288349E-01 
 0.1525000      0.2778412E-01 
 0.1541667      0.5531416E-01 
 0.1558333      0.8523055E-01 
 0.1575000      0.4533358E-01 
 0.1591667      0.2119935E-01 
 0.1608333      0.3061733E-01 
 0.1625000      0.4791083E-01 
 0.1641667      0.3701131E-01 
 0.1658333      0.3016935E-01 
