# SumMovie FRC for input stack : stack16.mrc
# Number of micrographs: 1
# Number of frames per movie: 50
# Pixel size (A): 3.0000
# 1/(A)          FRC
# -----------------------
# 
# Micrograph 1 of 1. Score: .525
 0.8333334E-03  0.9999994     
 0.2500000E-02  0.9669174     
 0.4166666E-02  0.9458449     
 0.5833333E-02  0.9107106     
 0.7499999E-02  0.8941361     
 0.9166666E-02  0.8407772     
 0.1083333E-01  0.7706665     
 0.1250000E-01  0.8776571     
 0.1416667E-01  0.9329578     
 0.1583333E-01  0.9632379     
 0.1750000E-01  0.9428150     
 0.1916667E-01  0.7623485     
 0.2083333E-01  0.7979642     
 0.2250000E-01  0.8901026     
 0.2416667E-01  0.9322411     
 0.2583333E-01  0.9225497     
 0.2750000E-01  0.8088055     
 0.2916667E-01  0.6735513     
 0.3083333E-01  0.7266350     
 0.3250000E-01  0.7712950     
 0.3416666E-01  0.6918241     
 0.3583334E-01  0.5453841     
 0.3750000E-01  0.4219785     
 0.3916667E-01  0.3576811     
 0.4083334E-01  0.2895319     
 0.4250000E-01  0.1164462     
 0.4416666E-01  0.1226923     
 0.4583333E-01  0.1088540     
 0.4750000E-01  0.1371198     
 0.4916666E-01  0.2660201     
 0.5083333E-01  0.3214658     
 0.5250000E-01  0.3474016     
 0.5416667E-01  0.3511410     
 0.5583333E-01  0.3965682     
 0.5750000E-01  0.3330882     
 0.5916666E-01  0.2561949     
 0.6083334E-01  0.1632039     
 0.6250000E-01  0.9163304E-01 
 0.6416667E-01  0.1195051     
 0.6583333E-01  0.1377508     
 0.6750000E-01  0.1785972     
 0.6916667E-01  0.2875200     
 0.7083333E-01  0.3727906     
 0.7250000E-01  0.3245176     
 0.7416667E-01  0.2579893     
 0.7583334E-01  0.1587227     
 0.7749999E-01  0.1115324     
 0.7916667E-01  0.8875994E-01 
 0.8083334E-01  0.2368272     
 0.8250000E-01  0.2326793     
 0.8416667E-01  0.3117084     
 0.8583333E-01  0.2676589     
 0.8750000E-01  0.1794076     
 0.8916666E-01  0.1190327     
 0.9083333E-01  0.9684063E-01 
 0.9250000E-01  0.1846095     
 0.9416667E-01  0.2347764     
 0.9583333E-01  0.2410676     
 0.9750000E-01  0.1970831     
 0.9916665E-01  0.1305853     
 0.1008333      0.1139963     
 0.1025000      0.1315415     
 0.1041667      0.1838144     
 0.1058333      0.2167600     
 0.1075000      0.1817558     
 0.1091667      0.1258224     
 0.1108333      0.6843124E-01 
 0.1125000      0.1527459     
 0.1141667      0.1809812     
 0.1158333      0.1755567     
 0.1175000      0.1344160     
 0.1191667      0.8129635E-01 
 0.1208333      0.1172641     
 0.1225000      0.1494529     
 0.1241667      0.1749087     
 0.1258333      0.1238434     
 0.1275000      0.9038807E-01 
 0.1291667      0.1227409     
 0.1308333      0.1326577     
 0.1325000      0.1342015     
 0.1341667      0.1135859     
 0.1358333      0.7825113E-01 
 0.1375000      0.1378543     
 0.1391667      0.1386947     
 0.1408333      0.1464721     
 0.1425000      0.1074306     
 0.1441667      0.1209255     
 0.1458333      0.1201784     
 0.1475000      0.1209602     
 0.1491667      0.1191874     
 0.1508333      0.9284376E-01 
 0.1525000      0.1380539     
 0.1541667      0.1137705     
 0.1558333      0.1003085     
 0.1575000      0.9619546E-01 
 0.1591667      0.1070296     
 0.1608333      0.1250814     
 0.1625000      0.7235385E-01 
 0.1641667      0.9912343E-01 
 0.1658333      0.1350508     
