# SumMovie FRC for input stack : stack16.mrc
# Number of micrographs: 1
# Number of frames per movie: 50
# Pixel size (A): 3.0000
# 1/(A)          FRC
# -----------------------
# 
# Micrograph 1 of 1. Score: .538
 0.8333334E-03  0.9999994     
 0.2500000E-02  0.9672151     
 0.4166666E-02  0.9454502     
 0.5833333E-02  0.9120668     
 0.7499999E-02  0.8964550     
 0.9166666E-02  0.8416869     
 0.1083333E-01  0.7767023     
 0.1250000E-01  0.8839045     
 0.1416667E-01  0.9354916     
 0.1583333E-01  0.9656520     
 0.1750000E-01  0.9459328     
 0.1916667E-01  0.7764516     
 0.2083333E-01  0.8031439     
 0.2250000E-01  0.9024673     
 0.2416667E-01  0.9433917     
 0.2583333E-01  0.9341199     
 0.2750000E-01  0.8306851     
 0.2916667E-01  0.7049865     
 0.3083333E-01  0.7540051     
 0.3250000E-01  0.7966108     
 0.3416666E-01  0.7329634     
 0.3583334E-01  0.6086327     
 0.3750000E-01  0.4393386     
 0.3916667E-01  0.3794178     
 0.4083334E-01  0.2913438     
 0.4250000E-01  0.1225945     
 0.4416666E-01  0.1193179     
 0.4583333E-01  0.8386717E-01 
 0.4750000E-01  0.1482047     
 0.4916666E-01  0.2680793     
 0.5083333E-01  0.3441437     
 0.5250000E-01  0.3892800     
 0.5416667E-01  0.3820954     
 0.5583333E-01  0.4242398     
 0.5750000E-01  0.3624147     
 0.5916666E-01  0.2777869     
 0.6083334E-01  0.1863039     
 0.6250000E-01  0.7964530E-01 
 0.6416667E-01  0.1026967     
 0.6583333E-01  0.1373264     
 0.6750000E-01  0.2070951     
 0.6916667E-01  0.3156032     
 0.7083333E-01  0.4068446     
 0.7250000E-01  0.3721768     
 0.7416667E-01  0.3064508     
 0.7583334E-01  0.1814629     
 0.7749999E-01  0.1176018     
 0.7916667E-01  0.9357014E-01 
 0.8083334E-01  0.2495225     
 0.8250000E-01  0.2751249     
 0.8416667E-01  0.3598445     
 0.8583333E-01  0.3017949     
 0.8750000E-01  0.1830201     
 0.8916666E-01  0.1189956     
 0.9083333E-01  0.7675067E-01 
 0.9250000E-01  0.1854120     
 0.9416667E-01  0.2608351     
 0.9583333E-01  0.2783563     
 0.9750000E-01  0.2070140     
 0.9916665E-01  0.9494748E-01 
 0.1008333      0.5761009E-01 
 0.1025000      0.1201697     
 0.1041667      0.1910655     
 0.1058333      0.2394411     
 0.1075000      0.1786365     
 0.1091667      0.1084303     
 0.1108333      0.5476891E-01 
 0.1125000      0.1369099     
 0.1141667      0.1976605     
 0.1158333      0.1882539     
 0.1175000      0.1119156     
 0.1191667      0.4611310E-01 
 0.1208333      0.8792047E-01 
 0.1225000      0.1565924     
 0.1241667      0.1724997     
 0.1258333      0.1080441     
 0.1275000      0.6417923E-01 
 0.1291667      0.8829833E-01 
 0.1308333      0.1184852     
 0.1325000      0.1341538     
 0.1341667      0.6558184E-01 
 0.1358333      0.4594540E-01 
 0.1375000      0.1109302     
 0.1391667      0.1354533     
 0.1408333      0.9148929E-01 
 0.1425000      0.7382992E-01 
 0.1441667      0.7275432E-01 
 0.1458333      0.1120066     
 0.1475000      0.9134678E-01 
 0.1491667      0.5923891E-01 
 0.1508333      0.6819018E-01 
 0.1525000      0.9820760E-01 
 0.1541667      0.8268820E-01 
 0.1558333      0.7403984E-01 
 0.1575000      0.4254624E-01 
 0.1591667      0.8210489E-01 
 0.1608333      0.8565748E-01 
 0.1625000      0.4376709E-01 
 0.1641667      0.6244971E-01 
 0.1658333      0.1292019     
