# SumMovie FRC for input stack : stack6.mrc
# Number of micrographs: 1
# Number of frames per movie: 50
# Pixel size (A): 3.0000
# 1/(A)          FRC
# -----------------------
# 
# Micrograph 1 of 1. Score: .592
 0.8333334E-03  0.9999999     
 0.2500000E-02  0.9513050     
 0.4166666E-02  0.9319261     
 0.5833333E-02  0.8474318     
 0.7499999E-02  0.8654105     
 0.9166666E-02  0.6782995     
 0.1083333E-01  0.6583505     
 0.1250000E-01  0.8497421     
 0.1416667E-01  0.8878311     
 0.1583333E-01  0.9351271     
 0.1750000E-01  0.8940856     
 0.1916667E-01  0.6008050     
 0.2083333E-01  0.6728334     
 0.2250000E-01  0.8427208     
 0.2416667E-01  0.9024939     
 0.2583333E-01  0.8571042     
 0.2750000E-01  0.7350064     
 0.2916667E-01  0.6260162     
 0.3083333E-01  0.6976337     
 0.3250000E-01  0.7294533     
 0.3416666E-01  0.7024994     
 0.3583334E-01  0.6000525     
 0.3750000E-01  0.5393960     
 0.3916667E-01  0.5312192     
 0.4083334E-01  0.5745899     
 0.4250000E-01  0.4577662     
 0.4416666E-01  0.3956311     
 0.4583333E-01  0.3660562     
 0.4750000E-01  0.3027857     
 0.4916666E-01  0.2232714     
 0.5083333E-01  0.1349677     
 0.5250000E-01  0.1184710     
 0.5416667E-01  0.6323786E-01 
 0.5583333E-01  0.9992500E-01 
 0.5750000E-01  0.1214374     
 0.5916666E-01  0.2005010     
 0.6083334E-01  0.2714603     
 0.6250000E-01  0.2933378     
 0.6416667E-01  0.3455290     
 0.6583333E-01  0.3733706     
 0.6750000E-01  0.3499795     
 0.6916667E-01  0.3473153     
 0.7083333E-01  0.2916464     
 0.7250000E-01  0.2236895     
 0.7416667E-01  0.1279744     
 0.7583334E-01  0.7909625E-01 
 0.7749999E-01  0.7126328E-01 
 0.7916667E-01  0.7875134E-01 
 0.8083334E-01  0.1870614     
 0.8250000E-01  0.2290835     
 0.8416667E-01  0.2977405     
 0.8583333E-01  0.3112794     
 0.8750000E-01  0.2919741     
 0.8916666E-01  0.2457622     
 0.9083333E-01  0.1636237     
 0.9250000E-01  0.8571107E-01 
 0.9416667E-01  0.5143195E-01 
 0.9583333E-01  0.8739777E-01 
 0.9750000E-01  0.8957248E-01 
 0.9916665E-01  0.1429148     
 0.1008333      0.2176172     
 0.1025000      0.2417512     
 0.1041667      0.1742104     
 0.1058333      0.1516127     
 0.1075000      0.8335744E-01 
 0.1091667      0.7239846E-01 
 0.1108333      0.4706703E-01 
 0.1125000      0.8529004E-01 
 0.1141667      0.1425514     
 0.1158333      0.1926426     
 0.1175000      0.1730287     
 0.1191667      0.1334618     
 0.1208333      0.4344803E-01 
 0.1225000      0.4378289E-01 
 0.1241667      0.3547377E-01 
 0.1258333      0.1043540     
 0.1275000      0.1243409     
 0.1291667      0.1282807     
 0.1308333      0.1166600     
 0.1325000      0.6202295E-01 
 0.1341667      0.5158591E-01 
 0.1358333      0.7595710E-01 
 0.1375000      0.6808301E-01 
 0.1391667      0.1043895     
 0.1408333      0.9149422E-01 
 0.1425000      0.7279971E-01 
 0.1441667      0.6167880E-01 
 0.1458333      0.3867295E-01 
 0.1475000      0.5252535E-01 
 0.1491667      0.7648351E-01 
 0.1508333      0.9384578E-01 
 0.1525000      0.6723694E-01 
 0.1541667      0.4772058E-01 
 0.1558333      0.3909634E-01 
 0.1575000      0.7427077E-01 
 0.1591667      0.8479287E-01 
 0.1608333      0.7621431E-01 
 0.1625000      0.7756480E-01 
 0.1641667      0.5632989E-01 
 0.1658333      0.2928654E-01 
