# SumMovie FRC for input stack : stack1.mrc
# Number of micrographs: 1
# Number of frames per movie: 50
# Pixel size (A): 3.0000
# 1/(A)          FRC
# -----------------------
# 
# Micrograph 1 of 1. Score: .546
 0.8333334E-03  0.9999993     
 0.2500000E-02  0.9744574     
 0.4166666E-02  0.9570205     
 0.5833333E-02  0.9207305     
 0.7499999E-02  0.9048493     
 0.9166666E-02  0.7499942     
 0.1083333E-01  0.7274269     
 0.1250000E-01  0.8561316     
 0.1416667E-01  0.9223084     
 0.1583333E-01  0.9262375     
 0.1750000E-01  0.8740586     
 0.1916667E-01  0.6748896     
 0.2083333E-01  0.7637658     
 0.2250000E-01  0.8703764     
 0.2416667E-01  0.9034016     
 0.2583333E-01  0.8719665     
 0.2750000E-01  0.7480522     
 0.2916667E-01  0.6440881     
 0.3083333E-01  0.7090135     
 0.3250000E-01  0.7378892     
 0.3416666E-01  0.6842675     
 0.3583334E-01  0.5450207     
 0.3750000E-01  0.4819211     
 0.3916667E-01  0.4608918     
 0.4083334E-01  0.4485416     
 0.4250000E-01  0.4005150     
 0.4416666E-01  0.2583267     
 0.4583333E-01  0.1690909     
 0.4750000E-01  0.1877125     
 0.4916666E-01  0.9648697E-01 
 0.5083333E-01  0.6269220E-01 
 0.5250000E-01  0.6689242E-01 
 0.5416667E-01  0.1265278     
 0.5583333E-01  0.1861705     
 0.5750000E-01  0.2506446     
 0.5916666E-01  0.3152829     
 0.6083334E-01  0.3422635     
 0.6250000E-01  0.3280948     
 0.6416667E-01  0.2983660     
 0.6583333E-01  0.2703928     
 0.6750000E-01  0.1615705     
 0.6916667E-01  0.1337293     
 0.7083333E-01  0.8551072E-01 
 0.7250000E-01  0.7038540E-01 
 0.7416667E-01  0.1056141     
 0.7583334E-01  0.1644375     
 0.7749999E-01  0.2474054     
 0.7916667E-01  0.2987541     
 0.8083334E-01  0.2864813     
 0.8250000E-01  0.2831526     
 0.8416667E-01  0.2236432     
 0.8583333E-01  0.1227131     
 0.8750000E-01  0.6142603E-01 
 0.8916666E-01  0.3192294E-01 
 0.9083333E-01  0.1277723     
 0.9250000E-01  0.1923012     
 0.9416667E-01  0.2367972     
 0.9583333E-01  0.2469697     
 0.9750000E-01  0.1966145     
 0.9916665E-01  0.1089974     
 0.1008333      0.6554014E-01 
 0.1025000      0.4416969E-01 
 0.1041667      0.1205826     
 0.1058333      0.1527236     
 0.1075000      0.1580978     
 0.1091667      0.1718663     
 0.1108333      0.1289267     
 0.1125000      0.1230384     
 0.1141667      0.3892591E-01 
 0.1158333      0.6339271E-01 
 0.1175000      0.1084794     
 0.1191667      0.1076748     
 0.1208333      0.1120432     
 0.1225000      0.9817915E-01 
 0.1241667      0.4485653E-01 
 0.1258333      0.3807270E-01 
 0.1275000      0.5723405E-01 
 0.1291667      0.1098194     
 0.1308333      0.1206284     
 0.1325000      0.6505316E-01 
 0.1341667      0.4721985E-01 
 0.1358333      0.3009097E-01 
 0.1375000      0.1029110     
 0.1391667      0.6146993E-01 
 0.1408333      0.1073281     
 0.1425000      0.6615148E-01 
 0.1441667      0.3051912E-01 
 0.1458333      0.2930350E-01 
 0.1475000      0.7198172E-01 
 0.1491667      0.5669443E-01 
 0.1508333      0.6461849E-01 
 0.1525000      0.2736664E-01 
 0.1541667      0.5426876E-01 
 0.1558333      0.8452898E-01 
 0.1575000      0.4457309E-01 
 0.1591667      0.2187205E-01 
 0.1608333      0.2942863E-01 
 0.1625000      0.4808610E-01 
 0.1641667      0.3542032E-01 
 0.1658333      0.3185509E-01 
