# SumMovie FRC for input stack : stack16.mrc
# Number of micrographs: 1
# Number of frames per movie: 50
# Pixel size (A): 3.0000
# 1/(A)          FRC
# -----------------------
# 
# Micrograph 1 of 1. Score: .529
 0.8333334E-03  0.9999994     
 0.2500000E-02  0.9670112     
 0.4166666E-02  0.9459283     
 0.5833333E-02  0.9110016     
 0.7499999E-02  0.8943296     
 0.9166666E-02  0.8412037     
 0.1083333E-01  0.7717531     
 0.1250000E-01  0.8786908     
 0.1416667E-01  0.9333914     
 0.1583333E-01  0.9638270     
 0.1750000E-01  0.9437125     
 0.1916667E-01  0.7651846     
 0.2083333E-01  0.8003448     
 0.2250000E-01  0.8932855     
 0.2416667E-01  0.9347454     
 0.2583333E-01  0.9257842     
 0.2750000E-01  0.8152056     
 0.2916667E-01  0.6810404     
 0.3083333E-01  0.7328140     
 0.3250000E-01  0.7783284     
 0.3416666E-01  0.6995980     
 0.3583334E-01  0.5613419     
 0.3750000E-01  0.4266575     
 0.3916667E-01  0.3590490     
 0.4083334E-01  0.2962916     
 0.4250000E-01  0.1136780     
 0.4416666E-01  0.1226620     
 0.4583333E-01  0.1050204     
 0.4750000E-01  0.1362420     
 0.4916666E-01  0.2714902     
 0.5083333E-01  0.3327939     
 0.5250000E-01  0.3618818     
 0.5416667E-01  0.3598033     
 0.5583333E-01  0.4078147     
 0.5750000E-01  0.3473994     
 0.5916666E-01  0.2648613     
 0.6083334E-01  0.1779385     
 0.6250000E-01  0.9109726E-01 
 0.6416667E-01  0.1114306     
 0.6583333E-01  0.1424788     
 0.6750000E-01  0.1943022     
 0.6916667E-01  0.3023179     
 0.7083333E-01  0.3942293     
 0.7250000E-01  0.3353783     
 0.7416667E-01  0.2729430     
 0.7583334E-01  0.1653030     
 0.7749999E-01  0.1119160     
 0.7916667E-01  0.9338694E-01 
 0.8083334E-01  0.2471108     
 0.8250000E-01  0.2521762     
 0.8416667E-01  0.3299396     
 0.8583333E-01  0.2817388     
 0.8750000E-01  0.1852818     
 0.8916666E-01  0.1165664     
 0.9083333E-01  0.9710056E-01 
 0.9250000E-01  0.1821099     
 0.9416667E-01  0.2420315     
 0.9583333E-01  0.2596466     
 0.9750000E-01  0.2089156     
 0.9916665E-01  0.1241524     
 0.1008333      0.1009048     
 0.1025000      0.1333694     
 0.1041667      0.1903425     
 0.1058333      0.2306873     
 0.1075000      0.1878475     
 0.1091667      0.1303423     
 0.1108333      0.6684636E-01 
 0.1125000      0.1524280     
 0.1141667      0.1814035     
 0.1158333      0.1719298     
 0.1175000      0.1315466     
 0.1191667      0.9132856E-01 
 0.1208333      0.1125896     
 0.1225000      0.1487129     
 0.1241667      0.1679510     
 0.1258333      0.1287255     
 0.1275000      0.8700863E-01 
 0.1291667      0.1032091     
 0.1308333      0.1394872     
 0.1325000      0.1347111     
 0.1341667      0.1063302     
 0.1358333      0.5993535E-01 
 0.1375000      0.1161739     
 0.1391667      0.1331981     
 0.1408333      0.1301782     
 0.1425000      0.8582372E-01 
 0.1441667      0.1127050     
 0.1458333      0.1184577     
 0.1475000      0.1126908     
 0.1491667      0.1148174     
 0.1508333      0.9903800E-01 
 0.1525000      0.1172764     
 0.1541667      0.1090467     
 0.1558333      0.8672877E-01 
 0.1575000      0.8819686E-01 
 0.1591667      0.1074948     
 0.1608333      0.1098374     
 0.1625000      0.6786853E-01 
 0.1641667      0.8851048E-01 
 0.1658333      0.1366402     
