# SumMovie FRC for input stack : stack16.mrc
# Number of micrographs: 1
# Number of frames per movie: 50
# Pixel size (A): 3.0000
# 1/(A)          FRC
# -----------------------
# 
# Micrograph 1 of 1. Score: .526
 0.8333334E-03  0.9999994     
 0.2500000E-02  0.9669440     
 0.4166666E-02  0.9458777     
 0.5833333E-02  0.9107851     
 0.7499999E-02  0.8942030     
 0.9166666E-02  0.8408902     
 0.1083333E-01  0.7709632     
 0.1250000E-01  0.8779542     
 0.1416667E-01  0.9330766     
 0.1583333E-01  0.9633934     
 0.1750000E-01  0.9430708     
 0.1916667E-01  0.7631235     
 0.2083333E-01  0.7986358     
 0.2250000E-01  0.8909698     
 0.2416667E-01  0.9329472     
 0.2583333E-01  0.9234847     
 0.2750000E-01  0.8105834     
 0.2916667E-01  0.6755502     
 0.3083333E-01  0.7283775     
 0.3250000E-01  0.7731974     
 0.3416666E-01  0.6938295     
 0.3583334E-01  0.5496845     
 0.3750000E-01  0.4232297     
 0.3916667E-01  0.3580529     
 0.4083334E-01  0.2920268     
 0.4250000E-01  0.1155780     
 0.4416666E-01  0.1226685     
 0.4583333E-01  0.1082399     
 0.4750000E-01  0.1371314     
 0.4916666E-01  0.2679230     
 0.5083333E-01  0.3250003     
 0.5250000E-01  0.3515786     
 0.5416667E-01  0.3533138     
 0.5583333E-01  0.3997999     
 0.5750000E-01  0.3371938     
 0.5916666E-01  0.2592359     
 0.6083334E-01  0.1674602     
 0.6250000E-01  0.9160502E-01 
 0.6416667E-01  0.1173227     
 0.6583333E-01  0.1391650     
 0.6750000E-01  0.1830996     
 0.6916667E-01  0.2922236     
 0.7083333E-01  0.3793201     
 0.7250000E-01  0.3279444     
 0.7416667E-01  0.2628170     
 0.7583334E-01  0.1604548     
 0.7749999E-01  0.1123994     
 0.7916667E-01  0.9090289E-01 
 0.8083334E-01  0.2405037     
 0.8250000E-01  0.2382819     
 0.8416667E-01  0.3172256     
 0.8583333E-01  0.2718403     
 0.8750000E-01  0.1813467     
 0.8916666E-01  0.1182175     
 0.9083333E-01  0.9848740E-01 
 0.9250000E-01  0.1842856     
 0.9416667E-01  0.2369106     
 0.9583333E-01  0.2460971     
 0.9750000E-01  0.2008715     
 0.9916665E-01  0.1302736     
 0.1008333      0.1123213     
 0.1025000      0.1329615     
 0.1041667      0.1865671     
 0.1058333      0.2209354     
 0.1075000      0.1840434     
 0.1091667      0.1278545     
 0.1108333      0.6859473E-01 
 0.1125000      0.1538654     
 0.1141667      0.1830351     
 0.1158333      0.1739653     
 0.1175000      0.1360016     
 0.1191667      0.8571973E-01 
 0.1208333      0.1177250     
 0.1225000      0.1502373     
 0.1241667      0.1740442     
 0.1258333      0.1273643     
 0.1275000      0.9192345E-01 
 0.1291667      0.1187484     
 0.1308333      0.1365893     
 0.1325000      0.1361292     
 0.1341667      0.1129168     
 0.1358333      0.7538122E-01 
 0.1375000      0.1329273     
 0.1391667      0.1382305     
 0.1408333      0.1440742     
 0.1425000      0.1027160     
 0.1441667      0.1210878     
 0.1458333      0.1205010     
 0.1475000      0.1189693     
 0.1491667      0.1227659     
 0.1508333      0.9593185E-01 
 0.1525000      0.1344112     
 0.1541667      0.1159508     
 0.1558333      0.1000397     
 0.1575000      0.9668449E-01 
 0.1591667      0.1079742     
 0.1608333      0.1233825     
 0.1625000      0.7312956E-01 
 0.1641667      0.9847601E-01 
 0.1658333      0.1362175     
