# SumMovie FRC for input stack : stack16.mrc
# Number of micrographs: 1
# Number of frames per movie: 50
# Pixel size (A): 3.0000
# 1/(A)          FRC
# -----------------------
# 
# Micrograph 1 of 1. Score: .538
 0.8333334E-03  0.9999994     
 0.2500000E-02  0.9672219     
 0.4166666E-02  0.9454435     
 0.5833333E-02  0.9120742     
 0.7499999E-02  0.8965032     
 0.9166666E-02  0.8416526     
 0.1083333E-01  0.7767361     
 0.1250000E-01  0.8839775     
 0.1416667E-01  0.9355088     
 0.1583333E-01  0.9656404     
 0.1750000E-01  0.9459226     
 0.1916667E-01  0.7765481     
 0.2083333E-01  0.8029976     
 0.2250000E-01  0.9024184     
 0.2416667E-01  0.9434059     
 0.2583333E-01  0.9341029     
 0.2750000E-01  0.8306223     
 0.2916667E-01  0.7050138     
 0.3083333E-01  0.7540656     
 0.3250000E-01  0.7966518     
 0.3416666E-01  0.7330754     
 0.3583334E-01  0.6084606     
 0.3750000E-01  0.4394392     
 0.3916667E-01  0.3795540     
 0.4083334E-01  0.2918103     
 0.4250000E-01  0.1229382     
 0.4416666E-01  0.1191655     
 0.4583333E-01  0.8383217E-01 
 0.4750000E-01  0.1480575     
 0.4916666E-01  0.2684680     
 0.5083333E-01  0.3446648     
 0.5250000E-01  0.3900851     
 0.5416667E-01  0.3825394     
 0.5583333E-01  0.4241934     
 0.5750000E-01  0.3622751     
 0.5916666E-01  0.2777755     
 0.6083334E-01  0.1856667     
 0.6250000E-01  0.7961532E-01 
 0.6416667E-01  0.1032263     
 0.6583333E-01  0.1384659     
 0.6750000E-01  0.2080209     
 0.6916667E-01  0.3151585     
 0.7083333E-01  0.4065303     
 0.7250000E-01  0.3725848     
 0.7416667E-01  0.3074351     
 0.7583334E-01  0.1816359     
 0.7749999E-01  0.1183955     
 0.7916667E-01  0.9321971E-01 
 0.8083334E-01  0.2497062     
 0.8250000E-01  0.2755665     
 0.8416667E-01  0.3601254     
 0.8583333E-01  0.3020761     
 0.8750000E-01  0.1845915     
 0.8916666E-01  0.1193839     
 0.9083333E-01  0.7760227E-01 
 0.9250000E-01  0.1853154     
 0.9416667E-01  0.2603673     
 0.9583333E-01  0.2800396     
 0.9750000E-01  0.2084406     
 0.9916665E-01  0.9627696E-01 
 0.1008333      0.5833931E-01 
 0.1025000      0.1201978     
 0.1041667      0.1911587     
 0.1058333      0.2401585     
 0.1075000      0.1793581     
 0.1091667      0.1094783     
 0.1108333      0.5641483E-01 
 0.1125000      0.1384403     
 0.1141667      0.1970276     
 0.1158333      0.1887168     
 0.1175000      0.1116994     
 0.1191667      0.4741605E-01 
 0.1208333      0.8931001E-01 
 0.1225000      0.1565383     
 0.1241667      0.1741815     
 0.1258333      0.1078943     
 0.1275000      0.6478230E-01 
 0.1291667      0.8724952E-01 
 0.1308333      0.1191211     
 0.1325000      0.1338786     
 0.1341667      0.6697243E-01 
 0.1358333      0.4423396E-01 
 0.1375000      0.1116469     
 0.1391667      0.1354074     
 0.1408333      0.9246957E-01 
 0.1425000      0.7422144E-01 
 0.1441667      0.7351679E-01 
 0.1458333      0.1136738     
 0.1475000      0.9360716E-01 
 0.1491667      0.6250514E-01 
 0.1508333      0.6990527E-01 
 0.1525000      0.9982384E-01 
 0.1541667      0.8329043E-01 
 0.1558333      0.7487648E-01 
 0.1575000      0.4370681E-01 
 0.1591667      0.8315853E-01 
 0.1608333      0.8578618E-01 
 0.1625000      0.4358480E-01 
 0.1641667      0.6323612E-01 
 0.1658333      0.1302061     
