# SumMovie FRC for input stack : stack1.mrc
# Number of micrographs: 1
# Number of frames per movie: 50
# Pixel size (A): 3.0000
# 1/(A)          FRC
# -----------------------
# 
# Micrograph 1 of 1. Score: .544
 0.8333334E-03  0.9999993     
 0.2500000E-02  0.9744731     
 0.4166666E-02  0.9571050     
 0.5833333E-02  0.9208474     
 0.7499999E-02  0.9050505     
 0.9166666E-02  0.7499415     
 0.1083333E-01  0.7271091     
 0.1250000E-01  0.8562068     
 0.1416667E-01  0.9223814     
 0.1583333E-01  0.9255207     
 0.1750000E-01  0.8742522     
 0.1916667E-01  0.6731613     
 0.2083333E-01  0.7634915     
 0.2250000E-01  0.8705043     
 0.2416667E-01  0.9034843     
 0.2583333E-01  0.8719062     
 0.2750000E-01  0.7483076     
 0.2916667E-01  0.6417027     
 0.3083333E-01  0.7081407     
 0.3250000E-01  0.7396125     
 0.3416666E-01  0.6853944     
 0.3583334E-01  0.5456762     
 0.3750000E-01  0.4814675     
 0.3916667E-01  0.4570778     
 0.4083334E-01  0.4495974     
 0.4250000E-01  0.3953187     
 0.4416666E-01  0.2511047     
 0.4583333E-01  0.1622944     
 0.4750000E-01  0.1808994     
 0.4916666E-01  0.9384458E-01 
 0.5083333E-01  0.5759015E-01 
 0.5250000E-01  0.6925333E-01 
 0.5416667E-01  0.1140991     
 0.5583333E-01  0.1874665     
 0.5750000E-01  0.2487083     
 0.5916666E-01  0.3193693     
 0.6083334E-01  0.3436804     
 0.6250000E-01  0.3293357     
 0.6416667E-01  0.2952290     
 0.6583333E-01  0.2702549     
 0.6750000E-01  0.1620615     
 0.6916667E-01  0.1260382     
 0.7083333E-01  0.8747114E-01 
 0.7250000E-01  0.6089829E-01 
 0.7416667E-01  0.1001816     
 0.7583334E-01  0.1553697     
 0.7749999E-01  0.2507158     
 0.7916667E-01  0.2966811     
 0.8083334E-01  0.2863669     
 0.8250000E-01  0.2864692     
 0.8416667E-01  0.2183633     
 0.8583333E-01  0.1187506     
 0.8750000E-01  0.5588041E-01 
 0.8916666E-01  0.3526820E-01 
 0.9083333E-01  0.1236273     
 0.9250000E-01  0.1894280     
 0.9416667E-01  0.2358426     
 0.9583333E-01  0.2441521     
 0.9750000E-01  0.1971162     
 0.9916665E-01  0.1095253     
 0.1008333      0.6648308E-01 
 0.1025000      0.4422222E-01 
 0.1041667      0.1236762     
 0.1058333      0.1571832     
 0.1075000      0.1543395     
 0.1091667      0.1700523     
 0.1108333      0.1246872     
 0.1125000      0.1295422     
 0.1141667      0.4538180E-01 
 0.1158333      0.6147304E-01 
 0.1175000      0.1064432     
 0.1191667      0.1077124     
 0.1208333      0.1064869     
 0.1225000      0.9475089E-01 
 0.1241667      0.4568928E-01 
 0.1258333      0.3922364E-01 
 0.1275000      0.5555244E-01 
 0.1291667      0.1103023     
 0.1308333      0.1270954     
 0.1325000      0.6796557E-01 
 0.1341667      0.3902319E-01 
 0.1358333      0.3630054E-01 
 0.1375000      0.9292206E-01 
 0.1391667      0.6790715E-01 
 0.1408333      0.9613992E-01 
 0.1425000      0.7183108E-01 
 0.1441667      0.2905039E-01 
 0.1458333      0.4111375E-01 
 0.1475000      0.7864737E-01 
 0.1491667      0.6384674E-01 
 0.1508333      0.6864207E-01 
 0.1525000      0.4219354E-01 
 0.1541667      0.5598342E-01 
 0.1558333      0.7815950E-01 
 0.1575000      0.4196830E-01 
 0.1591667      0.2252649E-01 
 0.1608333      0.4470846E-01 
 0.1625000      0.5236825E-01 
 0.1641667      0.3585087E-01 
 0.1658333      0.2927501E-01 
