# SumMovie FRC for input stack : stack16.mrc
# Number of micrographs: 1
# Number of frames per movie: 50
# Pixel size (A): 3.0000
# 1/(A)          FRC
# -----------------------
# 
# Micrograph 1 of 1. Score: .538
 0.8333334E-03  0.9999994     
 0.2500000E-02  0.9672211     
 0.4166666E-02  0.9454418     
 0.5833333E-02  0.9120711     
 0.7499999E-02  0.8965088     
 0.9166666E-02  0.8416494     
 0.1083333E-01  0.7767165     
 0.1250000E-01  0.8839714     
 0.1416667E-01  0.9355128     
 0.1583333E-01  0.9656416     
 0.1750000E-01  0.9459233     
 0.1916667E-01  0.7765731     
 0.2083333E-01  0.8029979     
 0.2250000E-01  0.9024004     
 0.2416667E-01  0.9433886     
 0.2583333E-01  0.9340975     
 0.2750000E-01  0.8306213     
 0.2916667E-01  0.7050141     
 0.3083333E-01  0.7540382     
 0.3250000E-01  0.7966639     
 0.3416666E-01  0.7330775     
 0.3583334E-01  0.6083231     
 0.3750000E-01  0.4395078     
 0.3916667E-01  0.3795883     
 0.4083334E-01  0.2919479     
 0.4250000E-01  0.1230694     
 0.4416666E-01  0.1193404     
 0.4583333E-01  0.8395119E-01 
 0.4750000E-01  0.1481159     
 0.4916666E-01  0.2686509     
 0.5083333E-01  0.3447081     
 0.5250000E-01  0.3902896     
 0.5416667E-01  0.3825471     
 0.5583333E-01  0.4241804     
 0.5750000E-01  0.3622777     
 0.5916666E-01  0.2779650     
 0.6083334E-01  0.1856016     
 0.6250000E-01  0.7992445E-01 
 0.6416667E-01  0.1035273     
 0.6583333E-01  0.1387672     
 0.6750000E-01  0.2083928     
 0.6916667E-01  0.3150390     
 0.7083333E-01  0.4066258     
 0.7250000E-01  0.3725486     
 0.7416667E-01  0.3074946     
 0.7583334E-01  0.1817588     
 0.7749999E-01  0.1185166     
 0.7916667E-01  0.9341554E-01 
 0.8083334E-01  0.2499141     
 0.8250000E-01  0.2757933     
 0.8416667E-01  0.3604066     
 0.8583333E-01  0.3021525     
 0.8750000E-01  0.1852205     
 0.8916666E-01  0.1193619     
 0.9083333E-01  0.7782666E-01 
 0.9250000E-01  0.1857162     
 0.9416667E-01  0.2603411     
 0.9583333E-01  0.2803574     
 0.9750000E-01  0.2090956     
 0.9916665E-01  0.9672698E-01 
 0.1008333      0.5885630E-01 
 0.1025000      0.1204380     
 0.1041667      0.1912424     
 0.1058333      0.2405389     
 0.1075000      0.1798019     
 0.1091667      0.1097832     
 0.1108333      0.5688613E-01 
 0.1125000      0.1389448     
 0.1141667      0.1972004     
 0.1158333      0.1889357     
 0.1175000      0.1119119     
 0.1191667      0.4772108E-01 
 0.1208333      0.8990347E-01 
 0.1225000      0.1568689     
 0.1241667      0.1744770     
 0.1258333      0.1079431     
 0.1275000      0.6497034E-01 
 0.1291667      0.8731943E-01 
 0.1308333      0.1191824     
 0.1325000      0.1338715     
 0.1341667      0.6769449E-01 
 0.1358333      0.4421895E-01 
 0.1375000      0.1118335     
 0.1391667      0.1355865     
 0.1408333      0.9276463E-01 
 0.1425000      0.7447442E-01 
 0.1441667      0.7396662E-01 
 0.1458333      0.1140008     
 0.1475000      0.9420811E-01 
 0.1491667      0.6298658E-01 
 0.1508333      0.6989894E-01 
 0.1525000      0.1000389     
 0.1541667      0.8337376E-01 
 0.1558333      0.7482989E-01 
 0.1575000      0.4425094E-01 
 0.1591667      0.8349052E-01 
 0.1608333      0.8627313E-01 
 0.1625000      0.4393663E-01 
 0.1641667      0.6338250E-01 
 0.1658333      0.1306432     
