# SumMovie FRC for input stack : stack6.mrc
# Number of micrographs: 1
# Number of frames per movie: 50
# Pixel size (A): 3.0000
# 1/(A)          FRC
# -----------------------
# 
# Micrograph 1 of 1. Score: .592
 0.8333334E-03  0.9999999     
 0.2500000E-02  0.9512944     
 0.4166666E-02  0.9319290     
 0.5833333E-02  0.8474855     
 0.7499999E-02  0.8653678     
 0.9166666E-02  0.6783204     
 0.1083333E-01  0.6579648     
 0.1250000E-01  0.8497924     
 0.1416667E-01  0.8880194     
 0.1583333E-01  0.9352171     
 0.1750000E-01  0.8938528     
 0.1916667E-01  0.6008042     
 0.2083333E-01  0.6728933     
 0.2250000E-01  0.8431700     
 0.2416667E-01  0.9025679     
 0.2583333E-01  0.8573865     
 0.2750000E-01  0.7352241     
 0.2916667E-01  0.6259764     
 0.3083333E-01  0.6978680     
 0.3250000E-01  0.7291664     
 0.3416666E-01  0.7025584     
 0.3583334E-01  0.6007501     
 0.3750000E-01  0.5387654     
 0.3916667E-01  0.5311029     
 0.4083334E-01  0.5749314     
 0.4250000E-01  0.4584820     
 0.4416666E-01  0.3961872     
 0.4583333E-01  0.3659513     
 0.4750000E-01  0.3036302     
 0.4916666E-01  0.2231525     
 0.5083333E-01  0.1349131     
 0.5250000E-01  0.1174872     
 0.5416667E-01  0.6185370E-01 
 0.5583333E-01  0.9924974E-01 
 0.5750000E-01  0.1215503     
 0.5916666E-01  0.1982265     
 0.6083334E-01  0.2708573     
 0.6250000E-01  0.2921042     
 0.6416667E-01  0.3449825     
 0.6583333E-01  0.3736061     
 0.6750000E-01  0.3482668     
 0.6916667E-01  0.3466620     
 0.7083333E-01  0.2920817     
 0.7250000E-01  0.2233985     
 0.7416667E-01  0.1253359     
 0.7583334E-01  0.7684994E-01 
 0.7749999E-01  0.6902902E-01 
 0.7916667E-01  0.7749446E-01 
 0.8083334E-01  0.1849539     
 0.8250000E-01  0.2303289     
 0.8416667E-01  0.2958700     
 0.8583333E-01  0.3108658     
 0.8750000E-01  0.2921241     
 0.8916666E-01  0.2436342     
 0.9083333E-01  0.1626512     
 0.9250000E-01  0.8639779E-01 
 0.9416667E-01  0.4884782E-01 
 0.9583333E-01  0.8593034E-01 
 0.9750000E-01  0.8789396E-01 
 0.9916665E-01  0.1424718     
 0.1008333      0.2194696     
 0.1025000      0.2409692     
 0.1041667      0.1717137     
 0.1058333      0.1504502     
 0.1075000      0.8076192E-01 
 0.1091667      0.7603587E-01 
 0.1108333      0.4361359E-01 
 0.1125000      0.8648814E-01 
 0.1141667      0.1415723     
 0.1158333      0.1923012     
 0.1175000      0.1699384     
 0.1191667      0.1300887     
 0.1208333      0.4228177E-01 
 0.1225000      0.4448438E-01 
 0.1241667      0.3547737E-01 
 0.1258333      0.1039956     
 0.1275000      0.1223540     
 0.1291667      0.1274104     
 0.1308333      0.1148060     
 0.1325000      0.5886773E-01 
 0.1341667      0.4704021E-01 
 0.1358333      0.7380522E-01 
 0.1375000      0.6964280E-01 
 0.1391667      0.1016969     
 0.1408333      0.9001558E-01 
 0.1425000      0.6996386E-01 
 0.1441667      0.5837114E-01 
 0.1458333      0.3911764E-01 
 0.1475000      0.5002186E-01 
 0.1491667      0.7455546E-01 
 0.1508333      0.9245526E-01 
 0.1525000      0.6842158E-01 
 0.1541667      0.4625452E-01 
 0.1558333      0.3578097E-01 
 0.1575000      0.7225505E-01 
 0.1591667      0.8284042E-01 
 0.1608333      0.7618258E-01 
 0.1625000      0.7679773E-01 
 0.1641667      0.5925316E-01 
 0.1658333      0.3040027E-01 
