# SumMovie FRC for input stack : stack16.mrc
# Number of micrographs: 1
# Number of frames per movie: 50
# Pixel size (A): 3.0000
# 1/(A)          FRC
# -----------------------
# 
# Micrograph 1 of 1. Score: .528
 0.8333334E-03  0.9999994     
 0.2500000E-02  0.9669834     
 0.4166666E-02  0.9459037     
 0.5833333E-02  0.9109246     
 0.7499999E-02  0.8942853     
 0.9166666E-02  0.8410939     
 0.1083333E-01  0.7714484     
 0.1250000E-01  0.8783997     
 0.1416667E-01  0.9332752     
 0.1583333E-01  0.9636560     
 0.1750000E-01  0.9434552     
 0.1916667E-01  0.7643784     
 0.2083333E-01  0.7997288     
 0.2250000E-01  0.8923645     
 0.2416667E-01  0.9340615     
 0.2583333E-01  0.9249146     
 0.2750000E-01  0.8134384     
 0.2916667E-01  0.6790420     
 0.3083333E-01  0.7311186     
 0.3250000E-01  0.7764056     
 0.3416666E-01  0.6973594     
 0.3583334E-01  0.5567852     
 0.3750000E-01  0.4253637     
 0.3916667E-01  0.3589956     
 0.4083334E-01  0.2948077     
 0.4250000E-01  0.1146946     
 0.4416666E-01  0.1226906     
 0.4583333E-01  0.1063335     
 0.4750000E-01  0.1367753     
 0.4916666E-01  0.2703277     
 0.5083333E-01  0.3299071     
 0.5250000E-01  0.3581291     
 0.5416667E-01  0.3574715     
 0.5583333E-01  0.4051417     
 0.5750000E-01  0.3436919     
 0.5916666E-01  0.2627887     
 0.6083334E-01  0.1740675     
 0.6250000E-01  0.9121398E-01 
 0.6416667E-01  0.1139556     
 0.6583333E-01  0.1415766     
 0.6750000E-01  0.1900400     
 0.6916667E-01  0.2985378     
 0.7083333E-01  0.3887662     
 0.7250000E-01  0.3324345     
 0.7416667E-01  0.2692014     
 0.7583334E-01  0.1639387     
 0.7749999E-01  0.1122826     
 0.7916667E-01  0.9263773E-01 
 0.8083334E-01  0.2453227     
 0.8250000E-01  0.2470138     
 0.8416667E-01  0.3254858     
 0.8583333E-01  0.2778942     
 0.8750000E-01  0.1844019     
 0.8916666E-01  0.1172389     
 0.9083333E-01  0.9882542E-01 
 0.9250000E-01  0.1836190     
 0.9416667E-01  0.2408012     
 0.9583333E-01  0.2548774     
 0.9750000E-01  0.2058246     
 0.9916665E-01  0.1269504     
 0.1008333      0.1066009     
 0.1025000      0.1343151     
 0.1041667      0.1898238     
 0.1058333      0.2279161     
 0.1075000      0.1872540     
 0.1091667      0.1301479     
 0.1108333      0.6872948E-01 
 0.1125000      0.1534968     
 0.1141667      0.1828926     
 0.1158333      0.1724701     
 0.1175000      0.1351298     
 0.1191667      0.9051791E-01 
 0.1208333      0.1158004     
 0.1225000      0.1498049     
 0.1241667      0.1713806     
 0.1258333      0.1289788     
 0.1275000      0.9048133E-01 
 0.1291667      0.1099058     
 0.1308333      0.1391972     
 0.1325000      0.1354841     
 0.1341667      0.1097895     
 0.1358333      0.6731062E-01 
 0.1375000      0.1233997     
 0.1391667      0.1356729     
 0.1408333      0.1367346     
 0.1425000      0.9344205E-01 
 0.1441667      0.1178370     
 0.1458333      0.1198662     
 0.1475000      0.1154737     
 0.1491667      0.1202014     
 0.1508333      0.9897702E-01 
 0.1525000      0.1243325     
 0.1541667      0.1141488     
 0.1558333      0.9309944E-01 
 0.1575000      0.9339281E-01 
 0.1591667      0.1085123     
 0.1608333      0.1159665     
 0.1625000      0.7130326E-01 
 0.1641667      0.9399868E-01 
 0.1658333      0.1370838     
