# SumMovie FRC for input stack : stack1.mrc
# Number of micrographs: 1
# Number of frames per movie: 50
# Pixel size (A): 3.0000
# 1/(A)          FRC
# -----------------------
# 
# Micrograph 1 of 1. Score: .517
 0.8333334E-03  0.9999990     
 0.2500000E-02  0.9744980     
 0.4166666E-02  0.9567862     
 0.5833333E-02  0.9214435     
 0.7499999E-02  0.9028177     
 0.9166666E-02  0.7449982     
 0.1083333E-01  0.7135481     
 0.1250000E-01  0.8434932     
 0.1416667E-01  0.9126313     
 0.1583333E-01  0.9157653     
 0.1750000E-01  0.8633621     
 0.1916667E-01  0.6526276     
 0.2083333E-01  0.7423490     
 0.2250000E-01  0.8541306     
 0.2416667E-01  0.8905455     
 0.2583333E-01  0.8527148     
 0.2750000E-01  0.7085086     
 0.2916667E-01  0.5874569     
 0.3083333E-01  0.6745437     
 0.3250000E-01  0.6913239     
 0.3416666E-01  0.6360417     
 0.3583334E-01  0.5041555     
 0.3750000E-01  0.4407065     
 0.3916667E-01  0.4053974     
 0.4083334E-01  0.4069101     
 0.4250000E-01  0.3548471     
 0.4416666E-01  0.2198056     
 0.4583333E-01  0.1282382     
 0.4750000E-01  0.1914179     
 0.4916666E-01  0.9731133E-01 
 0.5083333E-01  0.9250119E-01 
 0.5250000E-01  0.8517588E-01 
 0.5416667E-01  0.1072006     
 0.5583333E-01  0.1718331     
 0.5750000E-01  0.2113541     
 0.5916666E-01  0.2720898     
 0.6083334E-01  0.2938033     
 0.6250000E-01  0.2504518     
 0.6416667E-01  0.2242429     
 0.6583333E-01  0.2249695     
 0.6750000E-01  0.1342504     
 0.6916667E-01  0.1321344     
 0.7083333E-01  0.1053601     
 0.7250000E-01  0.5837981E-01 
 0.7416667E-01  0.7175319E-01 
 0.7583334E-01  0.1309987     
 0.7749999E-01  0.1799890     
 0.7916667E-01  0.2247614     
 0.8083334E-01  0.2242489     
 0.8250000E-01  0.2011312     
 0.8416667E-01  0.1455995     
 0.8583333E-01  0.8893959E-01 
 0.8750000E-01  0.6128692E-01 
 0.8916666E-01  0.1516921E-01 
 0.9083333E-01  0.7546011E-01 
 0.9250000E-01  0.1214102     
 0.9416667E-01  0.1750359     
 0.9583333E-01  0.1983212     
 0.9750000E-01  0.1458715     
 0.9916665E-01  0.8711060E-01 
 0.1008333      0.6486045E-01 
 0.1025000      0.2318515E-01 
 0.1041667      0.8889191E-01 
 0.1058333      0.1400008     
 0.1075000      0.1586795     
 0.1091667      0.1369803     
 0.1108333      0.1185206     
 0.1125000      0.1145437     
 0.1141667      0.5967980E-01 
 0.1158333      0.4687313E-01 
 0.1175000      0.8296087E-01 
 0.1191667      0.1114743     
 0.1208333      0.7959314E-01 
 0.1225000      0.7884301E-01 
 0.1241667      0.6027199E-01 
 0.1258333      0.4127121E-01 
 0.1275000      0.2673622E-01 
 0.1291667      0.1182400     
 0.1308333      0.7901282E-01 
 0.1325000      0.6955265E-01 
 0.1341667      0.3327458E-01 
 0.1358333      0.3591086E-01 
 0.1375000      0.5676791E-01 
 0.1391667      0.7591764E-01 
 0.1408333      0.8218233E-01 
 0.1425000      0.6891341E-01 
 0.1441667      0.4178386E-01 
 0.1458333      0.4211875E-01 
 0.1475000      0.7368764E-01 
 0.1491667      0.6192416E-01 
 0.1508333      0.5870417E-01 
 0.1525000      0.3505003E-01 
 0.1541667      0.5866887E-01 
 0.1558333      0.6401907E-01 
 0.1575000      0.4150033E-01 
 0.1591667      0.2292576E-01 
 0.1608333      0.3893815E-01 
 0.1625000      0.5831893E-01 
 0.1641667      0.6835413E-01 
 0.1658333      0.4116288E-01 
