# SumMovie FRC for input stack : stack16.mrc
# Number of micrographs: 1
# Number of frames per movie: 50
# Pixel size (A): 3.0000
# 1/(A)          FRC
# -----------------------
# 
# Micrograph 1 of 1. Score: .538
 0.8333334E-03  0.9999994     
 0.2500000E-02  0.9672008     
 0.4166666E-02  0.9455926     
 0.5833333E-02  0.9118888     
 0.7499999E-02  0.8960877     
 0.9166666E-02  0.8419198     
 0.1083333E-01  0.7758590     
 0.1250000E-01  0.8831246     
 0.1416667E-01  0.9351993     
 0.1583333E-01  0.9656448     
 0.1750000E-01  0.9459114     
 0.1916667E-01  0.7753783     
 0.2083333E-01  0.8038875     
 0.2250000E-01  0.9021430     
 0.2416667E-01  0.9422520     
 0.2583333E-01  0.9335929     
 0.2750000E-01  0.8302477     
 0.2916667E-01  0.7030562     
 0.3083333E-01  0.7510083     
 0.3250000E-01  0.7961895     
 0.3416666E-01  0.7301745     
 0.3583334E-01  0.6045005     
 0.3750000E-01  0.4403655     
 0.3916667E-01  0.3768867     
 0.4083334E-01  0.2914875     
 0.4250000E-01  0.1211080     
 0.4416666E-01  0.1250640     
 0.4583333E-01  0.8983558E-01 
 0.4750000E-01  0.1487597     
 0.4916666E-01  0.2673192     
 0.5083333E-01  0.3423173     
 0.5250000E-01  0.3886047     
 0.5416667E-01  0.3760667     
 0.5583333E-01  0.4210031     
 0.5750000E-01  0.3627095     
 0.5916666E-01  0.2791315     
 0.6083334E-01  0.1910872     
 0.6250000E-01  0.8420066E-01 
 0.6416667E-01  0.1042432     
 0.6583333E-01  0.1386854     
 0.6750000E-01  0.2105032     
 0.6916667E-01  0.3170907     
 0.7083333E-01  0.4069684     
 0.7250000E-01  0.3673120     
 0.7416667E-01  0.2948711     
 0.7583334E-01  0.1839185     
 0.7749999E-01  0.1172532     
 0.7916667E-01  0.1005502     
 0.8083334E-01  0.2496297     
 0.8250000E-01  0.2745399     
 0.8416667E-01  0.3629679     
 0.8583333E-01  0.2986382     
 0.8750000E-01  0.1865671     
 0.8916666E-01  0.1187439     
 0.9083333E-01  0.8117709E-01 
 0.9250000E-01  0.1918834     
 0.9416667E-01  0.2634090     
 0.9583333E-01  0.2744810     
 0.9750000E-01  0.2156963     
 0.9916665E-01  0.9953617E-01 
 0.1008333      0.6356078E-01 
 0.1025000      0.1256173     
 0.1041667      0.1862068     
 0.1058333      0.2414246     
 0.1075000      0.1847865     
 0.1091667      0.1113112     
 0.1108333      0.4959068E-01 
 0.1125000      0.1393302     
 0.1141667      0.1916496     
 0.1158333      0.1876797     
 0.1175000      0.1106773     
 0.1191667      0.5130507E-01 
 0.1208333      0.8831794E-01 
 0.1225000      0.1570948     
 0.1241667      0.1674541     
 0.1258333      0.1062609     
 0.1275000      0.6378524E-01 
 0.1291667      0.9293150E-01 
 0.1308333      0.1299988     
 0.1325000      0.1368123     
 0.1341667      0.7521918E-01 
 0.1358333      0.5410516E-01 
 0.1375000      0.1059768     
 0.1391667      0.1377151     
 0.1408333      0.9442358E-01 
 0.1425000      0.7260539E-01 
 0.1441667      0.7275886E-01 
 0.1458333      0.1043553     
 0.1475000      0.9890871E-01 
 0.1491667      0.6442479E-01 
 0.1508333      0.6522881E-01 
 0.1525000      0.1039342     
 0.1541667      0.9388553E-01 
 0.1558333      0.6108402E-01 
 0.1575000      0.4560683E-01 
 0.1591667      0.8859893E-01 
 0.1608333      0.9221245E-01 
 0.1625000      0.4361087E-01 
 0.1641667      0.6121903E-01 
 0.1658333      0.1322696     
