# SumMovie FRC for input stack : stack6.mrc
# Number of micrographs: 1
# Number of frames per movie: 50
# Pixel size (A): 3.0000
# 1/(A)          FRC
# -----------------------
# 
# Micrograph 1 of 1. Score: .577
 0.8333334E-03  0.9999999     
 0.2500000E-02  0.9513697     
 0.4166666E-02  0.9316710     
 0.5833333E-02  0.8462611     
 0.7499999E-02  0.8651828     
 0.9166666E-02  0.6732672     
 0.1083333E-01  0.6551509     
 0.1250000E-01  0.8462204     
 0.1416667E-01  0.8835863     
 0.1583333E-01  0.9315085     
 0.1750000E-01  0.8913608     
 0.1916667E-01  0.6007026     
 0.2083333E-01  0.6615503     
 0.2250000E-01  0.8292316     
 0.2416667E-01  0.8925428     
 0.2583333E-01  0.8449288     
 0.2750000E-01  0.7218652     
 0.2916667E-01  0.6169785     
 0.3083333E-01  0.6774756     
 0.3250000E-01  0.7196054     
 0.3416666E-01  0.6864048     
 0.3583334E-01  0.5787231     
 0.3750000E-01  0.5270726     
 0.3916667E-01  0.5090370     
 0.4083334E-01  0.5435942     
 0.4250000E-01  0.4387482     
 0.4416666E-01  0.3712854     
 0.4583333E-01  0.3412429     
 0.4750000E-01  0.2887475     
 0.4916666E-01  0.2148773     
 0.5083333E-01  0.1178555     
 0.5250000E-01  0.1407544     
 0.5416667E-01  0.8739924E-01 
 0.5583333E-01  0.1255831     
 0.5750000E-01  0.1299800     
 0.5916666E-01  0.2111298     
 0.6083334E-01  0.2728558     
 0.6250000E-01  0.2909406     
 0.6416667E-01  0.3377218     
 0.6583333E-01  0.3351606     
 0.6750000E-01  0.3386478     
 0.6916667E-01  0.3193296     
 0.7083333E-01  0.2732118     
 0.7250000E-01  0.2162199     
 0.7416667E-01  0.1421492     
 0.7583334E-01  0.1013412     
 0.7749999E-01  0.8875484E-01 
 0.7916667E-01  0.9204259E-01 
 0.8083334E-01  0.1735908     
 0.8250000E-01  0.2145471     
 0.8416667E-01  0.2712552     
 0.8583333E-01  0.2887975     
 0.8750000E-01  0.2665467     
 0.8916666E-01  0.2517517     
 0.9083333E-01  0.1365580     
 0.9250000E-01  0.1238054     
 0.9416667E-01  0.8046692E-01 
 0.9583333E-01  0.1221344     
 0.9750000E-01  0.1208174     
 0.9916665E-01  0.1639683     
 0.1008333      0.1930055     
 0.1025000      0.2195956     
 0.1041667      0.1919315     
 0.1058333      0.1452166     
 0.1075000      0.1006740     
 0.1091667      0.5147243E-01 
 0.1108333      0.7808641E-01 
 0.1125000      0.1270591     
 0.1141667      0.1730017     
 0.1158333      0.1921881     
 0.1175000      0.1541273     
 0.1191667      0.1382844     
 0.1208333      0.8484760E-01 
 0.1225000      0.6188776E-01 
 0.1241667      0.7771242E-01 
 0.1258333      0.9480804E-01 
 0.1275000      0.1435308     
 0.1291667      0.1356259     
 0.1308333      0.1286929     
 0.1325000      0.5906268E-01 
 0.1341667      0.4868469E-01 
 0.1358333      0.1036698     
 0.1375000      0.8241676E-01 
 0.1391667      0.8851302E-01 
 0.1408333      0.1132557     
 0.1425000      0.9968743E-01 
 0.1441667      0.7570223E-01 
 0.1458333      0.6999131E-01 
 0.1475000      0.8055467E-01 
 0.1491667      0.1070963     
 0.1508333      0.1196589     
 0.1525000      0.8776238E-01 
 0.1541667      0.5807481E-01 
 0.1558333      0.8485765E-01 
 0.1575000      0.7923884E-01 
 0.1591667      0.9359343E-01 
 0.1608333      0.1036028     
 0.1625000      0.7768051E-01 
 0.1641667      0.7993484E-01 
 0.1658333      0.5238610E-01 
