# SumMovie FRC for input stack : stack16.mrc
# Number of micrographs: 1
# Number of frames per movie: 50
# Pixel size (A): 3.0000
# 1/(A)          FRC
# -----------------------
# 
# Micrograph 1 of 1. Score: .527
 0.8333334E-03  0.9999994     
 0.2500000E-02  0.9669449     
 0.4166666E-02  0.9458786     
 0.5833333E-02  0.9107885     
 0.7499999E-02  0.8942048     
 0.9166666E-02  0.8408937     
 0.1083333E-01  0.7709754     
 0.1250000E-01  0.8779700     
 0.1416667E-01  0.9330821     
 0.1583333E-01  0.9634011     
 0.1750000E-01  0.9430840     
 0.1916667E-01  0.7631606     
 0.2083333E-01  0.7986732     
 0.2250000E-01  0.8910125     
 0.2416667E-01  0.9329852     
 0.2583333E-01  0.9235332     
 0.2750000E-01  0.8106774     
 0.2916667E-01  0.6756569     
 0.3083333E-01  0.7284639     
 0.3250000E-01  0.7732956     
 0.3416666E-01  0.6939306     
 0.3583334E-01  0.5498906     
 0.3750000E-01  0.4232834     
 0.3916667E-01  0.3580615     
 0.4083334E-01  0.2921272     
 0.4250000E-01  0.1155307     
 0.4416666E-01  0.1226880     
 0.4583333E-01  0.1082128     
 0.4750000E-01  0.1371271     
 0.4916666E-01  0.2680023     
 0.5083333E-01  0.3251579     
 0.5250000E-01  0.3517485     
 0.5416667E-01  0.3534192     
 0.5583333E-01  0.3999452     
 0.5750000E-01  0.3373837     
 0.5916666E-01  0.2593716     
 0.6083334E-01  0.1676216     
 0.6250000E-01  0.9161404E-01 
 0.6416667E-01  0.1171802     
 0.6583333E-01  0.1392101     
 0.6750000E-01  0.1833115     
 0.6916667E-01  0.2924315     
 0.7083333E-01  0.3796121     
 0.7250000E-01  0.3281185     
 0.7416667E-01  0.2630265     
 0.7583334E-01  0.1605258     
 0.7749999E-01  0.1124495     
 0.7916667E-01  0.9102677E-01 
 0.8083334E-01  0.2406839     
 0.8250000E-01  0.2385560     
 0.8416667E-01  0.3174895     
 0.8583333E-01  0.2720173     
 0.8750000E-01  0.1814397     
 0.8916666E-01  0.1181719     
 0.9083333E-01  0.9856382E-01 
 0.9250000E-01  0.1842191     
 0.9416667E-01  0.2370514     
 0.9583333E-01  0.2463530     
 0.9750000E-01  0.2010466     
 0.9916665E-01  0.1302132     
 0.1008333      0.1121724     
 0.1025000      0.1330469     
 0.1041667      0.1866932     
 0.1058333      0.2211716     
 0.1075000      0.1841659     
 0.1091667      0.1279479     
 0.1108333      0.6856167E-01 
 0.1125000      0.1538987     
 0.1141667      0.1830620     
 0.1158333      0.1738588     
 0.1175000      0.1359966     
 0.1191667      0.8590476E-01 
 0.1208333      0.1177214     
 0.1225000      0.1502770     
 0.1241667      0.1739606     
 0.1258333      0.1275118     
 0.1275000      0.9203286E-01 
 0.1291667      0.1185140     
 0.1308333      0.1367941     
 0.1325000      0.1361911     
 0.1341667      0.1128637     
 0.1358333      0.7516474E-01 
 0.1375000      0.1326400     
 0.1391667      0.1381658     
 0.1408333      0.1438757     
 0.1425000      0.1024572     
 0.1441667      0.1209932     
 0.1458333      0.1204911     
 0.1475000      0.1188013     
 0.1491667      0.1228490     
 0.1508333      0.9604599E-01 
 0.1525000      0.1341115     
 0.1541667      0.1159573     
 0.1558333      0.9996925E-01 
 0.1575000      0.9668113E-01 
 0.1591667      0.1080034     
 0.1608333      0.1232714     
 0.1625000      0.7308302E-01 
 0.1641667      0.9842025E-01 
 0.1658333      0.1362667     
