# SumMovie FRC for input stack : stack16.mrc
# Number of micrographs: 1
# Number of frames per movie: 50
# Pixel size (A): 3.0000
# 1/(A)          FRC
# -----------------------
# 
# Micrograph 1 of 1. Score: .538
 0.8333334E-03  0.9999994     
 0.2500000E-02  0.9672240     
 0.4166666E-02  0.9454289     
 0.5833333E-02  0.9120659     
 0.7499999E-02  0.8965368     
 0.9166666E-02  0.8416148     
 0.1083333E-01  0.7767354     
 0.1250000E-01  0.8840477     
 0.1416667E-01  0.9355319     
 0.1583333E-01  0.9656268     
 0.1750000E-01  0.9459096     
 0.1916667E-01  0.7765995     
 0.2083333E-01  0.8028880     
 0.2250000E-01  0.9023975     
 0.2416667E-01  0.9434848     
 0.2583333E-01  0.9341107     
 0.2750000E-01  0.8306277     
 0.2916667E-01  0.7051405     
 0.3083333E-01  0.7542908     
 0.3250000E-01  0.7966163     
 0.3416666E-01  0.7330682     
 0.3583334E-01  0.6084658     
 0.3750000E-01  0.4392577     
 0.3916667E-01  0.3791781     
 0.4083334E-01  0.2919857     
 0.4250000E-01  0.1228718     
 0.4416666E-01  0.1181248     
 0.4583333E-01  0.8332975E-01 
 0.4750000E-01  0.1475632     
 0.4916666E-01  0.2687028     
 0.5083333E-01  0.3447108     
 0.5250000E-01  0.3899163     
 0.5416667E-01  0.3826550     
 0.5583333E-01  0.4240967     
 0.5750000E-01  0.3621754     
 0.5916666E-01  0.2771794     
 0.6083334E-01  0.1853910     
 0.6250000E-01  0.7929981E-01 
 0.6416667E-01  0.1030410     
 0.6583333E-01  0.1388468     
 0.6750000E-01  0.2085722     
 0.6916667E-01  0.3149345     
 0.7083333E-01  0.4060459     
 0.7250000E-01  0.3728397     
 0.7416667E-01  0.3078107     
 0.7583334E-01  0.1810099     
 0.7749999E-01  0.1184930     
 0.7916667E-01  0.9280943E-01 
 0.8083334E-01  0.2487684     
 0.8250000E-01  0.2757806     
 0.8416667E-01  0.3598151     
 0.8583333E-01  0.3017114     
 0.8750000E-01  0.1847497     
 0.8916666E-01  0.1196545     
 0.9083333E-01  0.7824128E-01 
 0.9250000E-01  0.1847649     
 0.9416667E-01  0.2604048     
 0.9583333E-01  0.2809480     
 0.9750000E-01  0.2087046     
 0.9916665E-01  0.9622808E-01 
 0.1008333      0.5785027E-01 
 0.1025000      0.1199777     
 0.1041667      0.1914514     
 0.1058333      0.2404380     
 0.1075000      0.1787727     
 0.1091667      0.1098535     
 0.1108333      0.5667761E-01 
 0.1125000      0.1387609     
 0.1141667      0.1964076     
 0.1158333      0.1883009     
 0.1175000      0.1107712     
 0.1191667      0.4794505E-01 
 0.1208333      0.8984508E-01 
 0.1225000      0.1556822     
 0.1241667      0.1745239     
 0.1258333      0.1074259     
 0.1275000      0.6517855E-01 
 0.1291667      0.8648182E-01 
 0.1308333      0.1198208     
 0.1325000      0.1338594     
 0.1341667      0.6561122E-01 
 0.1358333      0.4305270E-01 
 0.1375000      0.1123243     
 0.1391667      0.1348875     
 0.1408333      0.9316986E-01 
 0.1425000      0.7481595E-01 
 0.1441667      0.7401150E-01 
 0.1458333      0.1141288     
 0.1475000      0.9446553E-01 
 0.1491667      0.6370872E-01 
 0.1508333      0.7163608E-01 
 0.1525000      0.1013353     
 0.1541667      0.8446893E-01 
 0.1558333      0.7519487E-01 
 0.1575000      0.4388227E-01 
 0.1591667      0.8366413E-01 
 0.1608333      0.8573171E-01 
 0.1625000      0.4317973E-01 
 0.1641667      0.6397321E-01 
 0.1658333      0.1302542     
