# SumMovie FRC for input stack : stack11.mrc
# Number of micrographs: 1
# Number of frames per movie: 50
# Pixel size (A): 3.0000
# 1/(A)          FRC
# -----------------------
# 
# Micrograph 1 of 1. Score: .577
 0.8333334E-03  0.9999998     
 0.2500000E-02  0.8505887     
 0.4166666E-02  0.8708482     
 0.5833333E-02  0.8516520     
 0.7499999E-02  0.8578772     
 0.9166666E-02  0.7372492     
 0.1083333E-01  0.6260057     
 0.1250000E-01  0.8536841     
 0.1416667E-01  0.9153947     
 0.1583333E-01  0.9441586     
 0.1750000E-01  0.9082268     
 0.1916667E-01  0.6549843     
 0.2083333E-01  0.7416616     
 0.2250000E-01  0.8762274     
 0.2416667E-01  0.9246022     
 0.2583333E-01  0.8935743     
 0.2750000E-01  0.7463146     
 0.2916667E-01  0.6514353     
 0.3083333E-01  0.7190692     
 0.3250000E-01  0.7772450     
 0.3416666E-01  0.7306947     
 0.3583334E-01  0.5953779     
 0.3750000E-01  0.5326633     
 0.3916667E-01  0.5107970     
 0.4083334E-01  0.5219524     
 0.4250000E-01  0.4083150     
 0.4416666E-01  0.3432771     
 0.4583333E-01  0.2992693     
 0.4750000E-01  0.2175732     
 0.4916666E-01  0.1045689     
 0.5083333E-01  0.7330334E-01 
 0.5250000E-01  0.1379451     
 0.5416667E-01  0.1454001     
 0.5583333E-01  0.2178102     
 0.5750000E-01  0.3002637     
 0.5916666E-01  0.3811281     
 0.6083334E-01  0.3615844     
 0.6250000E-01  0.4224879     
 0.6416667E-01  0.4046629     
 0.6583333E-01  0.3292156     
 0.6750000E-01  0.3070841     
 0.6916667E-01  0.1868199     
 0.7083333E-01  0.1086274     
 0.7250000E-01  0.6846230E-01 
 0.7416667E-01  0.1124728     
 0.7583334E-01  0.2005914     
 0.7749999E-01  0.2840216     
 0.7916667E-01  0.3253462     
 0.8083334E-01  0.3784527     
 0.8250000E-01  0.3369103     
 0.8416667E-01  0.3161322     
 0.8583333E-01  0.2091206     
 0.8750000E-01  0.1030025     
 0.8916666E-01  0.6732157E-01 
 0.9083333E-01  0.1359584     
 0.9250000E-01  0.2393226     
 0.9416667E-01  0.2944072     
 0.9583333E-01  0.3007660     
 0.9750000E-01  0.2697245     
 0.9916665E-01  0.2263422     
 0.1008333      0.1074166     
 0.1025000      0.4438240E-01 
 0.1041667      0.1135232     
 0.1058333      0.1989437     
 0.1075000      0.2397034     
 0.1091667      0.2396200     
 0.1108333      0.2034854     
 0.1125000      0.1370857     
 0.1141667      0.6716202E-01 
 0.1158333      0.8246439E-01 
 0.1175000      0.1453630     
 0.1191667      0.1750618     
 0.1208333      0.1659242     
 0.1225000      0.1364638     
 0.1241667      0.7409261E-01 
 0.1258333      0.6826644E-01 
 0.1275000      0.8851755E-01 
 0.1291667      0.1475550     
 0.1308333      0.1710936     
 0.1325000      0.1656765     
 0.1341667      0.8901478E-01 
 0.1358333      0.5424216E-01 
 0.1375000      0.9693406E-01 
 0.1391667      0.1051916     
 0.1408333      0.1348759     
 0.1425000      0.1039366     
 0.1441667      0.7212151E-01 
 0.1458333      0.5105313E-01 
 0.1475000      0.5678981E-01 
 0.1491667      0.1140444     
 0.1508333      0.1056073     
 0.1525000      0.8374606E-01 
 0.1541667      0.6766536E-01 
 0.1558333      0.6686702E-01 
 0.1575000      0.1193202     
 0.1591667      0.7364204E-01 
 0.1608333      0.6675988E-01 
 0.1625000      0.5502084E-01 
 0.1641667      0.7781383E-01 
 0.1658333      0.1014214     
