# SumMovie FRC for input stack : stack16.mrc
# Number of micrographs: 1
# Number of frames per movie: 50
# Pixel size (A): 3.0000
# 1/(A)          FRC
# -----------------------
# 
# Micrograph 1 of 1. Score: .527
 0.8333334E-03  0.9999994     
 0.2500000E-02  0.9669656     
 0.4166666E-02  0.9458930     
 0.5833333E-02  0.9108611     
 0.7499999E-02  0.8942541     
 0.9166666E-02  0.8409864     
 0.1083333E-01  0.7711982     
 0.1250000E-01  0.8781775     
 0.1416667E-01  0.9331744     
 0.1583333E-01  0.9635182     
 0.1750000E-01  0.9432679     
 0.1916667E-01  0.7637749     
 0.2083333E-01  0.7991892     
 0.2250000E-01  0.8916803     
 0.2416667E-01  0.9335135     
 0.2583333E-01  0.9242451     
 0.2750000E-01  0.8120793     
 0.2916667E-01  0.6773883     
 0.3083333E-01  0.7297136     
 0.3250000E-01  0.7748877     
 0.3416666E-01  0.6955362     
 0.3583334E-01  0.5532258     
 0.3750000E-01  0.4241245     
 0.3916667E-01  0.3585716     
 0.4083334E-01  0.2937062     
 0.4250000E-01  0.1150186     
 0.4416666E-01  0.1227539     
 0.4583333E-01  0.1073821     
 0.4750000E-01  0.1371102     
 0.4916666E-01  0.2691753     
 0.5083333E-01  0.3276989     
 0.5250000E-01  0.3549403     
 0.5416667E-01  0.3553776     
 0.5583333E-01  0.4024539     
 0.5750000E-01  0.3405598     
 0.5916666E-01  0.2610599     
 0.6083334E-01  0.1710516     
 0.6250000E-01  0.9125773E-01 
 0.6416667E-01  0.1153847     
 0.6583333E-01  0.1406451     
 0.6750000E-01  0.1866483     
 0.6916667E-01  0.2956204     
 0.7083333E-01  0.3842266     
 0.7250000E-01  0.3301674     
 0.7416667E-01  0.2661469     
 0.7583334E-01  0.1623124     
 0.7749999E-01  0.1126233     
 0.7916667E-01  0.9189893E-01 
 0.8083334E-01  0.2431751     
 0.8250000E-01  0.2429981     
 0.8416667E-01  0.3217552     
 0.8583333E-01  0.2748298     
 0.8750000E-01  0.1830050     
 0.8916666E-01  0.1174563     
 0.9083333E-01  0.9915685E-01 
 0.9250000E-01  0.1842337     
 0.9416667E-01  0.2386342     
 0.9583333E-01  0.2506248     
 0.9750000E-01  0.2033333     
 0.9916665E-01  0.1288309     
 0.1008333      0.1095807     
 0.1025000      0.1338673     
 0.1041667      0.1886604     
 0.1058333      0.2249238     
 0.1075000      0.1858755     
 0.1091667      0.1294184     
 0.1108333      0.6908457E-01 
 0.1125000      0.1539142     
 0.1141667      0.1834529     
 0.1158333      0.1731702     
 0.1175000      0.1365609     
 0.1191667      0.8880112E-01 
 0.1208333      0.1168116     
 0.1225000      0.1503921     
 0.1241667      0.1731874     
 0.1258333      0.1286725     
 0.1275000      0.9184487E-01 
 0.1291667      0.1145469     
 0.1308333      0.1385303     
 0.1325000      0.1363132     
 0.1341667      0.1116805     
 0.1358333      0.7194953E-01 
 0.1375000      0.1280970     
 0.1391667      0.1366934     
 0.1408333      0.1406868     
 0.1425000      0.9831052E-01 
 0.1441667      0.1198239     
 0.1458333      0.1202068     
 0.1475000      0.1168817     
 0.1491667      0.1222790     
 0.1508333      0.9775934E-01 
 0.1525000      0.1295186     
 0.1541667      0.1159037     
 0.1558333      0.9764053E-01 
 0.1575000      0.9518025E-01 
 0.1591667      0.1087906     
 0.1608333      0.1199762     
 0.1625000      0.7260196E-01 
 0.1641667      0.9649833E-01 
 0.1658333      0.1369378     
