# SumMovie FRC for input stack : stack6.mrc
# Number of micrographs: 1
# Number of frames per movie: 50
# Pixel size (A): 3.0000
# 1/(A)          FRC
# -----------------------
# 
# Micrograph 1 of 1. Score: .592
 0.8333334E-03  0.9999999     
 0.2500000E-02  0.9512888     
 0.4166666E-02  0.9319549     
 0.5833333E-02  0.8474947     
 0.7499999E-02  0.8653358     
 0.9166666E-02  0.6786277     
 0.1083333E-01  0.6582395     
 0.1250000E-01  0.8498735     
 0.1416667E-01  0.8879925     
 0.1583333E-01  0.9352682     
 0.1750000E-01  0.8940226     
 0.1916667E-01  0.6005728     
 0.2083333E-01  0.6728255     
 0.2250000E-01  0.8433911     
 0.2416667E-01  0.9027457     
 0.2583333E-01  0.8572924     
 0.2750000E-01  0.7354555     
 0.2916667E-01  0.6256053     
 0.3083333E-01  0.6982678     
 0.3250000E-01  0.7292284     
 0.3416666E-01  0.7026989     
 0.3583334E-01  0.6009350     
 0.3750000E-01  0.5387018     
 0.3916667E-01  0.5311918     
 0.4083334E-01  0.5750704     
 0.4250000E-01  0.4580983     
 0.4416666E-01  0.3963714     
 0.4583333E-01  0.3650152     
 0.4750000E-01  0.3040528     
 0.4916666E-01  0.2232994     
 0.5083333E-01  0.1346200     
 0.5250000E-01  0.1175705     
 0.5416667E-01  0.6156898E-01 
 0.5583333E-01  0.9968302E-01 
 0.5750000E-01  0.1218948     
 0.5916666E-01  0.1981077     
 0.6083334E-01  0.2707749     
 0.6250000E-01  0.2910701     
 0.6416667E-01  0.3457243     
 0.6583333E-01  0.3747171     
 0.6750000E-01  0.3493748     
 0.6916667E-01  0.3462562     
 0.7083333E-01  0.2920622     
 0.7250000E-01  0.2224081     
 0.7416667E-01  0.1232138     
 0.7583334E-01  0.7767510E-01 
 0.7749999E-01  0.6722742E-01 
 0.7916667E-01  0.7840057E-01 
 0.8083334E-01  0.1856675     
 0.8250000E-01  0.2316859     
 0.8416667E-01  0.2969946     
 0.8583333E-01  0.3109596     
 0.8750000E-01  0.2918953     
 0.8916666E-01  0.2439765     
 0.9083333E-01  0.1633694     
 0.9250000E-01  0.8624293E-01 
 0.9416667E-01  0.4639329E-01 
 0.9583333E-01  0.8695050E-01 
 0.9750000E-01  0.8770587E-01 
 0.9916665E-01  0.1442817     
 0.1008333      0.2186619     
 0.1025000      0.2399925     
 0.1041667      0.1720377     
 0.1058333      0.1476918     
 0.1075000      0.8069488E-01 
 0.1091667      0.7729965E-01 
 0.1108333      0.4440539E-01 
 0.1125000      0.8829594E-01 
 0.1141667      0.1421671     
 0.1158333      0.1919266     
 0.1175000      0.1718150     
 0.1191667      0.1300537     
 0.1208333      0.4267617E-01 
 0.1225000      0.4381151E-01 
 0.1241667      0.3946681E-01 
 0.1258333      0.1049617     
 0.1275000      0.1229217     
 0.1291667      0.1268048     
 0.1308333      0.1115658     
 0.1325000      0.5661264E-01 
 0.1341667      0.4776024E-01 
 0.1358333      0.7485264E-01 
 0.1375000      0.7144511E-01 
 0.1391667      0.1032787     
 0.1408333      0.9103223E-01 
 0.1425000      0.6997569E-01 
 0.1441667      0.5771511E-01 
 0.1458333      0.4069716E-01 
 0.1475000      0.4766119E-01 
 0.1491667      0.7819287E-01 
 0.1508333      0.9418607E-01 
 0.1525000      0.6840269E-01 
 0.1541667      0.4669905E-01 
 0.1558333      0.3642207E-01 
 0.1575000      0.7440589E-01 
 0.1591667      0.8248981E-01 
 0.1608333      0.7778057E-01 
 0.1625000      0.7608379E-01 
 0.1641667      0.6274438E-01 
 0.1658333      0.2866617E-01 
