# SumMovie FRC for input stack : stack1.mrc
# Number of micrographs: 1
# Number of frames per movie: 50
# Pixel size (A): 3.0000
# 1/(A)          FRC
# -----------------------
# 
# Micrograph 1 of 1. Score: .546
 0.8333334E-03  0.9999993     
 0.2500000E-02  0.9744540     
 0.4166666E-02  0.9570148     
 0.5833333E-02  0.9206329     
 0.7499999E-02  0.9049256     
 0.9166666E-02  0.7494150     
 0.1083333E-01  0.7275422     
 0.1250000E-01  0.8559268     
 0.1416667E-01  0.9222947     
 0.1583333E-01  0.9262594     
 0.1750000E-01  0.8738450     
 0.1916667E-01  0.6746714     
 0.2083333E-01  0.7639110     
 0.2250000E-01  0.8706720     
 0.2416667E-01  0.9031945     
 0.2583333E-01  0.8719026     
 0.2750000E-01  0.7472662     
 0.2916667E-01  0.6434159     
 0.3083333E-01  0.7086502     
 0.3250000E-01  0.7374319     
 0.3416666E-01  0.6840612     
 0.3583334E-01  0.5455380     
 0.3750000E-01  0.4831676     
 0.3916667E-01  0.4601563     
 0.4083334E-01  0.4487084     
 0.4250000E-01  0.3987759     
 0.4416666E-01  0.2589104     
 0.4583333E-01  0.1691451     
 0.4750000E-01  0.1880639     
 0.4916666E-01  0.9487759E-01 
 0.5083333E-01  0.6296395E-01 
 0.5250000E-01  0.6737661E-01 
 0.5416667E-01  0.1263262     
 0.5583333E-01  0.1861092     
 0.5750000E-01  0.2516453     
 0.5916666E-01  0.3163252     
 0.6083334E-01  0.3430065     
 0.6250000E-01  0.3266848     
 0.6416667E-01  0.2999606     
 0.6583333E-01  0.2719781     
 0.6750000E-01  0.1609915     
 0.6916667E-01  0.1344774     
 0.7083333E-01  0.8676341E-01 
 0.7250000E-01  0.7000839E-01 
 0.7416667E-01  0.1080034     
 0.7583334E-01  0.1683509     
 0.7749999E-01  0.2461328     
 0.7916667E-01  0.2974854     
 0.8083334E-01  0.2896994     
 0.8250000E-01  0.2850383     
 0.8416667E-01  0.2274330     
 0.8583333E-01  0.1243040     
 0.8750000E-01  0.6113466E-01 
 0.8916666E-01  0.3393800E-01 
 0.9083333E-01  0.1321277     
 0.9250000E-01  0.1975182     
 0.9416667E-01  0.2372483     
 0.9583333E-01  0.2506247     
 0.9750000E-01  0.1955249     
 0.9916665E-01  0.1119283     
 0.1008333      0.6959614E-01 
 0.1025000      0.4806023E-01 
 0.1041667      0.1204891     
 0.1058333      0.1565724     
 0.1075000      0.1614199     
 0.1091667      0.1754002     
 0.1108333      0.1327456     
 0.1125000      0.1253969     
 0.1141667      0.4065438E-01 
 0.1158333      0.6550098E-01 
 0.1175000      0.1080936     
 0.1191667      0.1139626     
 0.1208333      0.1169125     
 0.1225000      0.1014267     
 0.1241667      0.4810241E-01 
 0.1258333      0.4210886E-01 
 0.1275000      0.5844274E-01 
 0.1291667      0.1184716     
 0.1308333      0.1217335     
 0.1325000      0.7138035E-01 
 0.1341667      0.4879656E-01 
 0.1358333      0.2465467E-01 
 0.1375000      0.1040402     
 0.1391667      0.6970808E-01 
 0.1408333      0.1091594     
 0.1425000      0.6330168E-01 
 0.1441667      0.3906995E-01 
 0.1458333      0.2986649E-01 
 0.1475000      0.7522515E-01 
 0.1491667      0.6260248E-01 
 0.1508333      0.6591552E-01 
 0.1525000      0.2547598E-01 
 0.1541667      0.5844017E-01 
 0.1558333      0.8190235E-01 
 0.1575000      0.4417893E-01 
 0.1591667      0.2378739E-01 
 0.1608333      0.4052142E-01 
 0.1625000      0.5079190E-01 
 0.1641667      0.3567901E-01 
 0.1658333      0.2981295E-01 
