# SumMovie FRC for input stack : stack6.mrc
# Number of micrographs: 1
# Number of frames per movie: 50
# Pixel size (A): 3.0000
# 1/(A)          FRC
# -----------------------
# 
# Micrograph 1 of 1. Score: .573
 0.8333334E-03  0.9999999     
 0.2500000E-02  0.9513468     
 0.4166666E-02  0.9316784     
 0.5833333E-02  0.8461847     
 0.7499999E-02  0.8648870     
 0.9166666E-02  0.6724121     
 0.1083333E-01  0.6541145     
 0.1250000E-01  0.8458776     
 0.1416667E-01  0.8827063     
 0.1583333E-01  0.9308341     
 0.1750000E-01  0.8905787     
 0.1916667E-01  0.5999863     
 0.2083333E-01  0.6599274     
 0.2250000E-01  0.8270506     
 0.2416667E-01  0.8906269     
 0.2583333E-01  0.8424588     
 0.2750000E-01  0.7191169     
 0.2916667E-01  0.6126867     
 0.3083333E-01  0.6724454     
 0.3250000E-01  0.7151078     
 0.3416666E-01  0.6820564     
 0.3583334E-01  0.5732093     
 0.3750000E-01  0.5201688     
 0.3916667E-01  0.5026276     
 0.4083334E-01  0.5343602     
 0.4250000E-01  0.4337657     
 0.4416666E-01  0.3673173     
 0.4583333E-01  0.3345914     
 0.4750000E-01  0.2843413     
 0.4916666E-01  0.2112309     
 0.5083333E-01  0.1183089     
 0.5250000E-01  0.1439654     
 0.5416667E-01  0.9032751E-01 
 0.5583333E-01  0.1303063     
 0.5750000E-01  0.1302510     
 0.5916666E-01  0.2078222     
 0.6083334E-01  0.2679127     
 0.6250000E-01  0.2884864     
 0.6416667E-01  0.3296002     
 0.6583333E-01  0.3269230     
 0.6750000E-01  0.3331871     
 0.6916667E-01  0.3162738     
 0.7083333E-01  0.2668149     
 0.7250000E-01  0.2137804     
 0.7416667E-01  0.1448050     
 0.7583334E-01  0.1027660     
 0.7749999E-01  0.8907311E-01 
 0.7916667E-01  0.9683416E-01 
 0.8083334E-01  0.1721163     
 0.8250000E-01  0.2114225     
 0.8416667E-01  0.2663607     
 0.8583333E-01  0.2858522     
 0.8750000E-01  0.2621671     
 0.8916666E-01  0.2549976     
 0.9083333E-01  0.1332059     
 0.9250000E-01  0.1289408     
 0.9416667E-01  0.8547940E-01 
 0.9583333E-01  0.1283693     
 0.9750000E-01  0.1293401     
 0.9916665E-01  0.1685265     
 0.1008333      0.1906105     
 0.1025000      0.2113144     
 0.1041667      0.1973479     
 0.1058333      0.1442442     
 0.1075000      0.1075107     
 0.1091667      0.5710158E-01 
 0.1108333      0.8304724E-01 
 0.1125000      0.1380475     
 0.1141667      0.1726218     
 0.1158333      0.1959945     
 0.1175000      0.1591430     
 0.1191667      0.1408913     
 0.1208333      0.9751472E-01 
 0.1225000      0.7028843E-01 
 0.1241667      0.9417652E-01 
 0.1258333      0.9963894E-01 
 0.1275000      0.1511874     
 0.1291667      0.1397502     
 0.1308333      0.1385604     
 0.1325000      0.6555413E-01 
 0.1341667      0.5635842E-01 
 0.1358333      0.1122531     
 0.1375000      0.9246685E-01 
 0.1391667      0.9603869E-01 
 0.1408333      0.1202840     
 0.1425000      0.1042728     
 0.1441667      0.8148008E-01 
 0.1458333      0.8236669E-01 
 0.1475000      0.9111868E-01 
 0.1491667      0.1191774     
 0.1508333      0.1293014     
 0.1525000      0.1004955     
 0.1541667      0.6729596E-01 
 0.1558333      0.9625426E-01 
 0.1575000      0.8643009E-01 
 0.1591667      0.9916236E-01 
 0.1608333      0.1204166     
 0.1625000      0.8933790E-01 
 0.1641667      0.8379427E-01 
 0.1658333      0.6275223E-01 
