# SumMovie FRC for input stack : stack11.mrc
# Number of micrographs: 1
# Number of frames per movie: 50
# Pixel size (A): 3.0000
# 1/(A)          FRC
# -----------------------
# 
# Micrograph 1 of 1. Score: .577
 0.8333334E-03  0.9999998     
 0.2500000E-02  0.8506501     
 0.4166666E-02  0.8709636     
 0.5833333E-02  0.8516053     
 0.7499999E-02  0.8580040     
 0.9166666E-02  0.7377466     
 0.1083333E-01  0.6256588     
 0.1250000E-01  0.8540704     
 0.1416667E-01  0.9155524     
 0.1583333E-01  0.9441760     
 0.1750000E-01  0.9083596     
 0.1916667E-01  0.6541409     
 0.2083333E-01  0.7417455     
 0.2250000E-01  0.8761231     
 0.2416667E-01  0.9249969     
 0.2583333E-01  0.8932422     
 0.2750000E-01  0.7468057     
 0.2916667E-01  0.6526285     
 0.3083333E-01  0.7210670     
 0.3250000E-01  0.7784632     
 0.3416666E-01  0.7325844     
 0.3583334E-01  0.5954250     
 0.3750000E-01  0.5333325     
 0.3916667E-01  0.5114057     
 0.4083334E-01  0.5214168     
 0.4250000E-01  0.4075910     
 0.4416666E-01  0.3420686     
 0.4583333E-01  0.3002014     
 0.4750000E-01  0.2174888     
 0.4916666E-01  0.1024757     
 0.5083333E-01  0.7523187E-01 
 0.5250000E-01  0.1385107     
 0.5416667E-01  0.1443148     
 0.5583333E-01  0.2168372     
 0.5750000E-01  0.2995101     
 0.5916666E-01  0.3852780     
 0.6083334E-01  0.3617768     
 0.6250000E-01  0.4233953     
 0.6416667E-01  0.4062561     
 0.6583333E-01  0.3275405     
 0.6750000E-01  0.3026069     
 0.6916667E-01  0.1801565     
 0.7083333E-01  0.1057297     
 0.7250000E-01  0.6161663E-01 
 0.7416667E-01  0.1082964     
 0.7583334E-01  0.2007192     
 0.7749999E-01  0.2843998     
 0.7916667E-01  0.3241784     
 0.8083334E-01  0.3797425     
 0.8250000E-01  0.3378852     
 0.8416667E-01  0.3178902     
 0.8583333E-01  0.2062547     
 0.8750000E-01  0.1001654     
 0.8916666E-01  0.6530388E-01 
 0.9083333E-01  0.1330813     
 0.9250000E-01  0.2398693     
 0.9416667E-01  0.2892331     
 0.9583333E-01  0.2959505     
 0.9750000E-01  0.2674861     
 0.9916665E-01  0.2136706     
 0.1008333      0.1042009     
 0.1025000      0.3574379E-01 
 0.1041667      0.1090438     
 0.1058333      0.1847370     
 0.1075000      0.2353398     
 0.1091667      0.2327997     
 0.1108333      0.1961648     
 0.1125000      0.1273530     
 0.1141667      0.5743453E-01 
 0.1158333      0.7921522E-01 
 0.1175000      0.1361351     
 0.1191667      0.1680489     
 0.1208333      0.1605835     
 0.1225000      0.1294111     
 0.1241667      0.7264163E-01 
 0.1258333      0.5946232E-01 
 0.1275000      0.8820775E-01 
 0.1291667      0.1392279     
 0.1308333      0.1648022     
 0.1325000      0.1590519     
 0.1341667      0.8414238E-01 
 0.1358333      0.4597685E-01 
 0.1375000      0.8627660E-01 
 0.1391667      0.9671616E-01 
 0.1408333      0.1247437     
 0.1425000      0.9790221E-01 
 0.1441667      0.6514967E-01 
 0.1458333      0.3986112E-01 
 0.1475000      0.5674975E-01 
 0.1491667      0.1088718     
 0.1508333      0.9699601E-01 
 0.1525000      0.7738030E-01 
 0.1541667      0.6099734E-01 
 0.1558333      0.5940113E-01 
 0.1575000      0.1113253     
 0.1591667      0.6759693E-01 
 0.1608333      0.5846337E-01 
 0.1625000      0.5702761E-01 
 0.1641667      0.6570216E-01 
 0.1658333      0.8833052E-01 
