# SumMovie FRC for input stack : stack16.mrc
# Number of micrographs: 1
# Number of frames per movie: 50
# Pixel size (A): 3.0000
# 1/(A)          FRC
# -----------------------
# 
# Micrograph 1 of 1. Score: .527
 0.8333334E-03  0.9999994     
 0.2500000E-02  0.9669599     
 0.4166666E-02  0.9458918     
 0.5833333E-02  0.9108390     
 0.7499999E-02  0.8942413     
 0.9166666E-02  0.8409494     
 0.1083333E-01  0.7711525     
 0.1250000E-01  0.8781361     
 0.1416667E-01  0.9331507     
 0.1583333E-01  0.9634927     
 0.1750000E-01  0.9432278     
 0.1916667E-01  0.7635983     
 0.2083333E-01  0.7990723     
 0.2250000E-01  0.8915354     
 0.2416667E-01  0.9334063     
 0.2583333E-01  0.9240947     
 0.2750000E-01  0.8117522     
 0.2916667E-01  0.6769468     
 0.3083333E-01  0.7294393     
 0.3250000E-01  0.7744682     
 0.3416666E-01  0.6950958     
 0.3583334E-01  0.5524494     
 0.3750000E-01  0.4239093     
 0.3916667E-01  0.3583397     
 0.4083334E-01  0.2933393     
 0.4250000E-01  0.1149476     
 0.4416666E-01  0.1227633     
 0.4583333E-01  0.1074778     
 0.4750000E-01  0.1371029     
 0.4916666E-01  0.2688600     
 0.5083333E-01  0.3271276     
 0.5250000E-01  0.3540766     
 0.5416667E-01  0.3547443     
 0.5583333E-01  0.4018365     
 0.5750000E-01  0.3397371     
 0.5916666E-01  0.2607890     
 0.6083334E-01  0.1701148     
 0.6250000E-01  0.9148573E-01 
 0.6416667E-01  0.1155989     
 0.6583333E-01  0.1402095     
 0.6750000E-01  0.1858554     
 0.6916667E-01  0.2948283     
 0.7083333E-01  0.3830829     
 0.7250000E-01  0.3297969     
 0.7416667E-01  0.2654572     
 0.7583334E-01  0.1616224     
 0.7749999E-01  0.1127620     
 0.7916667E-01  0.9205312E-01 
 0.8083334E-01  0.2426414     
 0.8250000E-01  0.2419796     
 0.8416667E-01  0.3207168     
 0.8583333E-01  0.2740316     
 0.8750000E-01  0.1826598     
 0.8916666E-01  0.1174486     
 0.9083333E-01  0.9918293E-01 
 0.9250000E-01  0.1839863     
 0.9416667E-01  0.2381958     
 0.9583333E-01  0.2496182     
 0.9750000E-01  0.2030428     
 0.9916665E-01  0.1293172     
 0.1008333      0.1101482     
 0.1025000      0.1337949     
 0.1041667      0.1881442     
 0.1058333      0.2238820     
 0.1075000      0.1854071     
 0.1091667      0.1288167     
 0.1108333      0.6882029E-01 
 0.1125000      0.1539893     
 0.1141667      0.1834600     
 0.1158333      0.1729998     
 0.1175000      0.1362301     
 0.1191667      0.8814657E-01 
 0.1208333      0.1170598     
 0.1225000      0.1504413     
 0.1241667      0.1729447     
 0.1258333      0.1288983     
 0.1275000      0.9243633E-01 
 0.1291667      0.1155780     
 0.1308333      0.1383868     
 0.1325000      0.1366228     
 0.1341667      0.1118771     
 0.1358333      0.7259928E-01 
 0.1375000      0.1289223     
 0.1391667      0.1369018     
 0.1408333      0.1412570     
 0.1425000      0.9890800E-01 
 0.1441667      0.1199871     
 0.1458333      0.1203462     
 0.1475000      0.1169669     
 0.1491667      0.1229414     
 0.1508333      0.9748969E-01 
 0.1525000      0.1305964     
 0.1541667      0.1159956     
 0.1558333      0.9844089E-01 
 0.1575000      0.9573184E-01 
 0.1591667      0.1085027     
 0.1608333      0.1211338     
 0.1625000      0.7236010E-01 
 0.1641667      0.9712433E-01 
 0.1658333      0.1365702     
