# SumMovie FRC for input stack : stack11.mrc
# Number of micrographs: 1
# Number of frames per movie: 50
# Pixel size (A): 3.0000
# 1/(A)          FRC
# -----------------------
# 
# Micrograph 1 of 1. Score: .577
 0.8333334E-03  0.9999998     
 0.2500000E-02  0.8506452     
 0.4166666E-02  0.8709585     
 0.5833333E-02  0.8516109     
 0.7499999E-02  0.8579895     
 0.9166666E-02  0.7376929     
 0.1083333E-01  0.6257072     
 0.1250000E-01  0.8540397     
 0.1416667E-01  0.9155380     
 0.1583333E-01  0.9441733     
 0.1750000E-01  0.9083456     
 0.1916667E-01  0.6541923     
 0.2083333E-01  0.7417442     
 0.2250000E-01  0.8761339     
 0.2416667E-01  0.9249645     
 0.2583333E-01  0.8932889     
 0.2750000E-01  0.7467529     
 0.2916667E-01  0.6524928     
 0.3083333E-01  0.7209225     
 0.3250000E-01  0.7783852     
 0.3416666E-01  0.7324843     
 0.3583334E-01  0.5954175     
 0.3750000E-01  0.5332162     
 0.3916667E-01  0.5114045     
 0.4083334E-01  0.5214576     
 0.4250000E-01  0.4077217     
 0.4416666E-01  0.3422836     
 0.4583333E-01  0.3002112     
 0.4750000E-01  0.2176258     
 0.4916666E-01  0.1027109     
 0.5083333E-01  0.7496052E-01 
 0.5250000E-01  0.1386269     
 0.5416667E-01  0.1444061     
 0.5583333E-01  0.2168596     
 0.5750000E-01  0.2996864     
 0.5916666E-01  0.3851268     
 0.6083334E-01  0.3617072     
 0.6250000E-01  0.4235636     
 0.6416667E-01  0.4061283     
 0.6583333E-01  0.3279239     
 0.6750000E-01  0.3029842     
 0.6916667E-01  0.1808358     
 0.7083333E-01  0.1061774     
 0.7250000E-01  0.6208923E-01 
 0.7416667E-01  0.1086575     
 0.7583334E-01  0.2007908     
 0.7749999E-01  0.2845363     
 0.7916667E-01  0.3245254     
 0.8083334E-01  0.3797165     
 0.8250000E-01  0.3377902     
 0.8416667E-01  0.3177998     
 0.8583333E-01  0.2064588     
 0.8750000E-01  0.1004480     
 0.8916666E-01  0.6541603E-01 
 0.9083333E-01  0.1333127     
 0.9250000E-01  0.2399247     
 0.9416667E-01  0.2896970     
 0.9583333E-01  0.2962995     
 0.9750000E-01  0.2676222     
 0.9916665E-01  0.2150028     
 0.1008333      0.1044529     
 0.1025000      0.3627735E-01 
 0.1041667      0.1094114     
 0.1058333      0.1858446     
 0.1075000      0.2358497     
 0.1091667      0.2333603     
 0.1108333      0.1967412     
 0.1125000      0.1280145     
 0.1141667      0.5810327E-01 
 0.1158333      0.7957014E-01 
 0.1175000      0.1368793     
 0.1191667      0.1685026     
 0.1208333      0.1610842     
 0.1225000      0.1300934     
 0.1241667      0.7256659E-01 
 0.1258333      0.6015028E-01 
 0.1275000      0.8825205E-01 
 0.1291667      0.1400982     
 0.1308333      0.1656236     
 0.1325000      0.1598490     
 0.1341667      0.8480836E-01 
 0.1358333      0.4687507E-01 
 0.1375000      0.8703079E-01 
 0.1391667      0.9742302E-01 
 0.1408333      0.1259103     
 0.1425000      0.9831186E-01 
 0.1441667      0.6569356E-01 
 0.1458333      0.4065671E-01 
 0.1475000      0.5631862E-01 
 0.1491667      0.1093619     
 0.1508333      0.9738237E-01 
 0.1525000      0.7806666E-01 
 0.1541667      0.6148926E-01 
 0.1558333      0.5980393E-01 
 0.1575000      0.1121268     
 0.1591667      0.6825144E-01 
 0.1608333      0.5917277E-01 
 0.1625000      0.5680304E-01 
 0.1641667      0.6676885E-01 
 0.1658333      0.8961501E-01 
