# SumMovie FRC for input stack : stack16.mrc
# Number of micrographs: 1
# Number of frames per movie: 50
# Pixel size (A): 3.0000
# 1/(A)          FRC
# -----------------------
# 
# Micrograph 1 of 1. Score: .528
 0.8333334E-03  0.9999994     
 0.2500000E-02  0.9669966     
 0.4166666E-02  0.9459162     
 0.5833333E-02  0.9109557     
 0.7499999E-02  0.8942987     
 0.9166666E-02  0.8411528     
 0.1083333E-01  0.7715807     
 0.1250000E-01  0.8785355     
 0.1416667E-01  0.9333322     
 0.1583333E-01  0.9637387     
 0.1750000E-01  0.9435797     
 0.1916667E-01  0.7647604     
 0.2083333E-01  0.7999979     
 0.2250000E-01  0.8927823     
 0.2416667E-01  0.9343734     
 0.2583333E-01  0.9253050     
 0.2750000E-01  0.8142517     
 0.2916667E-01  0.6799217     
 0.3083333E-01  0.7319092     
 0.3250000E-01  0.7773153     
 0.3416666E-01  0.6984437     
 0.3583334E-01  0.5589052     
 0.3750000E-01  0.4260817     
 0.3916667E-01  0.3589643     
 0.4083334E-01  0.2955291     
 0.4250000E-01  0.1141924     
 0.4416666E-01  0.1227223     
 0.4583333E-01  0.1058165     
 0.4750000E-01  0.1365258     
 0.4916666E-01  0.2710121     
 0.5083333E-01  0.3312738     
 0.5250000E-01  0.3598921     
 0.5416667E-01  0.3585986     
 0.5583333E-01  0.4063569     
 0.5750000E-01  0.3454601     
 0.5916666E-01  0.2638959     
 0.6083334E-01  0.1757645     
 0.6250000E-01  0.9119570E-01 
 0.6416667E-01  0.1131596     
 0.6583333E-01  0.1420610     
 0.6750000E-01  0.1921292     
 0.6916667E-01  0.3004627     
 0.7083333E-01  0.3914794     
 0.7250000E-01  0.3338793     
 0.7416667E-01  0.2710222     
 0.7583334E-01  0.1645435     
 0.7749999E-01  0.1122291     
 0.7916667E-01  0.9297732E-01 
 0.8083334E-01  0.2461781     
 0.8250000E-01  0.2494427     
 0.8416667E-01  0.3274944     
 0.8583333E-01  0.2799166     
 0.8750000E-01  0.1847682     
 0.8916666E-01  0.1171491     
 0.9083333E-01  0.9815520E-01 
 0.9250000E-01  0.1828578     
 0.9416667E-01  0.2414981     
 0.9583333E-01  0.2570890     
 0.9750000E-01  0.2074343     
 0.9916665E-01  0.1259210     
 0.1008333      0.1042715     
 0.1025000      0.1340075     
 0.1041667      0.1901040     
 0.1058333      0.2291878     
 0.1075000      0.1875756     
 0.1091667      0.1302995     
 0.1108333      0.6794179E-01 
 0.1125000      0.1532243     
 0.1141667      0.1823380     
 0.1158333      0.1723255     
 0.1175000      0.1337111     
 0.1191667      0.9090050E-01 
 0.1208333      0.1148144     
 0.1225000      0.1494840     
 0.1241667      0.1700022     
 0.1258333      0.1290076     
 0.1275000      0.8887012E-01 
 0.1291667      0.1068130     
 0.1308333      0.1391795     
 0.1325000      0.1351785     
 0.1341667      0.1084228     
 0.1358333      0.6383828E-01 
 0.1375000      0.1202449     
 0.1391667      0.1348591     
 0.1408333      0.1339051     
 0.1425000      0.8996711E-01 
 0.1441667      0.1160016     
 0.1458333      0.1193174     
 0.1475000      0.1146887     
 0.1491667      0.1183715     
 0.1508333      0.9917420E-01 
 0.1525000      0.1215100     
 0.1541667      0.1122779     
 0.1558333      0.9013806E-01 
 0.1575000      0.9155228E-01 
 0.1591667      0.1082014     
 0.1608333      0.1133009     
 0.1625000      0.7007726E-01 
 0.1641667      0.9191561E-01 
 0.1658333      0.1366647     
