# SumMovie FRC for input stack : stack1.mrc
# Number of micrographs: 1
# Number of frames per movie: 50
# Pixel size (A): 3.0000
# 1/(A)          FRC
# -----------------------
# 
# Micrograph 1 of 1. Score: .510
 0.8333334E-03  0.9999990     
 0.2500000E-02  0.9745042     
 0.4166666E-02  0.9567479     
 0.5833333E-02  0.9213828     
 0.7499999E-02  0.9025353     
 0.9166666E-02  0.7436513     
 0.1083333E-01  0.7116054     
 0.1250000E-01  0.8410859     
 0.1416667E-01  0.9108797     
 0.1583333E-01  0.9144771     
 0.1750000E-01  0.8602859     
 0.1916667E-01  0.6462024     
 0.2083333E-01  0.7367559     
 0.2250000E-01  0.8493599     
 0.2416667E-01  0.8866155     
 0.2583333E-01  0.8465430     
 0.2750000E-01  0.6986372     
 0.2916667E-01  0.5729078     
 0.3083333E-01  0.6643220     
 0.3250000E-01  0.6759995     
 0.3416666E-01  0.6186224     
 0.3583334E-01  0.4921205     
 0.3750000E-01  0.4323063     
 0.3916667E-01  0.3917392     
 0.4083334E-01  0.3915164     
 0.4250000E-01  0.3458829     
 0.4416666E-01  0.2166340     
 0.4583333E-01  0.1341415     
 0.4750000E-01  0.1919328     
 0.4916666E-01  0.1045766     
 0.5083333E-01  0.9524334E-01 
 0.5250000E-01  0.9330357E-01 
 0.5416667E-01  0.1116077     
 0.5583333E-01  0.1694128     
 0.5750000E-01  0.2144971     
 0.5916666E-01  0.2567298     
 0.6083334E-01  0.2864178     
 0.6250000E-01  0.2426092     
 0.6416667E-01  0.2266644     
 0.6583333E-01  0.2240306     
 0.6750000E-01  0.1371377     
 0.6916667E-01  0.1440042     
 0.7083333E-01  0.1152176     
 0.7250000E-01  0.6486545E-01 
 0.7416667E-01  0.8109745E-01 
 0.7583334E-01  0.1329155     
 0.7749999E-01  0.1842467     
 0.7916667E-01  0.2122652     
 0.8083334E-01  0.2149264     
 0.8250000E-01  0.1993622     
 0.8416667E-01  0.1526065     
 0.8583333E-01  0.9501299E-01 
 0.8750000E-01  0.5951770E-01 
 0.8916666E-01  0.1575312E-01 
 0.9083333E-01  0.8461950E-01 
 0.9250000E-01  0.1200821     
 0.9416667E-01  0.1726964     
 0.9583333E-01  0.1901338     
 0.9750000E-01  0.1498842     
 0.9916665E-01  0.8684777E-01 
 0.1008333      0.7268689E-01 
 0.1025000      0.2844478E-01 
 0.1041667      0.1063105     
 0.1058333      0.1442572     
 0.1075000      0.1463314     
 0.1091667      0.1343356     
 0.1108333      0.1105027     
 0.1125000      0.1138063     
 0.1141667      0.6511622E-01 
 0.1158333      0.4439354E-01 
 0.1175000      0.7475073E-01 
 0.1191667      0.1110095     
 0.1208333      0.8863811E-01 
 0.1225000      0.6421605E-01 
 0.1241667      0.6474879E-01 
 0.1258333      0.4207386E-01 
 0.1275000      0.2322132E-01 
 0.1291667      0.1159597     
 0.1308333      0.8333927E-01 
 0.1325000      0.7453670E-01 
 0.1341667      0.2491244E-01 
 0.1358333      0.5045014E-01 
 0.1375000      0.5793404E-01 
 0.1391667      0.7208040E-01 
 0.1408333      0.8302360E-01 
 0.1425000      0.6697754E-01 
 0.1441667      0.3560729E-01 
 0.1458333      0.4787756E-01 
 0.1475000      0.8138545E-01 
 0.1491667      0.5706755E-01 
 0.1508333      0.4626252E-01 
 0.1525000      0.3907324E-01 
 0.1541667      0.5055071E-01 
 0.1558333      0.5029828E-01 
 0.1575000      0.4868202E-01 
 0.1591667      0.1586043E-01 
 0.1608333      0.5008652E-01 
 0.1625000      0.5204502E-01 
 0.1641667      0.7286356E-01 
 0.1658333      0.4240368E-01 
