# SumMovie FRC for input stack : stack1.mrc
# Number of micrographs: 1
# Number of frames per movie: 50
# Pixel size (A): 3.0000
# 1/(A)          FRC
# -----------------------
# 
# Micrograph 1 of 1. Score: .546
 0.8333334E-03  0.9999993     
 0.2500000E-02  0.9744607     
 0.4166666E-02  0.9570068     
 0.5833333E-02  0.9207095     
 0.7499999E-02  0.9047843     
 0.9166666E-02  0.7499512     
 0.1083333E-01  0.7274919     
 0.1250000E-01  0.8560426     
 0.1416667E-01  0.9222524     
 0.1583333E-01  0.9263119     
 0.1750000E-01  0.8739997     
 0.1916667E-01  0.6751148     
 0.2083333E-01  0.7638038     
 0.2250000E-01  0.8703082     
 0.2416667E-01  0.9033332     
 0.2583333E-01  0.8718466     
 0.2750000E-01  0.7478382     
 0.2916667E-01  0.6445697     
 0.3083333E-01  0.7088946     
 0.3250000E-01  0.7372757     
 0.3416666E-01  0.6836038     
 0.3583334E-01  0.5446017     
 0.3750000E-01  0.4821339     
 0.3916667E-01  0.4614412     
 0.4083334E-01  0.4480765     
 0.4250000E-01  0.4010746     
 0.4416666E-01  0.2598965     
 0.4583333E-01  0.1696182     
 0.4750000E-01  0.1880441     
 0.4916666E-01  0.9730548E-01 
 0.5083333E-01  0.6353699E-01 
 0.5250000E-01  0.6657100E-01 
 0.5416667E-01  0.1284804     
 0.5583333E-01  0.1857993     
 0.5750000E-01  0.2515318     
 0.5916666E-01  0.3150795     
 0.6083334E-01  0.3417001     
 0.6250000E-01  0.3276788     
 0.6416667E-01  0.2989734     
 0.6583333E-01  0.2713056     
 0.6750000E-01  0.1623116     
 0.6916667E-01  0.1349993     
 0.7083333E-01  0.8476864E-01 
 0.7250000E-01  0.7058724E-01 
 0.7416667E-01  0.1070677     
 0.7583334E-01  0.1651126     
 0.7749999E-01  0.2464717     
 0.7916667E-01  0.2983657     
 0.8083334E-01  0.2869103     
 0.8250000E-01  0.2821286     
 0.8416667E-01  0.2246748     
 0.8583333E-01  0.1225059     
 0.8750000E-01  0.6186492E-01 
 0.8916666E-01  0.3103142E-01 
 0.9083333E-01  0.1291120     
 0.9250000E-01  0.1932465     
 0.9416667E-01  0.2359141     
 0.9583333E-01  0.2469843     
 0.9750000E-01  0.1966156     
 0.9916665E-01  0.1076777     
 0.1008333      0.6580939E-01 
 0.1025000      0.4395195E-01 
 0.1041667      0.1201708     
 0.1058333      0.1516593     
 0.1075000      0.1596034     
 0.1091667      0.1732186     
 0.1108333      0.1292795     
 0.1125000      0.1207883     
 0.1141667      0.3477575E-01 
 0.1158333      0.6370925E-01 
 0.1175000      0.1085357     
 0.1191667      0.1074885     
 0.1208333      0.1128543     
 0.1225000      0.1007348     
 0.1241667      0.4584253E-01 
 0.1258333      0.3839090E-01 
 0.1275000      0.5753826E-01 
 0.1291667      0.1101461     
 0.1308333      0.1193280     
 0.1325000      0.6543678E-01 
 0.1341667      0.4784851E-01 
 0.1358333      0.2869513E-01 
 0.1375000      0.1022876     
 0.1391667      0.6175861E-01 
 0.1408333      0.1088058     
 0.1425000      0.6297909E-01 
 0.1441667      0.3031832E-01 
 0.1458333      0.2771445E-01 
 0.1475000      0.7139329E-01 
 0.1491667      0.5427380E-01 
 0.1508333      0.6198365E-01 
 0.1525000      0.2514324E-01 
 0.1541667      0.5515550E-01 
 0.1558333      0.8549806E-01 
 0.1575000      0.4364588E-01 
 0.1591667      0.2194751E-01 
 0.1608333      0.2994157E-01 
 0.1625000      0.4512171E-01 
 0.1641667      0.3748927E-01 
 0.1658333      0.3050141E-01 
