# SumMovie FRC for input stack : stack1.mrc
# Number of micrographs: 1
# Number of frames per movie: 50
# Pixel size (A): 3.0000
# 1/(A)          FRC
# -----------------------
# 
# Micrograph 1 of 1. Score: .514
 0.8333334E-03  0.9999990     
 0.2500000E-02  0.9745058     
 0.4166666E-02  0.9567703     
 0.5833333E-02  0.9214017     
 0.7499999E-02  0.9026688     
 0.9166666E-02  0.7446695     
 0.1083333E-01  0.7127222     
 0.1250000E-01  0.8425481     
 0.1416667E-01  0.9119931     
 0.1583333E-01  0.9153976     
 0.1750000E-01  0.8622103     
 0.1916667E-01  0.6503943     
 0.2083333E-01  0.7402239     
 0.2250000E-01  0.8521089     
 0.2416667E-01  0.8890260     
 0.2583333E-01  0.8502129     
 0.2750000E-01  0.7044828     
 0.2916667E-01  0.5821627     
 0.3083333E-01  0.6705804     
 0.3250000E-01  0.6856063     
 0.3416666E-01  0.6288238     
 0.3583334E-01  0.4984956     
 0.3750000E-01  0.4362987     
 0.3916667E-01  0.4003677     
 0.4083334E-01  0.4011161     
 0.4250000E-01  0.3512464     
 0.4416666E-01  0.2183184     
 0.4583333E-01  0.1306646     
 0.4750000E-01  0.1917465     
 0.4916666E-01  0.9965330E-01 
 0.5083333E-01  0.9334230E-01 
 0.5250000E-01  0.8753283E-01 
 0.5416667E-01  0.1088493     
 0.5583333E-01  0.1698831     
 0.5750000E-01  0.2111481     
 0.5916666E-01  0.2646013     
 0.6083334E-01  0.2902374     
 0.6250000E-01  0.2468649     
 0.6416667E-01  0.2231121     
 0.6583333E-01  0.2235730     
 0.6750000E-01  0.1351332     
 0.6916667E-01  0.1360578     
 0.7083333E-01  0.1089908     
 0.7250000E-01  0.6057832E-01 
 0.7416667E-01  0.7424021E-01 
 0.7583334E-01  0.1298920     
 0.7749999E-01  0.1805580     
 0.7916667E-01  0.2189006     
 0.8083334E-01  0.2201553     
 0.8250000E-01  0.1989405     
 0.8416667E-01  0.1462465     
 0.8583333E-01  0.9034841E-01 
 0.8750000E-01  0.6023866E-01 
 0.8916666E-01  0.1389352E-01 
 0.9083333E-01  0.7826069E-01 
 0.9250000E-01  0.1186998     
 0.9416667E-01  0.1724272     
 0.9583333E-01  0.1953205     
 0.9750000E-01  0.1464416     
 0.9916665E-01  0.8478399E-01 
 0.1008333      0.6554313E-01 
 0.1025000      0.2401655E-01 
 0.1041667      0.9783045E-01 
 0.1058333      0.1406053     
 0.1075000      0.1531182     
 0.1091667      0.1330577     
 0.1108333      0.1146477     
 0.1125000      0.1138756     
 0.1141667      0.6018182E-01 
 0.1158333      0.4320027E-01 
 0.1175000      0.8007473E-01 
 0.1191667      0.1132369     
 0.1208333      0.8198010E-01 
 0.1225000      0.7218332E-01 
 0.1241667      0.5938414E-01 
 0.1258333      0.3970741E-01 
 0.1275000      0.2268744E-01 
 0.1291667      0.1163523     
 0.1308333      0.7788553E-01 
 0.1325000      0.6739376E-01 
 0.1341667      0.2793814E-01 
 0.1358333      0.4216043E-01 
 0.1375000      0.5437347E-01 
 0.1391667      0.7105508E-01 
 0.1408333      0.8012827E-01 
 0.1425000      0.7022995E-01 
 0.1441667      0.3827604E-01 
 0.1458333      0.4149465E-01 
 0.1475000      0.7669532E-01 
 0.1491667      0.6111928E-01 
 0.1508333      0.5169805E-01 
 0.1525000      0.3807439E-01 
 0.1541667      0.5682687E-01 
 0.1558333      0.5804095E-01 
 0.1575000      0.4194516E-01 
 0.1591667      0.1853851E-01 
 0.1608333      0.3960382E-01 
 0.1625000      0.5714280E-01 
 0.1641667      0.7029503E-01 
 0.1658333      0.4231815E-01 
