# SumMovie FRC for input stack : stack16.mrc
# Number of micrographs: 1
# Number of frames per movie: 50
# Pixel size (A): 3.0000
# 1/(A)          FRC
# -----------------------
# 
# Micrograph 1 of 1. Score: .525
 0.8333334E-03  0.9999994     
 0.2500000E-02  0.9669175     
 0.4166666E-02  0.9458444     
 0.5833333E-02  0.9107101     
 0.7499999E-02  0.8941354     
 0.9166666E-02  0.8407769     
 0.1083333E-01  0.7706662     
 0.1250000E-01  0.8776584     
 0.1416667E-01  0.9329579     
 0.1583333E-01  0.9632386     
 0.1750000E-01  0.9428166     
 0.1916667E-01  0.7623498     
 0.2083333E-01  0.7979677     
 0.2250000E-01  0.8901049     
 0.2416667E-01  0.9322444     
 0.2583333E-01  0.9225532     
 0.2750000E-01  0.8088131     
 0.2916667E-01  0.6735575     
 0.3083333E-01  0.7266423     
 0.3250000E-01  0.7713008     
 0.3416666E-01  0.6918312     
 0.3583334E-01  0.5453947     
 0.3750000E-01  0.4219837     
 0.3916667E-01  0.3576787     
 0.4083334E-01  0.2895344     
 0.4250000E-01  0.1164403     
 0.4416666E-01  0.1227019     
 0.4583333E-01  0.1088582     
 0.4750000E-01  0.1371199     
 0.4916666E-01  0.2660245     
 0.5083333E-01  0.3214735     
 0.5250000E-01  0.3474035     
 0.5416667E-01  0.3511451     
 0.5583333E-01  0.3965754     
 0.5750000E-01  0.3330963     
 0.5916666E-01  0.2562061     
 0.6083334E-01  0.1632001     
 0.6250000E-01  0.9163937E-01 
 0.6416667E-01  0.1194928     
 0.6583333E-01  0.1377449     
 0.6750000E-01  0.1786101     
 0.6916667E-01  0.2875332     
 0.7083333E-01  0.3728053     
 0.7250000E-01  0.3245390     
 0.7416667E-01  0.2580003     
 0.7583334E-01  0.1587183     
 0.7749999E-01  0.1115432     
 0.7916667E-01  0.8878031E-01 
 0.8083334E-01  0.2368476     
 0.8250000E-01  0.2326954     
 0.8416667E-01  0.3117240     
 0.8583333E-01  0.2676660     
 0.8750000E-01  0.1794153     
 0.8916666E-01  0.1190319     
 0.9083333E-01  0.9685295E-01 
 0.9250000E-01  0.1845929     
 0.9416667E-01  0.2348014     
 0.9583333E-01  0.2410843     
 0.9750000E-01  0.1970995     
 0.9916665E-01  0.1305839     
 0.1008333      0.1139857     
 0.1025000      0.1315644     
 0.1041667      0.1838234     
 0.1058333      0.2167803     
 0.1075000      0.1817676     
 0.1091667      0.1258345     
 0.1108333      0.6841569E-01 
 0.1125000      0.1527545     
 0.1141667      0.1809788     
 0.1158333      0.1755415     
 0.1175000      0.1344078     
 0.1191667      0.8130456E-01 
 0.1208333      0.1172810     
 0.1225000      0.1494629     
 0.1241667      0.1749035     
 0.1258333      0.1238639     
 0.1275000      0.9042651E-01 
 0.1291667      0.1227336     
 0.1308333      0.1326901     
 0.1325000      0.1342113     
 0.1341667      0.1135981     
 0.1358333      0.7823438E-01 
 0.1375000      0.1378433     
 0.1391667      0.1386914     
 0.1408333      0.1464594     
 0.1425000      0.1074295     
 0.1441667      0.1209141     
 0.1458333      0.1201800     
 0.1475000      0.1209445     
 0.1491667      0.1192061     
 0.1508333      0.9283882E-01 
 0.1525000      0.1380341     
 0.1541667      0.1137698     
 0.1558333      0.1003167     
 0.1575000      0.9621872E-01 
 0.1591667      0.1070227     
 0.1608333      0.1251018     
 0.1625000      0.7235662E-01 
 0.1641667      0.9913718E-01 
 0.1658333      0.1350594     
