# SumMovie FRC for input stack : stack1.mrc
# Number of micrographs: 1
# Number of frames per movie: 50
# Pixel size (A): 3.0000
# 1/(A)          FRC
# -----------------------
# 
# Micrograph 1 of 1. Score: .546
 0.8333334E-03  0.9999993     
 0.2500000E-02  0.9744694     
 0.4166666E-02  0.9570591     
 0.5833333E-02  0.9207859     
 0.7499999E-02  0.9049031     
 0.9166666E-02  0.7500696     
 0.1083333E-01  0.7273858     
 0.1250000E-01  0.8560914     
 0.1416667E-01  0.9223946     
 0.1583333E-01  0.9259858     
 0.1750000E-01  0.8741174     
 0.1916667E-01  0.6744779     
 0.2083333E-01  0.7636485     
 0.2250000E-01  0.8704827     
 0.2416667E-01  0.9035591     
 0.2583333E-01  0.8720645     
 0.2750000E-01  0.7482791     
 0.2916667E-01  0.6434030     
 0.3083333E-01  0.7088072     
 0.3250000E-01  0.7385686     
 0.3416666E-01  0.6849168     
 0.3583334E-01  0.5455589     
 0.3750000E-01  0.4817060     
 0.3916667E-01  0.4596907     
 0.4083334E-01  0.4491043     
 0.4250000E-01  0.3991424     
 0.4416666E-01  0.2556171     
 0.4583333E-01  0.1671319     
 0.4750000E-01  0.1856628     
 0.4916666E-01  0.9455812E-01 
 0.5083333E-01  0.6157885E-01 
 0.5250000E-01  0.6724334E-01 
 0.5416667E-01  0.1219222     
 0.5583333E-01  0.1869809     
 0.5750000E-01  0.2500224     
 0.5916666E-01  0.3164400     
 0.6083334E-01  0.3428614     
 0.6250000E-01  0.3283318     
 0.6416667E-01  0.2978630     
 0.6583333E-01  0.2705640     
 0.6750000E-01  0.1615813     
 0.6916667E-01  0.1313037     
 0.7083333E-01  0.8611649E-01 
 0.7250000E-01  0.6851332E-01 
 0.7416667E-01  0.1025967     
 0.7583334E-01  0.1618742     
 0.7749999E-01  0.2490861     
 0.7916667E-01  0.2984493     
 0.8083334E-01  0.2864060     
 0.8250000E-01  0.2847729     
 0.8416667E-01  0.2217727     
 0.8583333E-01  0.1226827     
 0.8750000E-01  0.6025076E-01 
 0.8916666E-01  0.3435589E-01 
 0.9083333E-01  0.1262572     
 0.9250000E-01  0.1915886     
 0.9416667E-01  0.2365476     
 0.9583333E-01  0.2460657     
 0.9750000E-01  0.1966783     
 0.9916665E-01  0.1099930     
 0.1008333      0.6583753E-01 
 0.1025000      0.4308612E-01 
 0.1041667      0.1222746     
 0.1058333      0.1545193     
 0.1075000      0.1560233     
 0.1091667      0.1709729     
 0.1108333      0.1272938     
 0.1125000      0.1270711     
 0.1141667      0.4354984E-01 
 0.1158333      0.6153669E-01 
 0.1175000      0.1072571     
 0.1191667      0.1077853     
 0.1208333      0.1100937     
 0.1225000      0.9485439E-01 
 0.1241667      0.4415572E-01 
 0.1258333      0.3709315E-01 
 0.1275000      0.5631713E-01 
 0.1291667      0.1090718     
 0.1308333      0.1239857     
 0.1325000      0.6644369E-01 
 0.1341667      0.4301786E-01 
 0.1358333      0.3315140E-01 
 0.1375000      0.1003526     
 0.1391667      0.6379578E-01 
 0.1408333      0.1022105     
 0.1425000      0.7056785E-01 
 0.1441667      0.2957162E-01 
 0.1458333      0.3433462E-01 
 0.1475000      0.7491894E-01 
 0.1491667      0.6111730E-01 
 0.1508333      0.6749981E-01 
 0.1525000      0.3430231E-01 
 0.1541667      0.5372791E-01 
 0.1558333      0.8367965E-01 
 0.1575000      0.4497622E-01 
 0.1591667      0.2305365E-01 
 0.1608333      0.3218362E-01 
 0.1625000      0.5176276E-01 
 0.1641667      0.3177874E-01 
 0.1658333      0.3237391E-01 
