# SumMovie FRC for input stack : stack16.mrc
# Number of micrographs: 1
# Number of frames per movie: 50
# Pixel size (A): 3.0000
# 1/(A)          FRC
# -----------------------
# 
# Micrograph 1 of 1. Score: .527
 0.8333334E-03  0.9999994     
 0.2500000E-02  0.9669598     
 0.4166666E-02  0.9458920     
 0.5833333E-02  0.9108391     
 0.7499999E-02  0.8942412     
 0.9166666E-02  0.8409494     
 0.1083333E-01  0.7711512     
 0.1250000E-01  0.8781339     
 0.1416667E-01  0.9331489     
 0.1583333E-01  0.9634913     
 0.1750000E-01  0.9432269     
 0.1916667E-01  0.7635936     
 0.2083333E-01  0.7990665     
 0.2250000E-01  0.8915294     
 0.2416667E-01  0.9334008     
 0.2583333E-01  0.9240884     
 0.2750000E-01  0.8117393     
 0.2916667E-01  0.6769300     
 0.3083333E-01  0.7294281     
 0.3250000E-01  0.7744551     
 0.3416666E-01  0.6950832     
 0.3583334E-01  0.5524230     
 0.3750000E-01  0.4239040     
 0.3916667E-01  0.3583391     
 0.4083334E-01  0.2933297     
 0.4250000E-01  0.1149544     
 0.4416666E-01  0.1227584     
 0.4583333E-01  0.1074845     
 0.4750000E-01  0.1371039     
 0.4916666E-01  0.2688524     
 0.5083333E-01  0.3271095     
 0.5250000E-01  0.3540594     
 0.5416667E-01  0.3547315     
 0.5583333E-01  0.4018195     
 0.5750000E-01  0.3397126     
 0.5916666E-01  0.2607749     
 0.6083334E-01  0.1700971     
 0.6250000E-01  0.9148376E-01 
 0.6416667E-01  0.1156229     
 0.6583333E-01  0.1402016     
 0.6750000E-01  0.1858285     
 0.6916667E-01  0.2948055     
 0.7083333E-01  0.3830511     
 0.7250000E-01  0.3297754     
 0.7416667E-01  0.2654340     
 0.7583334E-01  0.1616129     
 0.7749999E-01  0.1127556     
 0.7916667E-01  0.9203334E-01 
 0.8083334E-01  0.2426179     
 0.8250000E-01  0.2419414     
 0.8416667E-01  0.3206814     
 0.8583333E-01  0.2740147     
 0.8750000E-01  0.1826457     
 0.8916666E-01  0.1174572     
 0.9083333E-01  0.9917377E-01 
 0.9250000E-01  0.1839972     
 0.9416667E-01  0.2381727     
 0.9583333E-01  0.2495831     
 0.9750000E-01  0.2030172     
 0.9916665E-01  0.1293345     
 0.1008333      0.1101792     
 0.1025000      0.1337838     
 0.1041667      0.1881293     
 0.1058333      0.2238451     
 0.1075000      0.1853886     
 0.1091667      0.1288082     
 0.1108333      0.6882669E-01 
 0.1125000      0.1539907     
 0.1141667      0.1834613     
 0.1158333      0.1730152     
 0.1175000      0.1362400     
 0.1191667      0.8812881E-01 
 0.1208333      0.1170678     
 0.1225000      0.1504344     
 0.1241667      0.1729603     
 0.1258333      0.1288895     
 0.1275000      0.9241741E-01 
 0.1291667      0.1156135     
 0.1308333      0.1383619     
 0.1325000      0.1366213     
 0.1341667      0.1118859     
 0.1358333      0.7263266E-01 
 0.1375000      0.1289666     
 0.1391667      0.1369138     
 0.1408333      0.1412916     
 0.1425000      0.9894393E-01 
 0.1441667      0.1200125     
 0.1458333      0.1203476     
 0.1475000      0.1169984     
 0.1491667      0.1229506     
 0.1508333      0.9747596E-01 
 0.1525000      0.1306508     
 0.1541667      0.1160073     
 0.1558333      0.9845934E-01 
 0.1575000      0.9573926E-01 
 0.1591667      0.1084975     
 0.1608333      0.1211481     
 0.1625000      0.7237867E-01 
 0.1641667      0.9713400E-01 
 0.1658333      0.1365627     
