# SumMovie FRC for input stack : stack6.mrc
# Number of micrographs: 1
# Number of frames per movie: 50
# Pixel size (A): 3.0000
# 1/(A)          FRC
# -----------------------
# 
# Micrograph 1 of 1. Score: .573
 0.8333334E-03  0.9999999     
 0.2500000E-02  0.9513448     
 0.4166666E-02  0.9316570     
 0.5833333E-02  0.8461511     
 0.7499999E-02  0.8648841     
 0.9166666E-02  0.6723503     
 0.1083333E-01  0.6539726     
 0.1250000E-01  0.8457263     
 0.1416667E-01  0.8826593     
 0.1583333E-01  0.9307387     
 0.1750000E-01  0.8903540     
 0.1916667E-01  0.5998678     
 0.2083333E-01  0.6596746     
 0.2250000E-01  0.8268394     
 0.2416667E-01  0.8903218     
 0.2583333E-01  0.8420945     
 0.2750000E-01  0.7186768     
 0.2916667E-01  0.6120220     
 0.3083333E-01  0.6715684     
 0.3250000E-01  0.7147169     
 0.3416666E-01  0.6810870     
 0.3583334E-01  0.5721610     
 0.3750000E-01  0.5190935     
 0.3916667E-01  0.5020582     
 0.4083334E-01  0.5331973     
 0.4250000E-01  0.4333622     
 0.4416666E-01  0.3664865     
 0.4583333E-01  0.3336866     
 0.4750000E-01  0.2834994     
 0.4916666E-01  0.2109252     
 0.5083333E-01  0.1186601     
 0.5250000E-01  0.1438042     
 0.5416667E-01  0.9048146E-01 
 0.5583333E-01  0.1307119     
 0.5750000E-01  0.1297367     
 0.5916666E-01  0.2073268     
 0.6083334E-01  0.2669944     
 0.6250000E-01  0.2873409     
 0.6416667E-01  0.3276965     
 0.6583333E-01  0.3260875     
 0.6750000E-01  0.3320275     
 0.6916667E-01  0.3154103     
 0.7083333E-01  0.2660220     
 0.7250000E-01  0.2126100     
 0.7416667E-01  0.1448106     
 0.7583334E-01  0.1023645     
 0.7749999E-01  0.8946175E-01 
 0.7916667E-01  0.9643647E-01 
 0.8083334E-01  0.1715172     
 0.8250000E-01  0.2100966     
 0.8416667E-01  0.2656206     
 0.8583333E-01  0.2845710     
 0.8750000E-01  0.2620041     
 0.8916666E-01  0.2540832     
 0.9083333E-01  0.1316914     
 0.9250000E-01  0.1288981     
 0.9416667E-01  0.8574224E-01 
 0.9583333E-01  0.1289528     
 0.9750000E-01  0.1299636     
 0.9916665E-01  0.1674638     
 0.1008333      0.1902106     
 0.1025000      0.2099857     
 0.1041667      0.1972046     
 0.1058333      0.1436920     
 0.1075000      0.1083970     
 0.1091667      0.5733918E-01 
 0.1108333      0.8299856E-01 
 0.1125000      0.1383581     
 0.1141667      0.1727495     
 0.1158333      0.1959898     
 0.1175000      0.1597899     
 0.1191667      0.1409808     
 0.1208333      0.9821734E-01 
 0.1225000      0.7182602E-01 
 0.1241667      0.9496043E-01 
 0.1258333      0.9931640E-01 
 0.1275000      0.1507335     
 0.1291667      0.1396234     
 0.1308333      0.1378146     
 0.1325000      0.6668335E-01 
 0.1341667      0.5669316E-01 
 0.1358333      0.1136014     
 0.1375000      0.9298437E-01 
 0.1391667      0.9698179E-01 
 0.1408333      0.1209054     
 0.1425000      0.1048944     
 0.1441667      0.8202352E-01 
 0.1458333      0.8269071E-01 
 0.1475000      0.9197368E-01 
 0.1491667      0.1197048     
 0.1508333      0.1295312     
 0.1525000      0.1018213     
 0.1541667      0.6708504E-01 
 0.1558333      0.9616214E-01 
 0.1575000      0.8635823E-01 
 0.1591667      0.9964619E-01 
 0.1608333      0.1208301     
 0.1625000      0.8920901E-01 
 0.1641667      0.8385666E-01 
 0.1658333      0.6236291E-01 
