# SumMovie FRC for input stack : stack6.mrc
# Number of micrographs: 1
# Number of frames per movie: 50
# Pixel size (A): 3.0000
# 1/(A)          FRC
# -----------------------
# 
# Micrograph 1 of 1. Score: .592
 0.8333334E-03  0.9999999     
 0.2500000E-02  0.9512792     
 0.4166666E-02  0.9319474     
 0.5833333E-02  0.8475493     
 0.7499999E-02  0.8653297     
 0.9166666E-02  0.6785185     
 0.1083333E-01  0.6578155     
 0.1250000E-01  0.8499230     
 0.1416667E-01  0.8881410     
 0.1583333E-01  0.9353119     
 0.1750000E-01  0.8937073     
 0.1916667E-01  0.6007354     
 0.2083333E-01  0.6730202     
 0.2250000E-01  0.8436645     
 0.2416667E-01  0.9027399     
 0.2583333E-01  0.8573557     
 0.2750000E-01  0.7353897     
 0.2916667E-01  0.6256552     
 0.3083333E-01  0.6983594     
 0.3250000E-01  0.7289924     
 0.3416666E-01  0.7026906     
 0.3583334E-01  0.6012450     
 0.3750000E-01  0.5380749     
 0.3916667E-01  0.5306078     
 0.4083334E-01  0.5748355     
 0.4250000E-01  0.4581686     
 0.4416666E-01  0.3959903     
 0.4583333E-01  0.3649077     
 0.4750000E-01  0.3047292     
 0.4916666E-01  0.2231643     
 0.5083333E-01  0.1339681     
 0.5250000E-01  0.1151570     
 0.5416667E-01  0.5998471E-01 
 0.5583333E-01  0.9851587E-01 
 0.5750000E-01  0.1217652     
 0.5916666E-01  0.1955837     
 0.6083334E-01  0.2693967     
 0.6250000E-01  0.2892260     
 0.6416667E-01  0.3445387     
 0.6583333E-01  0.3743432     
 0.6750000E-01  0.3469386     
 0.6916667E-01  0.3451328     
 0.7083333E-01  0.2914838     
 0.7250000E-01  0.2226565     
 0.7416667E-01  0.1221557     
 0.7583334E-01  0.7576247E-01 
 0.7749999E-01  0.6473286E-01 
 0.7916667E-01  0.7693825E-01 
 0.8083334E-01  0.1833982     
 0.8250000E-01  0.2327836     
 0.8416667E-01  0.2945191     
 0.8583333E-01  0.3105293     
 0.8750000E-01  0.2914692     
 0.8916666E-01  0.2418414     
 0.9083333E-01  0.1632077     
 0.9250000E-01  0.8610736E-01 
 0.9416667E-01  0.4549611E-01 
 0.9583333E-01  0.8462104E-01 
 0.9750000E-01  0.8549315E-01 
 0.9916665E-01  0.1434967     
 0.1008333      0.2212197     
 0.1025000      0.2383873     
 0.1041667      0.1712881     
 0.1058333      0.1469641     
 0.1075000      0.7875748E-01 
 0.1091667      0.7929964E-01 
 0.1108333      0.4166570E-01 
 0.1125000      0.8860355E-01 
 0.1141667      0.1406702     
 0.1158333      0.1926089     
 0.1175000      0.1694895     
 0.1191667      0.1284622     
 0.1208333      0.4050658E-01 
 0.1225000      0.4491688E-01 
 0.1241667      0.3727001E-01 
 0.1258333      0.1033214     
 0.1275000      0.1195138     
 0.1291667      0.1260208     
 0.1308333      0.1099986     
 0.1325000      0.5621186E-01 
 0.1341667      0.4388158E-01 
 0.1358333      0.7274183E-01 
 0.1375000      0.7023914E-01 
 0.1391667      0.1004794     
 0.1408333      0.8954564E-01 
 0.1425000      0.6872242E-01 
 0.1441667      0.5502177E-01 
 0.1458333      0.3860362E-01 
 0.1475000      0.4659240E-01 
 0.1491667      0.7568973E-01 
 0.1508333      0.9137856E-01 
 0.1525000      0.6883682E-01 
 0.1541667      0.4443129E-01 
 0.1558333      0.3320949E-01 
 0.1575000      0.7182165E-01 
 0.1591667      0.8063780E-01 
 0.1608333      0.7841099E-01 
 0.1625000      0.7595923E-01 
 0.1641667      0.6145626E-01 
 0.1658333      0.2822846E-01 
