# SumMovie FRC for input stack : stack11.mrc
# Number of micrographs: 1
# Number of frames per movie: 50
# Pixel size (A): 3.0000
# 1/(A)          FRC
# -----------------------
# 
# Micrograph 1 of 1. Score: .571
 0.8333334E-03  0.9999998     
 0.2500000E-02  0.8501392     
 0.4166666E-02  0.8702430     
 0.5833333E-02  0.8519382     
 0.7499999E-02  0.8573591     
 0.9166666E-02  0.7366728     
 0.1083333E-01  0.6258576     
 0.1250000E-01  0.8520271     
 0.1416667E-01  0.9140006     
 0.1583333E-01  0.9437982     
 0.1750000E-01  0.9069926     
 0.1916667E-01  0.6584613     
 0.2083333E-01  0.7389486     
 0.2250000E-01  0.8749099     
 0.2416667E-01  0.9214698     
 0.2583333E-01  0.8920858     
 0.2750000E-01  0.7413320     
 0.2916667E-01  0.6401973     
 0.3083333E-01  0.7095416     
 0.3250000E-01  0.7702883     
 0.3416666E-01  0.7187502     
 0.3583334E-01  0.5880788     
 0.3750000E-01  0.5214631     
 0.3916667E-01  0.4971457     
 0.4083334E-01  0.5153622     
 0.4250000E-01  0.4002790     
 0.4416666E-01  0.3356710     
 0.4583333E-01  0.2884765     
 0.4750000E-01  0.2201768     
 0.4916666E-01  0.1077346     
 0.5083333E-01  0.7613800E-01 
 0.5250000E-01  0.1368384     
 0.5416667E-01  0.1378622     
 0.5583333E-01  0.2217518     
 0.5750000E-01  0.2951971     
 0.5916666E-01  0.3572525     
 0.6083334E-01  0.3536986     
 0.6250000E-01  0.3976103     
 0.6416667E-01  0.3873432     
 0.6583333E-01  0.3070484     
 0.6750000E-01  0.2966273     
 0.6916667E-01  0.1890983     
 0.7083333E-01  0.1114491     
 0.7250000E-01  0.8572347E-01 
 0.7416667E-01  0.1095440     
 0.7583334E-01  0.1957552     
 0.7749999E-01  0.2640991     
 0.7916667E-01  0.3094469     
 0.8083334E-01  0.3487747     
 0.8250000E-01  0.3172496     
 0.8416667E-01  0.2918046     
 0.8583333E-01  0.2041274     
 0.8750000E-01  0.9485528E-01 
 0.8916666E-01  0.7738571E-01 
 0.9083333E-01  0.1293710     
 0.9250000E-01  0.2207987     
 0.9416667E-01  0.2831312     
 0.9583333E-01  0.3025106     
 0.9750000E-01  0.2535801     
 0.9916665E-01  0.2336080     
 0.1008333      0.1129495     
 0.1025000      0.8191440E-01 
 0.1041667      0.1396199     
 0.1058333      0.2172388     
 0.1075000      0.2173536     
 0.1091667      0.2478887     
 0.1108333      0.2087893     
 0.1125000      0.1530997     
 0.1141667      0.9938958E-01 
 0.1158333      0.9346522E-01 
 0.1175000      0.1645747     
 0.1191667      0.1928216     
 0.1208333      0.1641585     
 0.1225000      0.1467642     
 0.1241667      0.9163488E-01 
 0.1258333      0.1009394     
 0.1275000      0.1106969     
 0.1291667      0.1655186     
 0.1308333      0.1640116     
 0.1325000      0.1837104     
 0.1341667      0.1097073     
 0.1358333      0.6952550E-01 
 0.1375000      0.1305330     
 0.1391667      0.1156998     
 0.1408333      0.1527803     
 0.1425000      0.1158133     
 0.1441667      0.1128687     
 0.1458333      0.1005343     
 0.1475000      0.9844878E-01 
 0.1491667      0.1202142     
 0.1508333      0.1469356     
 0.1525000      0.1084506     
 0.1541667      0.9742662E-01 
 0.1558333      0.1103257     
 0.1575000      0.1440870     
 0.1591667      0.1056848     
 0.1608333      0.1154550     
 0.1625000      0.9404297E-01 
 0.1641667      0.1239742     
 0.1658333      0.1406377     
