# SumMovie FRC for input stack : stack1.mrc
# Number of micrographs: 1
# Number of frames per movie: 50
# Pixel size (A): 3.0000
# 1/(A)          FRC
# -----------------------
# 
# Micrograph 1 of 1. Score: .526
 0.8333334E-03  0.9999990     
 0.2500000E-02  0.9744830     
 0.4166666E-02  0.9568028     
 0.5833333E-02  0.9213881     
 0.7499999E-02  0.9030331     
 0.9166666E-02  0.7475401     
 0.1083333E-01  0.7163875     
 0.1250000E-01  0.8471885     
 0.1416667E-01  0.9152226     
 0.1583333E-01  0.9179989     
 0.1750000E-01  0.8679235     
 0.1916667E-01  0.6623724     
 0.2083333E-01  0.7503326     
 0.2250000E-01  0.8603032     
 0.2416667E-01  0.8961392     
 0.2583333E-01  0.8613230     
 0.2750000E-01  0.7235146     
 0.2916667E-01  0.6119696     
 0.3083333E-01  0.6903515     
 0.3250000E-01  0.7142363     
 0.3416666E-01  0.6601633     
 0.3583334E-01  0.5204849     
 0.3750000E-01  0.4526163     
 0.3916667E-01  0.4275802     
 0.4083334E-01  0.4315541     
 0.4250000E-01  0.3677637     
 0.4416666E-01  0.2251356     
 0.4583333E-01  0.1291842     
 0.4750000E-01  0.1830794     
 0.4916666E-01  0.8896956E-01 
 0.5083333E-01  0.7816421E-01 
 0.5250000E-01  0.7518532E-01 
 0.5416667E-01  0.1014146     
 0.5583333E-01  0.1785636     
 0.5750000E-01  0.2102926     
 0.5916666E-01  0.3004816     
 0.6083334E-01  0.3096362     
 0.6250000E-01  0.2776991     
 0.6416667E-01  0.2360394     
 0.6583333E-01  0.2342490     
 0.6750000E-01  0.1375504     
 0.6916667E-01  0.1109396     
 0.7083333E-01  0.8731018E-01 
 0.7250000E-01  0.5313697E-01 
 0.7416667E-01  0.7132945E-01 
 0.7583334E-01  0.1351791     
 0.7749999E-01  0.1997615     
 0.7916667E-01  0.2655749     
 0.8083334E-01  0.2498277     
 0.8250000E-01  0.2310996     
 0.8416667E-01  0.1582381     
 0.8583333E-01  0.9629904E-01 
 0.8750000E-01  0.6027348E-01 
 0.8916666E-01  0.3674167E-01 
 0.9083333E-01  0.9140589E-01 
 0.9250000E-01  0.1429679     
 0.9416667E-01  0.1998334     
 0.9583333E-01  0.2166697     
 0.9750000E-01  0.1577933     
 0.9916665E-01  0.1035703     
 0.1008333      0.6396617E-01 
 0.1025000      0.4381153E-01 
 0.1041667      0.6820150E-01 
 0.1058333      0.1402908     
 0.1075000      0.1614208     
 0.1091667      0.1433392     
 0.1108333      0.1078563     
 0.1125000      0.1258357     
 0.1141667      0.6307820E-01 
 0.1158333      0.4119596E-01 
 0.1175000      0.8687378E-01 
 0.1191667      0.1035784     
 0.1208333      0.9424722E-01 
 0.1225000      0.9752126E-01 
 0.1241667      0.6513885E-01 
 0.1258333      0.3691245E-01 
 0.1275000      0.4798457E-01 
 0.1291667      0.9668170E-01 
 0.1308333      0.8567046E-01 
 0.1325000      0.5807208E-01 
 0.1341667      0.4092635E-01 
 0.1358333      0.2737188E-01 
 0.1375000      0.4754394E-01 
 0.1391667      0.7509017E-01 
 0.1408333      0.8013973E-01 
 0.1425000      0.4319408E-01 
 0.1441667      0.2772470E-01 
 0.1458333      0.4168546E-01 
 0.1475000      0.6456796E-01 
 0.1491667      0.5367963E-01 
 0.1508333      0.7519975E-01 
 0.1525000      0.3276718E-01 
 0.1541667      0.3327756E-01 
 0.1558333      0.7027133E-01 
 0.1575000      0.4581070E-01 
 0.1591667      0.1138965E-01 
 0.1608333      0.3408961E-01 
 0.1625000      0.5270504E-01 
 0.1641667      0.4990668E-01 
 0.1658333      0.1482131E-01 
