# SumMovie FRC for input stack : stack16.mrc
# Number of micrographs: 1
# Number of frames per movie: 50
# Pixel size (A): 3.0000
# 1/(A)          FRC
# -----------------------
# 
# Micrograph 1 of 1. Score: .538
 0.8333334E-03  0.9999994     
 0.2500000E-02  0.9672225     
 0.4166666E-02  0.9454316     
 0.5833333E-02  0.9120662     
 0.7499999E-02  0.8965052     
 0.9166666E-02  0.8416272     
 0.1083333E-01  0.7767439     
 0.1250000E-01  0.8840224     
 0.1416667E-01  0.9355237     
 0.1583333E-01  0.9656242     
 0.1750000E-01  0.9459077     
 0.1916667E-01  0.7765743     
 0.2083333E-01  0.8029270     
 0.2250000E-01  0.9024063     
 0.2416667E-01  0.9434746     
 0.2583333E-01  0.9341159     
 0.2750000E-01  0.8306367     
 0.2916667E-01  0.7051308     
 0.3083333E-01  0.7542167     
 0.3250000E-01  0.7966310     
 0.3416666E-01  0.7331036     
 0.3583334E-01  0.6085066     
 0.3750000E-01  0.4393719     
 0.3916667E-01  0.3792443     
 0.4083334E-01  0.2918717     
 0.4250000E-01  0.1226232     
 0.4416666E-01  0.1185317     
 0.4583333E-01  0.8326418E-01 
 0.4750000E-01  0.1477566     
 0.4916666E-01  0.2686190     
 0.5083333E-01  0.3445215     
 0.5250000E-01  0.3900354     
 0.5416667E-01  0.3825566     
 0.5583333E-01  0.4240597     
 0.5750000E-01  0.3621987     
 0.5916666E-01  0.2772905     
 0.6083334E-01  0.1855759     
 0.6250000E-01  0.7925092E-01 
 0.6416667E-01  0.1027943     
 0.6583333E-01  0.1385496     
 0.6750000E-01  0.2081859     
 0.6916667E-01  0.3149626     
 0.7083333E-01  0.4061259     
 0.7250000E-01  0.3727621     
 0.7416667E-01  0.3076597     
 0.7583334E-01  0.1810905     
 0.7749999E-01  0.1183638     
 0.7916667E-01  0.9280024E-01 
 0.8083334E-01  0.2491885     
 0.8250000E-01  0.2756283     
 0.8416667E-01  0.3597789     
 0.8583333E-01  0.3017344     
 0.8750000E-01  0.1842429     
 0.8916666E-01  0.1196570     
 0.9083333E-01  0.7806125E-01 
 0.9250000E-01  0.1848307     
 0.9416667E-01  0.2603888     
 0.9583333E-01  0.2805255     
 0.9750000E-01  0.2083078     
 0.9916665E-01  0.9605905E-01 
 0.1008333      0.5759349E-01 
 0.1025000      0.1200494     
 0.1041667      0.1913404     
 0.1058333      0.2402233     
 0.1075000      0.1788149     
 0.1091667      0.1091731     
 0.1108333      0.5625897E-01 
 0.1125000      0.1384343     
 0.1141667      0.1966596     
 0.1158333      0.1882347     
 0.1175000      0.1109763     
 0.1191667      0.4755151E-01 
 0.1208333      0.8935934E-01 
 0.1225000      0.1559467     
 0.1241667      0.1742676     
 0.1258333      0.1074281     
 0.1275000      0.6497953E-01 
 0.1291667      0.8644237E-01 
 0.1308333      0.1194967     
 0.1325000      0.1336746     
 0.1341667      0.6553468E-01 
 0.1358333      0.4367389E-01 
 0.1375000      0.1120727     
 0.1391667      0.1348639     
 0.1408333      0.9305578E-01 
 0.1425000      0.7431155E-01 
 0.1441667      0.7363957E-01 
 0.1458333      0.1136555     
 0.1475000      0.9406685E-01 
 0.1491667      0.6295437E-01 
 0.1508333      0.7071282E-01 
 0.1525000      0.1006948     
 0.1541667      0.8372095E-01 
 0.1558333      0.7475695E-01 
 0.1575000      0.4348035E-01 
 0.1591667      0.8322515E-01 
 0.1608333      0.8530575E-01 
 0.1625000      0.4278751E-01 
 0.1641667      0.6361106E-01 
 0.1658333      0.1296073     
