# SumMovie FRC for input stack : stack1.mrc
# Number of micrographs: 1
# Number of frames per movie: 50
# Pixel size (A): 3.0000
# 1/(A)          FRC
# -----------------------
# 
# Micrograph 1 of 1. Score: .546
 0.8333334E-03  0.9999993     
 0.2500000E-02  0.9744571     
 0.4166666E-02  0.9570288     
 0.5833333E-02  0.9207150     
 0.7499999E-02  0.9048828     
 0.9166666E-02  0.7498381     
 0.1083333E-01  0.7273569     
 0.1250000E-01  0.8560253     
 0.1416667E-01  0.9223245     
 0.1583333E-01  0.9261503     
 0.1750000E-01  0.8740351     
 0.1916667E-01  0.6746241     
 0.2083333E-01  0.7639245     
 0.2250000E-01  0.8705146     
 0.2416667E-01  0.9033722     
 0.2583333E-01  0.8720047     
 0.2750000E-01  0.7479014     
 0.2916667E-01  0.6438548     
 0.3083333E-01  0.7089233     
 0.3250000E-01  0.7381189     
 0.3416666E-01  0.6845557     
 0.3583334E-01  0.5454965     
 0.3750000E-01  0.4826965     
 0.3916667E-01  0.4605468     
 0.4083334E-01  0.4488421     
 0.4250000E-01  0.3999958     
 0.4416666E-01  0.2580913     
 0.4583333E-01  0.1690757     
 0.4750000E-01  0.1879713     
 0.4916666E-01  0.9598367E-01 
 0.5083333E-01  0.6273552E-01 
 0.5250000E-01  0.6775413E-01 
 0.5416667E-01  0.1261489     
 0.5583333E-01  0.1863119     
 0.5750000E-01  0.2517486     
 0.5916666E-01  0.3160855     
 0.6083334E-01  0.3430986     
 0.6250000E-01  0.3285233     
 0.6416667E-01  0.2992399     
 0.6583333E-01  0.2716653     
 0.6750000E-01  0.1613368     
 0.6916667E-01  0.1340241     
 0.7083333E-01  0.8615137E-01 
 0.7250000E-01  0.6955666E-01 
 0.7416667E-01  0.1061245     
 0.7583334E-01  0.1656175     
 0.7749999E-01  0.2473562     
 0.7916667E-01  0.2987027     
 0.8083334E-01  0.2875727     
 0.8250000E-01  0.2847812     
 0.8416667E-01  0.2251341     
 0.8583333E-01  0.1232044     
 0.8750000E-01  0.6129513E-01 
 0.8916666E-01  0.3275777E-01 
 0.9083333E-01  0.1295114     
 0.9250000E-01  0.1946304     
 0.9416667E-01  0.2370545     
 0.9583333E-01  0.2481660     
 0.9750000E-01  0.1960607     
 0.9916665E-01  0.1095247     
 0.1008333      0.6696795E-01 
 0.1025000      0.4451185E-01 
 0.1041667      0.1205251     
 0.1058333      0.1537291     
 0.1075000      0.1579036     
 0.1091667      0.1736993     
 0.1108333      0.1302484     
 0.1125000      0.1243575     
 0.1141667      0.4031575E-01 
 0.1158333      0.6387977E-01 
 0.1175000      0.1081682     
 0.1191667      0.1093867     
 0.1208333      0.1127833     
 0.1225000      0.9829299E-01 
 0.1241667      0.4566539E-01 
 0.1258333      0.3887648E-01 
 0.1275000      0.5815867E-01 
 0.1291667      0.1127313     
 0.1308333      0.1213971     
 0.1325000      0.6699226E-01 
 0.1341667      0.4758486E-01 
 0.1358333      0.2845695E-01 
 0.1375000      0.1033026     
 0.1391667      0.6409997E-01 
 0.1408333      0.1068296     
 0.1425000      0.6641556E-01 
 0.1441667      0.3329212E-01 
 0.1458333      0.3154356E-01 
 0.1475000      0.7384788E-01 
 0.1491667      0.5864242E-01 
 0.1508333      0.6544164E-01 
 0.1525000      0.2820791E-01 
 0.1541667      0.5648011E-01 
 0.1558333      0.8338849E-01 
 0.1575000      0.4503032E-01 
 0.1591667      0.2144383E-01 
 0.1608333      0.3352888E-01 
 0.1625000      0.4974534E-01 
 0.1641667      0.3569633E-01 
 0.1658333      0.3044465E-01 
