# SumMovie FRC for input stack : stack11.mrc
# Number of micrographs: 1
# Number of frames per movie: 50
# Pixel size (A): 3.0000
# 1/(A)          FRC
# -----------------------
# 
# Micrograph 1 of 1. Score: .577
 0.8333334E-03  0.9999998     
 0.2500000E-02  0.8505461     
 0.4166666E-02  0.8707632     
 0.5833333E-02  0.8517358     
 0.7499999E-02  0.8577797     
 0.9166666E-02  0.7372162     
 0.1083333E-01  0.6259947     
 0.1250000E-01  0.8535193     
 0.1416667E-01  0.9152378     
 0.1583333E-01  0.9441453     
 0.1750000E-01  0.9081205     
 0.1916667E-01  0.6558482     
 0.2083333E-01  0.7415195     
 0.2250000E-01  0.8761310     
 0.2416667E-01  0.9242267     
 0.2583333E-01  0.8935505     
 0.2750000E-01  0.7459232     
 0.2916667E-01  0.6503179     
 0.3083333E-01  0.7180974     
 0.3250000E-01  0.7766529     
 0.3416666E-01  0.7293143     
 0.3583334E-01  0.5947213     
 0.3750000E-01  0.5316114     
 0.3916667E-01  0.5094979     
 0.4083334E-01  0.5218173     
 0.4250000E-01  0.4076301     
 0.4416666E-01  0.3431847     
 0.4583333E-01  0.2989946     
 0.4750000E-01  0.2190466     
 0.4916666E-01  0.1060488     
 0.5083333E-01  0.7458577E-01 
 0.5250000E-01  0.1383853     
 0.5416667E-01  0.1458673     
 0.5583333E-01  0.2198453     
 0.5750000E-01  0.3005486     
 0.5916666E-01  0.3783737     
 0.6083334E-01  0.3609946     
 0.6250000E-01  0.4203538     
 0.6416667E-01  0.4035058     
 0.6583333E-01  0.3277248     
 0.6750000E-01  0.3066623     
 0.6916667E-01  0.1883226     
 0.7083333E-01  0.1092376     
 0.7250000E-01  0.7215653E-01 
 0.7416667E-01  0.1124227     
 0.7583334E-01  0.2015581     
 0.7749999E-01  0.2821598     
 0.7916667E-01  0.3235781     
 0.8083334E-01  0.3751648     
 0.8250000E-01  0.3352655     
 0.8416667E-01  0.3141603     
 0.8583333E-01  0.2107748     
 0.8750000E-01  0.1026288     
 0.8916666E-01  0.7048312E-01 
 0.9083333E-01  0.1359875     
 0.9250000E-01  0.2375815     
 0.9416667E-01  0.2952546     
 0.9583333E-01  0.3023832     
 0.9750000E-01  0.2700850     
 0.9916665E-01  0.2311212     
 0.1008333      0.1090571     
 0.1025000      0.5159104E-01 
 0.1041667      0.1189083     
 0.1058333      0.2041314     
 0.1075000      0.2397283     
 0.1091667      0.2430025     
 0.1108333      0.2050947     
 0.1125000      0.1410869     
 0.1141667      0.7362413E-01 
 0.1158333      0.8585877E-01 
 0.1175000      0.1495482     
 0.1191667      0.1804723     
 0.1208333      0.1656691     
 0.1225000      0.1395575     
 0.1241667      0.7708211E-01 
 0.1258333      0.7297079E-01 
 0.1275000      0.9363631E-01 
 0.1291667      0.1519096     
 0.1308333      0.1722944     
 0.1325000      0.1696602     
 0.1341667      0.9372877E-01 
 0.1358333      0.5640087E-01 
 0.1375000      0.1039695     
 0.1391667      0.1090586     
 0.1408333      0.1408566     
 0.1425000      0.1091505     
 0.1441667      0.7938831E-01 
 0.1458333      0.5924692E-01 
 0.1475000      0.6137186E-01 
 0.1491667      0.1167844     
 0.1508333      0.1148000     
 0.1525000      0.8972135E-01 
 0.1541667      0.7353850E-01 
 0.1558333      0.7399035E-01 
 0.1575000      0.1233424     
 0.1591667      0.7875451E-01 
 0.1608333      0.7423325E-01 
 0.1625000      0.6014208E-01 
 0.1641667      0.8679369E-01 
 0.1658333      0.1082941     
