# SumMovie FRC for input stack : stack11.mrc
# Number of micrographs: 1
# Number of frames per movie: 50
# Pixel size (A): 3.0000
# 1/(A)          FRC
# -----------------------
# 
# Micrograph 1 of 1. Score: .571
 0.8333334E-03  0.9999998     
 0.2500000E-02  0.8501147     
 0.4166666E-02  0.8702017     
 0.5833333E-02  0.8519416     
 0.7499999E-02  0.8573225     
 0.9166666E-02  0.7366133     
 0.1083333E-01  0.6258699     
 0.1250000E-01  0.8519349     
 0.1416667E-01  0.9139226     
 0.1583333E-01  0.9437673     
 0.1750000E-01  0.9068949     
 0.1916667E-01  0.6585319     
 0.2083333E-01  0.7387324     
 0.2250000E-01  0.8747665     
 0.2416667E-01  0.9212477     
 0.2583333E-01  0.8919396     
 0.2750000E-01  0.7409547     
 0.2916667E-01  0.6393299     
 0.3083333E-01  0.7089045     
 0.3250000E-01  0.7698344     
 0.3416666E-01  0.7179465     
 0.3583334E-01  0.5874591     
 0.3750000E-01  0.5207075     
 0.3916667E-01  0.4962513     
 0.4083334E-01  0.5146070     
 0.4250000E-01  0.3996253     
 0.4416666E-01  0.3349750     
 0.4583333E-01  0.2874823     
 0.4750000E-01  0.2197985     
 0.4916666E-01  0.1075498     
 0.5083333E-01  0.7609203E-01 
 0.5250000E-01  0.1366794     
 0.5416667E-01  0.1371597     
 0.5583333E-01  0.2215617     
 0.5750000E-01  0.2943070     
 0.5916666E-01  0.3559507     
 0.6083334E-01  0.3529670     
 0.6250000E-01  0.3959021     
 0.6416667E-01  0.3859727     
 0.6583333E-01  0.3053405     
 0.6750000E-01  0.2955133     
 0.6916667E-01  0.1887830     
 0.7083333E-01  0.1110439     
 0.7250000E-01  0.8629109E-01 
 0.7416667E-01  0.1093348     
 0.7583334E-01  0.1949454     
 0.7749999E-01  0.2630723     
 0.7916667E-01  0.3082702     
 0.8083334E-01  0.3469470     
 0.8250000E-01  0.3156058     
 0.8416667E-01  0.2901459     
 0.8583333E-01  0.2030866     
 0.8750000E-01  0.9409235E-01 
 0.8916666E-01  0.7690185E-01 
 0.9083333E-01  0.1291162     
 0.9250000E-01  0.2197557     
 0.9416667E-01  0.2818934     
 0.9583333E-01  0.3021654     
 0.9750000E-01  0.2520239     
 0.9916665E-01  0.2330553     
 0.1008333      0.1130273     
 0.1025000      0.8291374E-01 
 0.1041667      0.1401948     
 0.1058333      0.2167270     
 0.1075000      0.2152097     
 0.1091667      0.2476504     
 0.1108333      0.2086248     
 0.1125000      0.1532194     
 0.1141667      0.1002847     
 0.1158333      0.9309926E-01 
 0.1175000      0.1643465     
 0.1191667      0.1926457     
 0.1208333      0.1642672     
 0.1225000      0.1466862     
 0.1241667      0.9195068E-01 
 0.1258333      0.1018144     
 0.1275000      0.1109934     
 0.1291667      0.1656885     
 0.1308333      0.1631275     
 0.1325000      0.1843983     
 0.1341667      0.1102046     
 0.1358333      0.7014551E-01 
 0.1375000      0.1309811     
 0.1391667      0.1158159     
 0.1408333      0.1524972     
 0.1425000      0.1153724     
 0.1441667      0.1137554     
 0.1458333      0.1017228     
 0.1475000      0.9989477E-01 
 0.1491667      0.1195324     
 0.1508333      0.1481850     
 0.1525000      0.1084826     
 0.1541667      0.9772064E-01 
 0.1558333      0.1119545     
 0.1575000      0.1445921     
 0.1591667      0.1067226     
 0.1608333      0.1167634     
 0.1625000      0.9586519E-01 
 0.1641667      0.1247232     
 0.1658333      0.1423486     
