# SumMovie FRC for input stack : stack6.mrc
# Number of micrographs: 1
# Number of frames per movie: 50
# Pixel size (A): 3.0000
# 1/(A)          FRC
# -----------------------
# 
# Micrograph 1 of 1. Score: .567
 0.8333334E-03  0.9999999     
 0.2500000E-02  0.9513141     
 0.4166666E-02  0.9316460     
 0.5833333E-02  0.8460767     
 0.7499999E-02  0.8644830     
 0.9166666E-02  0.6711421     
 0.1083333E-01  0.6525589     
 0.1250000E-01  0.8452039     
 0.1416667E-01  0.8814211     
 0.1583333E-01  0.9298193     
 0.1750000E-01  0.8892629     
 0.1916667E-01  0.5986997     
 0.2083333E-01  0.6568549     
 0.2250000E-01  0.8236151     
 0.2416667E-01  0.8877151     
 0.2583333E-01  0.8385408     
 0.2750000E-01  0.7143748     
 0.2916667E-01  0.6058998     
 0.3083333E-01  0.6644351     
 0.3250000E-01  0.7073409     
 0.3416666E-01  0.6752076     
 0.3583334E-01  0.5649471     
 0.3750000E-01  0.5095962     
 0.3916667E-01  0.4923754     
 0.4083334E-01  0.5199691     
 0.4250000E-01  0.4262325     
 0.4416666E-01  0.3619406     
 0.4583333E-01  0.3239205     
 0.4750000E-01  0.2785937     
 0.4916666E-01  0.2053710     
 0.5083333E-01  0.1187158     
 0.5250000E-01  0.1473404     
 0.5416667E-01  0.9304854E-01 
 0.5583333E-01  0.1357135     
 0.5750000E-01  0.1295004     
 0.5916666E-01  0.2007368     
 0.6083334E-01  0.2585899     
 0.6250000E-01  0.2836541     
 0.6416667E-01  0.3163663     
 0.6583333E-01  0.3153299     
 0.6750000E-01  0.3237891     
 0.6916667E-01  0.3109375     
 0.7083333E-01  0.2570735     
 0.7250000E-01  0.2094647     
 0.7416667E-01  0.1465189     
 0.7583334E-01  0.1030512     
 0.7749999E-01  0.8774970E-01 
 0.7916667E-01  0.1036551     
 0.8083334E-01  0.1701706     
 0.8250000E-01  0.2068667     
 0.8416667E-01  0.2569621     
 0.8583333E-01  0.2799332     
 0.8750000E-01  0.2556494     
 0.8916666E-01  0.2580999     
 0.9083333E-01  0.1291962     
 0.9250000E-01  0.1344416     
 0.9416667E-01  0.9051955E-01 
 0.9583333E-01  0.1346756     
 0.9750000E-01  0.1382485     
 0.9916665E-01  0.1721694     
 0.1008333      0.1885675     
 0.1025000      0.2035223     
 0.1041667      0.2008540     
 0.1058333      0.1408569     
 0.1075000      0.1154396     
 0.1091667      0.6836411E-01 
 0.1108333      0.8815937E-01 
 0.1125000      0.1463052     
 0.1141667      0.1681368     
 0.1158333      0.1995810     
 0.1175000      0.1680858     
 0.1191667      0.1464317     
 0.1208333      0.1140126     
 0.1225000      0.8337189E-01 
 0.1241667      0.1102503     
 0.1258333      0.1084081     
 0.1275000      0.1622768     
 0.1291667      0.1465693     
 0.1308333      0.1524925     
 0.1325000      0.7825523E-01 
 0.1341667      0.7133237E-01 
 0.1358333      0.1201407     
 0.1375000      0.1060699     
 0.1391667      0.1075909     
 0.1408333      0.1321322     
 0.1425000      0.1101498     
 0.1441667      0.9500081E-01 
 0.1458333      0.9572691E-01 
 0.1475000      0.1111403     
 0.1491667      0.1333242     
 0.1508333      0.1421630     
 0.1525000      0.1192927     
 0.1541667      0.8064833E-01 
 0.1558333      0.1123940     
 0.1575000      0.1002255     
 0.1591667      0.1163740     
 0.1608333      0.1378609     
 0.1625000      0.1050001     
 0.1641667      0.9433103E-01 
 0.1658333      0.7910284E-01 
