# SumMovie FRC for input stack : stack6.mrc
# Number of micrographs: 1
# Number of frames per movie: 50
# Pixel size (A): 3.0000
# 1/(A)          FRC
# -----------------------
# 
# Micrograph 1 of 1. Score: .565
 0.8333334E-03  0.9999999     
 0.2500000E-02  0.9513055     
 0.4166666E-02  0.9316407     
 0.5833333E-02  0.8460656     
 0.7499999E-02  0.8643822     
 0.9166666E-02  0.6709073     
 0.1083333E-01  0.6522580     
 0.1250000E-01  0.8450940     
 0.1416667E-01  0.8811308     
 0.1583333E-01  0.9296114     
 0.1750000E-01  0.8890145     
 0.1916667E-01  0.5983501     
 0.2083333E-01  0.6561312     
 0.2250000E-01  0.8227798     
 0.2416667E-01  0.8871211     
 0.2583333E-01  0.8376393     
 0.2750000E-01  0.7133067     
 0.2916667E-01  0.6044120     
 0.3083333E-01  0.6627115     
 0.3250000E-01  0.7055926     
 0.3416666E-01  0.6739334     
 0.3583334E-01  0.5633532     
 0.3750000E-01  0.5073777     
 0.3916667E-01  0.4899323     
 0.4083334E-01  0.5167968     
 0.4250000E-01  0.4243671     
 0.4416666E-01  0.3608543     
 0.4583333E-01  0.3216567     
 0.4750000E-01  0.2774971     
 0.4916666E-01  0.2040428     
 0.5083333E-01  0.1186810     
 0.5250000E-01  0.1480989     
 0.5416667E-01  0.9356176E-01 
 0.5583333E-01  0.1368299     
 0.5750000E-01  0.1292797     
 0.5916666E-01  0.1991971     
 0.6083334E-01  0.2563292     
 0.6250000E-01  0.2826455     
 0.6416667E-01  0.3138530     
 0.6583333E-01  0.3128657     
 0.6750000E-01  0.3219904     
 0.6916667E-01  0.3099745     
 0.7083333E-01  0.2548161     
 0.7250000E-01  0.2088518     
 0.7416667E-01  0.1470693     
 0.7583334E-01  0.1030381     
 0.7749999E-01  0.8693245E-01 
 0.7916667E-01  0.1054170     
 0.8083334E-01  0.1698107     
 0.8250000E-01  0.2063802     
 0.8416667E-01  0.2547626     
 0.8583333E-01  0.2787471     
 0.8750000E-01  0.2537874     
 0.8916666E-01  0.2587586     
 0.9083333E-01  0.1291592     
 0.9250000E-01  0.1354387     
 0.9416667E-01  0.9118147E-01 
 0.9583333E-01  0.1355704     
 0.9750000E-01  0.1394239     
 0.9916665E-01  0.1724354     
 0.1008333      0.1877675     
 0.1025000      0.2032646     
 0.1041667      0.2010293     
 0.1058333      0.1395595     
 0.1075000      0.1166365     
 0.1091667      0.7117315E-01 
 0.1108333      0.8950196E-01 
 0.1125000      0.1466892     
 0.1141667      0.1664082     
 0.1158333      0.2003808     
 0.1175000      0.1694451     
 0.1191667      0.1474261     
 0.1208333      0.1172911     
 0.1225000      0.8554185E-01 
 0.1241667      0.1124849     
 0.1258333      0.1104366     
 0.1275000      0.1646093     
 0.1291667      0.1483717     
 0.1308333      0.1560584     
 0.1325000      0.8107716E-01 
 0.1341667      0.7530551E-01 
 0.1358333      0.1207958     
 0.1375000      0.1085934     
 0.1391667      0.1093836     
 0.1408333      0.1348418     
 0.1425000      0.1108257     
 0.1441667      0.9762711E-01 
 0.1458333      0.9796167E-01 
 0.1475000      0.1160719     
 0.1491667      0.1360640     
 0.1508333      0.1444755     
 0.1525000      0.1228280     
 0.1541667      0.8342461E-01 
 0.1558333      0.1155673     
 0.1575000      0.1035145     
 0.1591667      0.1210489     
 0.1608333      0.1405228     
 0.1625000      0.1079985     
 0.1641667      0.9655937E-01 
 0.1658333      0.8267827E-01 
