# SumMovie FRC for input stack : stack1.mrc
# Number of micrographs: 1
# Number of frames per movie: 50
# Pixel size (A): 3.0000
# 1/(A)          FRC
# -----------------------
# 
# Micrograph 1 of 1. Score: .531
 0.8333334E-03  0.9999990     
 0.2500000E-02  0.9744595     
 0.4166666E-02  0.9567879     
 0.5833333E-02  0.9214076     
 0.7499999E-02  0.9030606     
 0.9166666E-02  0.7483045     
 0.1083333E-01  0.7177564     
 0.1250000E-01  0.8485671     
 0.1416667E-01  0.9161468     
 0.1583333E-01  0.9187742     
 0.1750000E-01  0.8695779     
 0.1916667E-01  0.6656166     
 0.2083333E-01  0.7536650     
 0.2250000E-01  0.8628615     
 0.2416667E-01  0.8983825     
 0.2583333E-01  0.8650325     
 0.2750000E-01  0.7299321     
 0.2916667E-01  0.6213650     
 0.3083333E-01  0.6965731     
 0.3250000E-01  0.7226397     
 0.3416666E-01  0.6690355     
 0.3583334E-01  0.5288039     
 0.3750000E-01  0.4604084     
 0.3916667E-01  0.4358020     
 0.4083334E-01  0.4405531     
 0.4250000E-01  0.3742601     
 0.4416666E-01  0.2312558     
 0.4583333E-01  0.1345818     
 0.4750000E-01  0.1780077     
 0.4916666E-01  0.8797469E-01 
 0.5083333E-01  0.6881480E-01 
 0.5250000E-01  0.7339020E-01 
 0.5416667E-01  0.1015611     
 0.5583333E-01  0.1827366     
 0.5750000E-01  0.2184671     
 0.5916666E-01  0.3132845     
 0.6083334E-01  0.3190116     
 0.6250000E-01  0.2944984     
 0.6416667E-01  0.2523156     
 0.6583333E-01  0.2460681     
 0.6750000E-01  0.1463982     
 0.6916667E-01  0.1092312     
 0.7083333E-01  0.8195102E-01 
 0.7250000E-01  0.5633682E-01 
 0.7416667E-01  0.8097025E-01 
 0.7583334E-01  0.1420074     
 0.7749999E-01  0.2195598     
 0.7916667E-01  0.2817257     
 0.8083334E-01  0.2648925     
 0.8250000E-01  0.2544289     
 0.8416667E-01  0.1792802     
 0.8583333E-01  0.1041373     
 0.8750000E-01  0.5256647E-01 
 0.8916666E-01  0.4621762E-01 
 0.9083333E-01  0.1072338     
 0.9250000E-01  0.1596346     
 0.9416667E-01  0.2127103     
 0.9583333E-01  0.2244080     
 0.9750000E-01  0.1695518     
 0.9916665E-01  0.1134894     
 0.1008333      0.6616875E-01 
 0.1025000      0.5496928E-01 
 0.1041667      0.7764312E-01 
 0.1058333      0.1404888     
 0.1075000      0.1556043     
 0.1091667      0.1516989     
 0.1108333      0.1014697     
 0.1125000      0.1278505     
 0.1141667      0.5919587E-01 
 0.1158333      0.3672445E-01 
 0.1175000      0.8200227E-01 
 0.1191667      0.1050259     
 0.1208333      0.1037878     
 0.1225000      0.9829241E-01 
 0.1241667      0.5703394E-01 
 0.1258333      0.3548248E-01 
 0.1275000      0.5203751E-01 
 0.1291667      0.8888283E-01 
 0.1308333      0.1053890     
 0.1325000      0.6281231E-01 
 0.1341667      0.4182332E-01 
 0.1358333      0.3367857E-01 
 0.1375000      0.5930603E-01 
 0.1391667      0.7390418E-01 
 0.1408333      0.7269993E-01 
 0.1425000      0.5074319E-01 
 0.1441667      0.1530908E-01 
 0.1458333      0.4414614E-01 
 0.1475000      0.7000187E-01 
 0.1491667      0.5988204E-01 
 0.1508333      0.7160982E-01 
 0.1525000      0.4788540E-01 
 0.1541667      0.3596226E-01 
 0.1558333      0.6546907E-01 
 0.1575000      0.4358709E-01 
 0.1591667      0.1571878E-01 
 0.1608333      0.3686075E-01 
 0.1625000      0.5142510E-01 
 0.1641667      0.5254842E-01 
 0.1658333      0.1596128E-01 
