# SumMovie FRC for input stack : stack11.mrc
# Number of micrographs: 1
# Number of frames per movie: 50
# Pixel size (A): 3.0000
# 1/(A)          FRC
# -----------------------
# 
# Micrograph 1 of 1. Score: .569
 0.8333334E-03  0.9999998     
 0.2500000E-02  0.8500515     
 0.4166666E-02  0.8701373     
 0.5833333E-02  0.8519617     
 0.7499999E-02  0.8572446     
 0.9166666E-02  0.7363731     
 0.1083333E-01  0.6257224     
 0.1250000E-01  0.8516209     
 0.1416667E-01  0.9137312     
 0.1583333E-01  0.9436529     
 0.1750000E-01  0.9066197     
 0.1916667E-01  0.6586537     
 0.2083333E-01  0.7379727     
 0.2250000E-01  0.8743479     
 0.2416667E-01  0.9206619     
 0.2583333E-01  0.8914620     
 0.2750000E-01  0.7395883     
 0.2916667E-01  0.6366653     
 0.3083333E-01  0.7069095     
 0.3250000E-01  0.7682370     
 0.3416666E-01  0.7155283     
 0.3583334E-01  0.5857922     
 0.3750000E-01  0.5180886     
 0.3916667E-01  0.4933864     
 0.4083334E-01  0.5123844     
 0.4250000E-01  0.3975716     
 0.4416666E-01  0.3328225     
 0.4583333E-01  0.2839361     
 0.4750000E-01  0.2195928     
 0.4916666E-01  0.1071052     
 0.5083333E-01  0.7555901E-01 
 0.5250000E-01  0.1359320     
 0.5416667E-01  0.1341841     
 0.5583333E-01  0.2210585     
 0.5750000E-01  0.2924169     
 0.5916666E-01  0.3519959     
 0.6083334E-01  0.3506072     
 0.6250000E-01  0.3905511     
 0.6416667E-01  0.3819277     
 0.6583333E-01  0.2989619     
 0.6750000E-01  0.2919846     
 0.6916667E-01  0.1876915     
 0.7083333E-01  0.1108295     
 0.7250000E-01  0.8717222E-01 
 0.7416667E-01  0.1085415     
 0.7583334E-01  0.1924310     
 0.7749999E-01  0.2591830     
 0.7916667E-01  0.3048038     
 0.8083334E-01  0.3416762     
 0.8250000E-01  0.3113073     
 0.8416667E-01  0.2859618     
 0.8583333E-01  0.1995688     
 0.8750000E-01  0.9146045E-01 
 0.8916666E-01  0.7696004E-01 
 0.9083333E-01  0.1283084     
 0.9250000E-01  0.2149518     
 0.9416667E-01  0.2765794     
 0.9583333E-01  0.3006786     
 0.9750000E-01  0.2486311     
 0.9916665E-01  0.2290948     
 0.1008333      0.1131763     
 0.1025000      0.8471976E-01 
 0.1041667      0.1423083     
 0.1058333      0.2150861     
 0.1075000      0.2090118     
 0.1091667      0.2453418     
 0.1108333      0.2074838     
 0.1125000      0.1528714     
 0.1141667      0.1015755     
 0.1158333      0.9235863E-01 
 0.1175000      0.1630876     
 0.1191667      0.1917848     
 0.1208333      0.1651869     
 0.1225000      0.1455601     
 0.1241667      0.9286605E-01 
 0.1258333      0.1043772     
 0.1275000      0.1129695     
 0.1291667      0.1649900     
 0.1308333      0.1582595     
 0.1325000      0.1845189     
 0.1341667      0.1110264     
 0.1358333      0.7143547E-01 
 0.1375000      0.1316404     
 0.1391667      0.1141818     
 0.1408333      0.1486234     
 0.1425000      0.1141845     
 0.1441667      0.1167848     
 0.1458333      0.1031524     
 0.1475000      0.1037679     
 0.1491667      0.1168696     
 0.1508333      0.1502862     
 0.1525000      0.1070003     
 0.1541667      0.9643741E-01 
 0.1558333      0.1151237     
 0.1575000      0.1461259     
 0.1591667      0.1074360     
 0.1608333      0.1201320     
 0.1625000      0.9905373E-01 
 0.1641667      0.1243656     
 0.1658333      0.1456340     
