# SumMovie FRC for input stack : stack16.mrc
# Number of micrographs: 1
# Number of frames per movie: 50
# Pixel size (A): 3.0000
# 1/(A)          FRC
# -----------------------
# 
# Micrograph 1 of 1. Score: .527
 0.8333334E-03  0.9999994     
 0.2500000E-02  0.9669704     
 0.4166666E-02  0.9458966     
 0.5833333E-02  0.9108777     
 0.7499999E-02  0.8942668     
 0.9166666E-02  0.8410062     
 0.1083333E-01  0.7712504     
 0.1250000E-01  0.8782309     
 0.1416667E-01  0.9331979     
 0.1583333E-01  0.9635474     
 0.1750000E-01  0.9433156     
 0.1916667E-01  0.7639216     
 0.2083333E-01  0.7993175     
 0.2250000E-01  0.8918487     
 0.2416667E-01  0.9336499     
 0.2583333E-01  0.9244229     
 0.2750000E-01  0.8124197     
 0.2916667E-01  0.6778016     
 0.3083333E-01  0.7300290     
 0.3250000E-01  0.7752607     
 0.3416666E-01  0.6959143     
 0.3583334E-01  0.5540481     
 0.3750000E-01  0.4242972     
 0.3916667E-01  0.3586383     
 0.4083334E-01  0.2940755     
 0.4250000E-01  0.1148446     
 0.4416666E-01  0.1227406     
 0.4583333E-01  0.1071565     
 0.4750000E-01  0.1370735     
 0.4916666E-01  0.2694348     
 0.5083333E-01  0.3282962     
 0.5250000E-01  0.3556583     
 0.5416667E-01  0.3558065     
 0.5583333E-01  0.4030201     
 0.5750000E-01  0.3412964     
 0.5916666E-01  0.2614697     
 0.6083334E-01  0.1718523     
 0.6250000E-01  0.9120584E-01 
 0.6416667E-01  0.1148336     
 0.6583333E-01  0.1409234     
 0.6750000E-01  0.1874481     
 0.6916667E-01  0.2963732     
 0.7083333E-01  0.3853185     
 0.7250000E-01  0.3306794     
 0.7416667E-01  0.2668967     
 0.7583334E-01  0.1626769     
 0.7749999E-01  0.1126420     
 0.7916667E-01  0.9217337E-01 
 0.8083334E-01  0.2437157     
 0.8250000E-01  0.2440562     
 0.8416667E-01  0.3227537     
 0.8583333E-01  0.2755004     
 0.8750000E-01  0.1833152     
 0.8916666E-01  0.1172322     
 0.9083333E-01  0.9919839E-01 
 0.9250000E-01  0.1841055     
 0.9416667E-01  0.2389737     
 0.9583333E-01  0.2515945     
 0.9750000E-01  0.2038725     
 0.9916665E-01  0.1284112     
 0.1008333      0.1087518     
 0.1025000      0.1339196     
 0.1041667      0.1890432     
 0.1058333      0.2257227     
 0.1075000      0.1862060     
 0.1091667      0.1296643     
 0.1108333      0.6905216E-01 
 0.1125000      0.1538413     
 0.1141667      0.1834610     
 0.1158333      0.1728886     
 0.1175000      0.1364337     
 0.1191667      0.8937424E-01 
 0.1208333      0.1164115     
 0.1225000      0.1503520     
 0.1241667      0.1727923     
 0.1258333      0.1289227     
 0.1275000      0.9172757E-01 
 0.1291667      0.1134323     
 0.1308333      0.1389558     
 0.1325000      0.1363079     
 0.1341667      0.1112203     
 0.1358333      0.7092052E-01 
 0.1375000      0.1267861     
 0.1391667      0.1362651     
 0.1408333      0.1396778     
 0.1425000      0.9707767E-01 
 0.1441667      0.1191998     
 0.1458333      0.1200638     
 0.1475000      0.1161729     
 0.1491667      0.1219143     
 0.1508333      0.9811843E-01 
 0.1525000      0.1281164     
 0.1541667      0.1155518     
 0.1558333      0.9686730E-01 
 0.1575000      0.9464555E-01 
 0.1591667      0.1088263     
 0.1608333      0.1190465     
 0.1625000      0.7216162E-01 
 0.1641667      0.9583170E-01 
 0.1658333      0.1369962     
