# SumMovie FRC for input stack : stack11.mrc
# Number of micrographs: 1
# Number of frames per movie: 50
# Pixel size (A): 3.0000
# 1/(A)          FRC
# -----------------------
# 
# Micrograph 1 of 1. Score: .571
 0.8333334E-03  0.9999998     
 0.2500000E-02  0.8501297     
 0.4166666E-02  0.8702394     
 0.5833333E-02  0.8519582     
 0.7499999E-02  0.8573425     
 0.9166666E-02  0.7366582     
 0.1083333E-01  0.6258099     
 0.1250000E-01  0.8519710     
 0.1416667E-01  0.9139432     
 0.1583333E-01  0.9437689     
 0.1750000E-01  0.9069096     
 0.1916667E-01  0.6584846     
 0.2083333E-01  0.7387184     
 0.2250000E-01  0.8748060     
 0.2416667E-01  0.9213058     
 0.2583333E-01  0.8919717     
 0.2750000E-01  0.7409847     
 0.2916667E-01  0.6394811     
 0.3083333E-01  0.7089874     
 0.3250000E-01  0.7699425     
 0.3416666E-01  0.7180582     
 0.3583334E-01  0.5877721     
 0.3750000E-01  0.5207731     
 0.3916667E-01  0.4965007     
 0.4083334E-01  0.5147542     
 0.4250000E-01  0.3996733     
 0.4416666E-01  0.3351955     
 0.4583333E-01  0.2873817     
 0.4750000E-01  0.2200786     
 0.4916666E-01  0.1079728     
 0.5083333E-01  0.7616659E-01 
 0.5250000E-01  0.1369145     
 0.5416667E-01  0.1375333     
 0.5583333E-01  0.2217161     
 0.5750000E-01  0.2949167     
 0.5916666E-01  0.3562506     
 0.6083334E-01  0.3530041     
 0.6250000E-01  0.3965615     
 0.6416667E-01  0.3863464     
 0.6583333E-01  0.3052735     
 0.6750000E-01  0.2958523     
 0.6916667E-01  0.1887400     
 0.7083333E-01  0.1111023     
 0.7250000E-01  0.8618076E-01 
 0.7416667E-01  0.1093270     
 0.7583334E-01  0.1954055     
 0.7749999E-01  0.2631039     
 0.7916667E-01  0.3085901     
 0.8083334E-01  0.3474772     
 0.8250000E-01  0.3157327     
 0.8416667E-01  0.2905377     
 0.8583333E-01  0.2032264     
 0.8750000E-01  0.9412889E-01 
 0.8916666E-01  0.7760570E-01 
 0.9083333E-01  0.1294621     
 0.9250000E-01  0.2194312     
 0.9416667E-01  0.2819861     
 0.9583333E-01  0.3022713     
 0.9750000E-01  0.2527056     
 0.9916665E-01  0.2329018     
 0.1008333      0.1129261     
 0.1025000      0.8280440E-01 
 0.1041667      0.1400825     
 0.1058333      0.2169889     
 0.1075000      0.2156962     
 0.1091667      0.2479791     
 0.1108333      0.2083621     
 0.1125000      0.1529986     
 0.1141667      0.1000482     
 0.1158333      0.9343451E-01 
 0.1175000      0.1645893     
 0.1191667      0.1927578     
 0.1208333      0.1644512     
 0.1225000      0.1461175     
 0.1241667      0.9197222E-01 
 0.1258333      0.1021370     
 0.1275000      0.1117388     
 0.1291667      0.1651884     
 0.1308333      0.1627498     
 0.1325000      0.1845717     
 0.1341667      0.1101169     
 0.1358333      0.6981923E-01 
 0.1375000      0.1309564     
 0.1391667      0.1154699     
 0.1408333      0.1525067     
 0.1425000      0.1156816     
 0.1441667      0.1139652     
 0.1458333      0.1016470     
 0.1475000      0.9911712E-01 
 0.1491667      0.1193945     
 0.1508333      0.1482073     
 0.1525000      0.1082541     
 0.1541667      0.9703917E-01 
 0.1558333      0.1116088     
 0.1575000      0.1446995     
 0.1591667      0.1060500     
 0.1608333      0.1168314     
 0.1625000      0.9560131E-01 
 0.1641667      0.1243237     
 0.1658333      0.1414962     
