# SumMovie FRC for input stack : stack6.mrc
# Number of micrographs: 1
# Number of frames per movie: 50
# Pixel size (A): 3.0000
# 1/(A)          FRC
# -----------------------
# 
# Micrograph 1 of 1. Score: .585
 0.8333334E-03  0.9999999     
 0.2500000E-02  0.9513857     
 0.4166666E-02  0.9317332     
 0.5833333E-02  0.8464979     
 0.7499999E-02  0.8656931     
 0.9166666E-02  0.6749082     
 0.1083333E-01  0.6569400     
 0.1250000E-01  0.8471839     
 0.1416667E-01  0.8853834     
 0.1583333E-01  0.9329798     
 0.1750000E-01  0.8928397     
 0.1916667E-01  0.6012722     
 0.2083333E-01  0.6653910     
 0.2250000E-01  0.8341856     
 0.2416667E-01  0.8966107     
 0.2583333E-01  0.8504315     
 0.2750000E-01  0.7270415     
 0.2916667E-01  0.6242287     
 0.3083333E-01  0.6868158     
 0.3250000E-01  0.7264591     
 0.3416666E-01  0.6941619     
 0.3583334E-01  0.5895598     
 0.3750000E-01  0.5381235     
 0.3916667E-01  0.5209290     
 0.4083334E-01  0.5610451     
 0.4250000E-01  0.4503409     
 0.4416666E-01  0.3806776     
 0.4583333E-01  0.3553091     
 0.4750000E-01  0.2966416     
 0.4916666E-01  0.2194477     
 0.5083333E-01  0.1203874     
 0.5250000E-01  0.1297322     
 0.5416667E-01  0.7667284E-01 
 0.5583333E-01  0.1130511     
 0.5750000E-01  0.1284646     
 0.5916666E-01  0.2111402     
 0.6083334E-01  0.2764772     
 0.6250000E-01  0.2950421     
 0.6416667E-01  0.3494697     
 0.6583333E-01  0.3509244     
 0.6750000E-01  0.3454221     
 0.6916667E-01  0.3255781     
 0.7083333E-01  0.2831962     
 0.7250000E-01  0.2222821     
 0.7416667E-01  0.1354440     
 0.7583334E-01  0.9788372E-01 
 0.7749999E-01  0.8308554E-01 
 0.7916667E-01  0.8209589E-01 
 0.8083334E-01  0.1808508     
 0.8250000E-01  0.2225786     
 0.8416667E-01  0.2753184     
 0.8583333E-01  0.2924000     
 0.8750000E-01  0.2777787     
 0.8916666E-01  0.2453957     
 0.9083333E-01  0.1516428     
 0.9250000E-01  0.1079889     
 0.9416667E-01  0.5880484E-01 
 0.9583333E-01  0.1046506     
 0.9750000E-01  0.1005858     
 0.9916665E-01  0.1547135     
 0.1008333      0.2036809     
 0.1025000      0.2365348     
 0.1041667      0.1770989     
 0.1058333      0.1485206     
 0.1075000      0.9047546E-01 
 0.1091667      0.5517444E-01 
 0.1108333      0.6818588E-01 
 0.1125000      0.9992346E-01 
 0.1141667      0.1647675     
 0.1158333      0.1870406     
 0.1175000      0.1548544     
 0.1191667      0.1371871     
 0.1208333      0.6517622E-01 
 0.1225000      0.5063470E-01 
 0.1241667      0.3927434E-01 
 0.1258333      0.9545037E-01 
 0.1275000      0.1354971     
 0.1291667      0.1313181     
 0.1308333      0.1191839     
 0.1325000      0.5828101E-01 
 0.1341667      0.5355477E-01 
 0.1358333      0.8394533E-01 
 0.1375000      0.6717891E-01 
 0.1391667      0.8837102E-01 
 0.1408333      0.1023508     
 0.1425000      0.9050041E-01 
 0.1441667      0.7162692E-01 
 0.1458333      0.4849634E-01 
 0.1475000      0.7042481E-01 
 0.1491667      0.8225787E-01 
 0.1508333      0.1029506     
 0.1525000      0.6923266E-01 
 0.1541667      0.4616359E-01 
 0.1558333      0.6678611E-01 
 0.1575000      0.7254931E-01 
 0.1591667      0.9303769E-01 
 0.1608333      0.7934406E-01 
 0.1625000      0.7300145E-01 
 0.1641667      0.7380185E-01 
 0.1658333      0.3595912E-01 
