# SumMovie FRC for input stack : stack11.mrc
# Number of micrographs: 1
# Number of frames per movie: 50
# Pixel size (A): 3.0000
# 1/(A)          FRC
# -----------------------
# 
# Micrograph 1 of 1. Score: .574
 0.8333334E-03  0.9999998     
 0.2500000E-02  0.8503827     
 0.4166666E-02  0.8704570     
 0.5833333E-02  0.8518749     
 0.7499999E-02  0.8575289     
 0.9166666E-02  0.7371359     
 0.1083333E-01  0.6259629     
 0.1250000E-01  0.8527392     
 0.1416667E-01  0.9145110     
 0.1583333E-01  0.9439886     
 0.1750000E-01  0.9075719     
 0.1916667E-01  0.6576110     
 0.2083333E-01  0.7404913     
 0.2250000E-01  0.8757560     
 0.2416667E-01  0.9228247     
 0.2583333E-01  0.8929953     
 0.2750000E-01  0.7439613     
 0.2916667E-01  0.6455559     
 0.3083333E-01  0.7139590     
 0.3250000E-01  0.7738569     
 0.3416666E-01  0.7240822     
 0.3583334E-01  0.5917652     
 0.3750000E-01  0.5272859     
 0.3916667E-01  0.5033333     
 0.4083334E-01  0.5194821     
 0.4250000E-01  0.4039142     
 0.4416666E-01  0.3401305     
 0.4583333E-01  0.2950680     
 0.4750000E-01  0.2202778     
 0.4916666E-01  0.1082118     
 0.5083333E-01  0.7667123E-01 
 0.5250000E-01  0.1375344     
 0.5416667E-01  0.1425574     
 0.5583333E-01  0.2223446     
 0.5750000E-01  0.2989101     
 0.5916666E-01  0.3676629     
 0.6083334E-01  0.3584388     
 0.6250000E-01  0.4097869     
 0.6416667E-01  0.3959816     
 0.6583333E-01  0.3200659     
 0.6750000E-01  0.3033018     
 0.6916667E-01  0.1901240     
 0.7083333E-01  0.1104097     
 0.7250000E-01  0.8161201E-01 
 0.7416667E-01  0.1107551     
 0.7583334E-01  0.2002970     
 0.7749999E-01  0.2731434     
 0.7916667E-01  0.3170553     
 0.8083334E-01  0.3618712     
 0.8250000E-01  0.3257766     
 0.8416667E-01  0.3022906     
 0.8583333E-01  0.2105911     
 0.8750000E-01  0.9942588E-01 
 0.8916666E-01  0.7470065E-01 
 0.9083333E-01  0.1319915     
 0.9250000E-01  0.2294852     
 0.9416667E-01  0.2924818     
 0.9583333E-01  0.3035288     
 0.9750000E-01  0.2611215     
 0.9916665E-01  0.2369510     
 0.1008333      0.1119663     
 0.1025000      0.7111461E-01 
 0.1041667      0.1307562     
 0.1058333      0.2149065     
 0.1075000      0.2300213     
 0.1091667      0.2482195     
 0.1108333      0.2078005     
 0.1125000      0.1500456     
 0.1141667      0.9069478E-01 
 0.1158333      0.9266403E-01 
 0.1175000      0.1606616     
 0.1191667      0.1906908     
 0.1208333      0.1634811     
 0.1225000      0.1463508     
 0.1241667      0.8672362E-01 
 0.1258333      0.8961225E-01 
 0.1275000      0.1033531     
 0.1291667      0.1624076     
 0.1308333      0.1703873     
 0.1325000      0.1795541     
 0.1341667      0.1042624     
 0.1358333      0.6341425E-01 
 0.1375000      0.1231425     
 0.1391667      0.1151836     
 0.1408333      0.1518869     
 0.1425000      0.1155486     
 0.1441667      0.9876315E-01 
 0.1458333      0.8626971E-01 
 0.1475000      0.8132512E-01 
 0.1491667      0.1211690     
 0.1508333      0.1344409     
 0.1525000      0.1032966     
 0.1541667      0.9051146E-01 
 0.1558333      0.9469602E-01 
 0.1575000      0.1356536     
 0.1591667      0.9612308E-01 
 0.1608333      0.9630549E-01 
 0.1625000      0.7897359E-01 
 0.1641667      0.1111895     
 0.1658333      0.1274721     
