# SumMovie FRC for input stack : stack6.mrc
# Number of micrographs: 1
# Number of frames per movie: 50
# Pixel size (A): 3.0000
# 1/(A)          FRC
# -----------------------
# 
# Micrograph 1 of 1. Score: .564
 0.8333334E-03  0.9999998     
 0.2500000E-02  0.9512985     
 0.4166666E-02  0.9316365     
 0.5833333E-02  0.8460399     
 0.7499999E-02  0.8642627     
 0.9166666E-02  0.6706064     
 0.1083333E-01  0.6518316     
 0.1250000E-01  0.8449234     
 0.1416667E-01  0.8807465     
 0.1583333E-01  0.9293242     
 0.1750000E-01  0.8886710     
 0.1916667E-01  0.5978587     
 0.2083333E-01  0.6551710     
 0.2250000E-01  0.8217081     
 0.2416667E-01  0.8863041     
 0.2583333E-01  0.8364524     
 0.2750000E-01  0.7118431     
 0.2916667E-01  0.6023570     
 0.3083333E-01  0.6603712     
 0.3250000E-01  0.7030966     
 0.3416666E-01  0.6720061     
 0.3583334E-01  0.5610442     
 0.3750000E-01  0.5042982     
 0.3916667E-01  0.4867913     
 0.4083334E-01  0.5125532     
 0.4250000E-01  0.4220147     
 0.4416666E-01  0.3593642     
 0.4583333E-01  0.3186366     
 0.4750000E-01  0.2758989     
 0.4916666E-01  0.2019977     
 0.5083333E-01  0.1186621     
 0.5250000E-01  0.1488002     
 0.5416667E-01  0.9386886E-01 
 0.5583333E-01  0.1382381     
 0.5750000E-01  0.1289428     
 0.5916666E-01  0.1970394     
 0.6083334E-01  0.2532467     
 0.6250000E-01  0.2809786     
 0.6416667E-01  0.3103425     
 0.6583333E-01  0.3095211     
 0.6750000E-01  0.3192652     
 0.6916667E-01  0.3082756     
 0.7083333E-01  0.2519839     
 0.7250000E-01  0.2078098     
 0.7416667E-01  0.1472020     
 0.7583334E-01  0.1028790     
 0.7749999E-01  0.8585767E-01 
 0.7916667E-01  0.1074174     
 0.8083334E-01  0.1692634     
 0.8250000E-01  0.2053979     
 0.8416667E-01  0.2516852     
 0.8583333E-01  0.2765298     
 0.8750000E-01  0.2511250     
 0.8916666E-01  0.2589496     
 0.9083333E-01  0.1289923     
 0.9250000E-01  0.1364624     
 0.9416667E-01  0.9164643E-01 
 0.9583333E-01  0.1367113     
 0.9750000E-01  0.1405830     
 0.9916665E-01  0.1724423     
 0.1008333      0.1868832     
 0.1025000      0.2029059     
 0.1041667      0.2003999     
 0.1058333      0.1380626     
 0.1075000      0.1181049     
 0.1091667      0.7473764E-01 
 0.1108333      0.9083444E-01 
 0.1125000      0.1463823     
 0.1141667      0.1640252     
 0.1158333      0.2011752     
 0.1175000      0.1707513     
 0.1191667      0.1487235     
 0.1208333      0.1210951     
 0.1225000      0.8818611E-01 
 0.1241667      0.1146631     
 0.1258333      0.1125216     
 0.1275000      0.1669818     
 0.1291667      0.1503462     
 0.1308333      0.1595402     
 0.1325000      0.8426450E-01 
 0.1341667      0.7944131E-01 
 0.1358333      0.1215094     
 0.1375000      0.1110645     
 0.1391667      0.1113592     
 0.1408333      0.1379703     
 0.1425000      0.1114758     
 0.1441667      0.1012131     
 0.1458333      0.9961268E-01 
 0.1475000      0.1214277     
 0.1491667      0.1385024     
 0.1508333      0.1466566     
 0.1525000      0.1268555     
 0.1541667      0.8589027E-01 
 0.1558333      0.1184779     
 0.1575000      0.1072934     
 0.1591667      0.1263778     
 0.1608333      0.1425575     
 0.1625000      0.1102692     
 0.1641667      0.9922530E-01 
 0.1658333      0.8699489E-01 
