# SumMovie FRC for input stack : stack6.mrc
# Number of micrographs: 1
# Number of frames per movie: 50
# Pixel size (A): 3.0000
# 1/(A)          FRC
# -----------------------
# 
# Micrograph 1 of 1. Score: .574
 0.8333334E-03  0.9999999     
 0.2500000E-02  0.9513479     
 0.4166666E-02  0.9316593     
 0.5833333E-02  0.8461821     
 0.7499999E-02  0.8649207     
 0.9166666E-02  0.6725553     
 0.1083333E-01  0.6541780     
 0.1250000E-01  0.8459004     
 0.1416667E-01  0.8828777     
 0.1583333E-01  0.9309126     
 0.1750000E-01  0.8906003     
 0.1916667E-01  0.6000338     
 0.2083333E-01  0.6602140     
 0.2250000E-01  0.8273780     
 0.2416667E-01  0.8908162     
 0.2583333E-01  0.8427845     
 0.2750000E-01  0.7194024     
 0.2916667E-01  0.6132303     
 0.3083333E-01  0.6729047     
 0.3250000E-01  0.7158720     
 0.3416666E-01  0.6822366     
 0.3583334E-01  0.5736396     
 0.3750000E-01  0.5209798     
 0.3916667E-01  0.5035192     
 0.4083334E-01  0.5355526     
 0.4250000E-01  0.4344590     
 0.4416666E-01  0.3673691     
 0.4583333E-01  0.3355738     
 0.4750000E-01  0.2846712     
 0.4916666E-01  0.2119108     
 0.5083333E-01  0.1183415     
 0.5250000E-01  0.1429891     
 0.5416667E-01  0.8987100E-01 
 0.5583333E-01  0.1296044     
 0.5750000E-01  0.1298065     
 0.5916666E-01  0.2082785     
 0.6083334E-01  0.2681346     
 0.6250000E-01  0.2882816     
 0.6416667E-01  0.3301960     
 0.6583333E-01  0.3280332     
 0.6750000E-01  0.3335172     
 0.6916667E-01  0.3161586     
 0.7083333E-01  0.2673522     
 0.7250000E-01  0.2134686     
 0.7416667E-01  0.1443610     
 0.7583334E-01  0.1020143     
 0.7749999E-01  0.8934116E-01 
 0.7916667E-01  0.9528498E-01 
 0.8083334E-01  0.1718442     
 0.8250000E-01  0.2109674     
 0.8416667E-01  0.2663442     
 0.8583333E-01  0.2854207     
 0.8750000E-01  0.2625737     
 0.8916666E-01  0.2533696     
 0.9083333E-01  0.1325325     
 0.9250000E-01  0.1276559     
 0.9416667E-01  0.8450009E-01 
 0.9583333E-01  0.1275870     
 0.9750000E-01  0.1283804     
 0.9916665E-01  0.1667040     
 0.1008333      0.1902446     
 0.1025000      0.2112298     
 0.1041667      0.1957561     
 0.1058333      0.1434949     
 0.1075000      0.1066529     
 0.1091667      0.5544493E-01 
 0.1108333      0.8204541E-01 
 0.1125000      0.1360692     
 0.1141667      0.1726255     
 0.1158333      0.1955687     
 0.1175000      0.1578626     
 0.1191667      0.1395929     
 0.1208333      0.9549657E-01 
 0.1225000      0.6908624E-01 
 0.1241667      0.9100793E-01 
 0.1258333      0.9800991E-01 
 0.1275000      0.1488327     
 0.1291667      0.1386008     
 0.1308333      0.1359152     
 0.1325000      0.6530181E-01 
 0.1341667      0.5451997E-01 
 0.1358333      0.1116161     
 0.1375000      0.9035192E-01 
 0.1391667      0.9462160E-01 
 0.1408333      0.1187104     
 0.1425000      0.1034417     
 0.1441667      0.7992470E-01 
 0.1458333      0.7960872E-01 
 0.1475000      0.8861415E-01 
 0.1491667      0.1173292     
 0.1508333      0.1272515     
 0.1525000      0.9796012E-01 
 0.1541667      0.6491213E-01 
 0.1558333      0.9348127E-01 
 0.1575000      0.8400796E-01 
 0.1591667      0.9738286E-01 
 0.1608333      0.1169738     
 0.1625000      0.8685056E-01 
 0.1641667      0.8193309E-01 
 0.1658333      0.5949944E-01 
