# SumMovie FRC for input stack : stack6.mrc
# Number of micrographs: 1
# Number of frames per movie: 50
# Pixel size (A): 3.0000
# 1/(A)          FRC
# -----------------------
# 
# Micrograph 1 of 1. Score: .592
 0.8333334E-03  0.9999999     
 0.2500000E-02  0.9513080     
 0.4166666E-02  0.9319212     
 0.5833333E-02  0.8473476     
 0.7499999E-02  0.8654456     
 0.9166666E-02  0.6781230     
 0.1083333E-01  0.6585164     
 0.1250000E-01  0.8495442     
 0.1416667E-01  0.8877125     
 0.1583333E-01  0.9350087     
 0.1750000E-01  0.8941559     
 0.1916667E-01  0.6007038     
 0.2083333E-01  0.6725358     
 0.2250000E-01  0.8422334     
 0.2416667E-01  0.9022903     
 0.2583333E-01  0.8568412     
 0.2750000E-01  0.7345393     
 0.2916667E-01  0.6262038     
 0.3083333E-01  0.6973029     
 0.3250000E-01  0.7293916     
 0.3416666E-01  0.7022088     
 0.3583334E-01  0.5995172     
 0.3750000E-01  0.5399398     
 0.3916667E-01  0.5307254     
 0.4083334E-01  0.5743681     
 0.4250000E-01  0.4577754     
 0.4416666E-01  0.3954345     
 0.4583333E-01  0.3658217     
 0.4750000E-01  0.3015133     
 0.4916666E-01  0.2224342     
 0.5083333E-01  0.1337477     
 0.5250000E-01  0.1195429     
 0.5416667E-01  0.6403426E-01 
 0.5583333E-01  0.1002444     
 0.5750000E-01  0.1211130     
 0.5916666E-01  0.2008651     
 0.6083334E-01  0.2722234     
 0.6250000E-01  0.2945523     
 0.6416667E-01  0.3453128     
 0.6583333E-01  0.3721083     
 0.6750000E-01  0.3501822     
 0.6916667E-01  0.3471101     
 0.7083333E-01  0.2910578     
 0.7250000E-01  0.2237798     
 0.7416667E-01  0.1307824     
 0.7583334E-01  0.8148037E-01 
 0.7749999E-01  0.7220009E-01 
 0.7916667E-01  0.7850999E-01 
 0.8083334E-01  0.1881536     
 0.8250000E-01  0.2275137     
 0.8416667E-01  0.2977403     
 0.8583333E-01  0.3113480     
 0.8750000E-01  0.2918682     
 0.8916666E-01  0.2475599     
 0.9083333E-01  0.1638045     
 0.9250000E-01  0.8708324E-01 
 0.9416667E-01  0.5427903E-01 
 0.9583333E-01  0.8722626E-01 
 0.9750000E-01  0.8980935E-01 
 0.9916665E-01  0.1433142     
 0.1008333      0.2156491     
 0.1025000      0.2419435     
 0.1041667      0.1764520     
 0.1058333      0.1526929     
 0.1075000      0.8420156E-01 
 0.1091667      0.6947268E-01 
 0.1108333      0.4933107E-01 
 0.1125000      0.8375801E-01 
 0.1141667      0.1432677     
 0.1158333      0.1932446     
 0.1175000      0.1743005     
 0.1191667      0.1374657     
 0.1208333      0.4474018E-01 
 0.1225000      0.4420892E-01 
 0.1241667      0.3336181E-01 
 0.1258333      0.1054762     
 0.1275000      0.1252282     
 0.1291667      0.1301814     
 0.1308333      0.1187765     
 0.1325000      0.6474947E-01 
 0.1341667      0.5339432E-01 
 0.1358333      0.7706779E-01 
 0.1375000      0.6622253E-01 
 0.1391667      0.1048264     
 0.1408333      0.9327912E-01 
 0.1425000      0.7525145E-01 
 0.1441667      0.6493689E-01 
 0.1458333      0.3620375E-01 
 0.1475000      0.5531769E-01 
 0.1491667      0.7773366E-01 
 0.1508333      0.9360198E-01 
 0.1525000      0.6706969E-01 
 0.1541667      0.4730934E-01 
 0.1558333      0.4258090E-01 
 0.1575000      0.7399338E-01 
 0.1591667      0.8579308E-01 
 0.1608333      0.7644987E-01 
 0.1625000      0.7957878E-01 
 0.1641667      0.5528397E-01 
 0.1658333      0.2899243E-01 
