# SumMovie FRC for input stack : stack1.mrc
# Number of micrographs: 1
# Number of frames per movie: 50
# Pixel size (A): 3.0000
# 1/(A)          FRC
# -----------------------
# 
# Micrograph 1 of 1. Score: .546
 0.8333334E-03  0.9999993     
 0.2500000E-02  0.9744515     
 0.4166666E-02  0.9570116     
 0.5833333E-02  0.9206123     
 0.7499999E-02  0.9049357     
 0.9166666E-02  0.7492738     
 0.1083333E-01  0.7275506     
 0.1250000E-01  0.8558773     
 0.1416667E-01  0.9222715     
 0.1583333E-01  0.9263194     
 0.1750000E-01  0.8737345     
 0.1916667E-01  0.6747332     
 0.2083333E-01  0.7638878     
 0.2250000E-01  0.8706809     
 0.2416667E-01  0.9031091     
 0.2583333E-01  0.8718380     
 0.2750000E-01  0.7469587     
 0.2916667E-01  0.6434238     
 0.3083333E-01  0.7084464     
 0.3250000E-01  0.7371646     
 0.3416666E-01  0.6837083     
 0.3583334E-01  0.5453972     
 0.3750000E-01  0.4831906     
 0.3916667E-01  0.4601521     
 0.4083334E-01  0.4485526     
 0.4250000E-01  0.3986769     
 0.4416666E-01  0.2595535     
 0.4583333E-01  0.1694350     
 0.4750000E-01  0.1883948     
 0.4916666E-01  0.9470382E-01 
 0.5083333E-01  0.6286624E-01 
 0.5250000E-01  0.6712154E-01 
 0.5416667E-01  0.1266771     
 0.5583333E-01  0.1856967     
 0.5750000E-01  0.2510792     
 0.5916666E-01  0.3163827     
 0.6083334E-01  0.3429560     
 0.6250000E-01  0.3259856     
 0.6416667E-01  0.2997561     
 0.6583333E-01  0.2718221     
 0.6750000E-01  0.1612124     
 0.6916667E-01  0.1346274     
 0.7083333E-01  0.8670960E-01 
 0.7250000E-01  0.6968842E-01 
 0.7416667E-01  0.1088098     
 0.7583334E-01  0.1689084     
 0.7749999E-01  0.2454904     
 0.7916667E-01  0.2972058     
 0.8083334E-01  0.2902571     
 0.8250000E-01  0.2848452     
 0.8416667E-01  0.2284526     
 0.8583333E-01  0.1242745     
 0.8750000E-01  0.6098427E-01 
 0.8916666E-01  0.3357515E-01 
 0.9083333E-01  0.1323007     
 0.9250000E-01  0.1983169     
 0.9416667E-01  0.2370428     
 0.9583333E-01  0.2512049     
 0.9750000E-01  0.1953558     
 0.9916665E-01  0.1117554     
 0.1008333      0.7017526E-01 
 0.1025000      0.4935758E-01 
 0.1041667      0.1199204     
 0.1058333      0.1566238     
 0.1075000      0.1626976     
 0.1091667      0.1760620     
 0.1108333      0.1340658     
 0.1125000      0.1252021     
 0.1141667      0.3895998E-01 
 0.1158333      0.6625208E-01 
 0.1175000      0.1078695     
 0.1191667      0.1152545     
 0.1208333      0.1178036     
 0.1225000      0.1043163     
 0.1241667      0.4953323E-01 
 0.1258333      0.4313114E-01 
 0.1275000      0.5891314E-01 
 0.1291667      0.1199861     
 0.1308333      0.1223262     
 0.1325000      0.7243571E-01 
 0.1341667      0.4954961E-01 
 0.1358333      0.2375780E-01 
 0.1375000      0.1037544     
 0.1391667      0.7207972E-01 
 0.1408333      0.1102057     
 0.1425000      0.6138536E-01 
 0.1441667      0.4197118E-01 
 0.1458333      0.2957655E-01 
 0.1475000      0.7553130E-01 
 0.1491667      0.6265352E-01 
 0.1508333      0.6643305E-01 
 0.1525000      0.2378686E-01 
 0.1541667      0.5945544E-01 
 0.1558333      0.8107665E-01 
 0.1575000      0.4408634E-01 
 0.1591667      0.2482290E-01 
 0.1608333      0.4296646E-01 
 0.1625000      0.4987967E-01 
 0.1641667      0.3618760E-01 
 0.1658333      0.2962941E-01 
