# SumMovie FRC for input stack : stack6.mrc
# Number of micrographs: 1
# Number of frames per movie: 50
# Pixel size (A): 3.0000
# 1/(A)          FRC
# -----------------------
# 
# Micrograph 1 of 1. Score: .580
 0.8333334E-03  0.9999999     
 0.2500000E-02  0.9513962     
 0.4166666E-02  0.9316676     
 0.5833333E-02  0.8462819     
 0.7499999E-02  0.8654228     
 0.9166666E-02  0.6740367     
 0.1083333E-01  0.6558310     
 0.1250000E-01  0.8464800     
 0.1416667E-01  0.8843291     
 0.1583333E-01  0.9320530     
 0.1750000E-01  0.8918455     
 0.1916667E-01  0.6010123     
 0.2083333E-01  0.6632543     
 0.2250000E-01  0.8311146     
 0.2416667E-01  0.8939979     
 0.2583333E-01  0.8470383     
 0.2750000E-01  0.7238880     
 0.2916667E-01  0.6200711     
 0.3083333E-01  0.6811288     
 0.3250000E-01  0.7227697     
 0.3416666E-01  0.6888202     
 0.3583334E-01  0.5823740     
 0.3750000E-01  0.5314249     
 0.3916667E-01  0.5144601     
 0.4083334E-01  0.5504944     
 0.4250000E-01  0.4428097     
 0.4416666E-01  0.3736592     
 0.4583333E-01  0.3471784     
 0.4750000E-01  0.2914540     
 0.4916666E-01  0.2173299     
 0.5083333E-01  0.1183937     
 0.5250000E-01  0.1358257     
 0.5416667E-01  0.8310883E-01 
 0.5583333E-01  0.1209439     
 0.5750000E-01  0.1290979     
 0.5916666E-01  0.2130008     
 0.6083334E-01  0.2742123     
 0.6250000E-01  0.2914027     
 0.6416667E-01  0.3424663     
 0.6583333E-01  0.3417192     
 0.6750000E-01  0.3409105     
 0.6916667E-01  0.3198754     
 0.7083333E-01  0.2775269     
 0.7250000E-01  0.2176267     
 0.7416667E-01  0.1384166     
 0.7583334E-01  0.9829635E-01 
 0.7749999E-01  0.8766074E-01 
 0.7916667E-01  0.8646180E-01 
 0.8083334E-01  0.1749984     
 0.8250000E-01  0.2151004     
 0.8416667E-01  0.2723411     
 0.8583333E-01  0.2871428     
 0.8750000E-01  0.2690688     
 0.8916666E-01  0.2459245     
 0.9083333E-01  0.1404975     
 0.9250000E-01  0.1177300     
 0.9416667E-01  0.7263965E-01 
 0.9583333E-01  0.1151843     
 0.9750000E-01  0.1127873     
 0.9916665E-01  0.1566686     
 0.1008333      0.1957727     
 0.1025000      0.2249620     
 0.1041667      0.1836306     
 0.1058333      0.1453871     
 0.1075000      0.9489158E-01 
 0.1091667      0.4833752E-01 
 0.1108333      0.7363988E-01 
 0.1125000      0.1141920     
 0.1141667      0.1690342     
 0.1158333      0.1895549     
 0.1175000      0.1494744     
 0.1191667      0.1370257     
 0.1208333      0.7415815E-01 
 0.1225000      0.5570756E-01 
 0.1241667      0.5861661E-01 
 0.1258333      0.9052777E-01 
 0.1275000      0.1358330     
 0.1291667      0.1319799     
 0.1308333      0.1198949     
 0.1325000      0.5573231E-01 
 0.1341667      0.4482683E-01 
 0.1358333      0.9449472E-01 
 0.1375000      0.7408901E-01 
 0.1391667      0.8282724E-01 
 0.1408333      0.1072722     
 0.1425000      0.9469472E-01 
 0.1441667      0.7160021E-01 
 0.1458333      0.5788353E-01 
 0.1475000      0.7310116E-01 
 0.1491667      0.9543205E-01 
 0.1508333      0.1090107     
 0.1525000      0.7732619E-01 
 0.1541667      0.4808826E-01 
 0.1558333      0.7391485E-01 
 0.1575000      0.7145372E-01 
 0.1591667      0.9111143E-01 
 0.1608333      0.8747030E-01 
 0.1625000      0.6874241E-01 
 0.1641667      0.7730071E-01 
 0.1658333      0.4081146E-01 
