# SumMovie FRC for input stack : stack6.mrc
# Number of micrographs: 1
# Number of frames per movie: 50
# Pixel size (A): 3.0000
# 1/(A)          FRC
# -----------------------
# 
# Micrograph 1 of 1. Score: .592
 0.8333334E-03  0.9999999     
 0.2500000E-02  0.9512902     
 0.4166666E-02  0.9319728     
 0.5833333E-02  0.8474990     
 0.7499999E-02  0.8653298     
 0.9166666E-02  0.6788499     
 0.1083333E-01  0.6585845     
 0.1250000E-01  0.8498735     
 0.1416667E-01  0.8880507     
 0.1583333E-01  0.9353102     
 0.1750000E-01  0.8940583     
 0.1916667E-01  0.6004519     
 0.2083333E-01  0.6729318     
 0.2250000E-01  0.8433616     
 0.2416667E-01  0.9028342     
 0.2583333E-01  0.8571633     
 0.2750000E-01  0.7353838     
 0.2916667E-01  0.6254439     
 0.3083333E-01  0.6983171     
 0.3250000E-01  0.7292313     
 0.3416666E-01  0.7027943     
 0.3583334E-01  0.6008610     
 0.3750000E-01  0.5385457     
 0.3916667E-01  0.5313405     
 0.4083334E-01  0.5748452     
 0.4250000E-01  0.4575670     
 0.4416666E-01  0.3961441     
 0.4583333E-01  0.3640576     
 0.4750000E-01  0.3032432     
 0.4916666E-01  0.2234677     
 0.5083333E-01  0.1344732     
 0.5250000E-01  0.1166731     
 0.5416667E-01  0.6159643E-01 
 0.5583333E-01  0.9922357E-01 
 0.5750000E-01  0.1222386     
 0.5916666E-01  0.1977338     
 0.6083334E-01  0.2702112     
 0.6250000E-01  0.2903491     
 0.6416667E-01  0.3459450     
 0.6583333E-01  0.3753438     
 0.6750000E-01  0.3497603     
 0.6916667E-01  0.3461340     
 0.7083333E-01  0.2910335     
 0.7250000E-01  0.2218010     
 0.7416667E-01  0.1226872     
 0.7583334E-01  0.7847802E-01 
 0.7749999E-01  0.6612755E-01 
 0.7916667E-01  0.7883471E-01 
 0.8083334E-01  0.1858283     
 0.8250000E-01  0.2323584     
 0.8416667E-01  0.2982789     
 0.8583333E-01  0.3106565     
 0.8750000E-01  0.2918602     
 0.8916666E-01  0.2436433     
 0.9083333E-01  0.1639391     
 0.9250000E-01  0.8552004E-01 
 0.9416667E-01  0.4519536E-01 
 0.9583333E-01  0.8692879E-01 
 0.9750000E-01  0.8803197E-01 
 0.9916665E-01  0.1451180     
 0.1008333      0.2174398     
 0.1025000      0.2393266     
 0.1041667      0.1726475     
 0.1058333      0.1462631     
 0.1075000      0.8047357E-01 
 0.1091667      0.7747290E-01 
 0.1108333      0.4448218E-01 
 0.1125000      0.8883435E-01 
 0.1141667      0.1422077     
 0.1158333      0.1913305     
 0.1175000      0.1736662     
 0.1191667      0.1304879     
 0.1208333      0.4168383E-01 
 0.1225000      0.4383367E-01 
 0.1241667      0.4226413E-01 
 0.1258333      0.1055868     
 0.1275000      0.1233400     
 0.1291667      0.1274545     
 0.1308333      0.1099931     
 0.1325000      0.5664404E-01 
 0.1341667      0.4936208E-01 
 0.1358333      0.7599260E-01 
 0.1375000      0.7185344E-01 
 0.1391667      0.1046106     
 0.1408333      0.9209316E-01 
 0.1425000      0.7089777E-01 
 0.1441667      0.5736010E-01 
 0.1458333      0.4257181E-01 
 0.1475000      0.4688840E-01 
 0.1491667      0.7991990E-01 
 0.1508333      0.9444044E-01 
 0.1525000      0.6800582E-01 
 0.1541667      0.4723104E-01 
 0.1558333      0.3640814E-01 
 0.1575000      0.7452121E-01 
 0.1591667      0.8137243E-01 
 0.1608333      0.7748218E-01 
 0.1625000      0.7612944E-01 
 0.1641667      0.6192824E-01 
 0.1658333      0.2799157E-01 
