# SumMovie FRC for input stack : stack16.mrc
# Number of micrographs: 1
# Number of frames per movie: 50
# Pixel size (A): 3.0000
# 1/(A)          FRC
# -----------------------
# 
# Micrograph 1 of 1. Score: .531
 0.8333334E-03  0.9999994     
 0.2500000E-02  0.9670790     
 0.4166666E-02  0.9459015     
 0.5833333E-02  0.9113005     
 0.7499999E-02  0.8946475     
 0.9166666E-02  0.8416833     
 0.1083333E-01  0.7729853     
 0.1250000E-01  0.8795614     
 0.1416667E-01  0.9337674     
 0.1583333E-01  0.9644642     
 0.1750000E-01  0.9444160     
 0.1916667E-01  0.7677796     
 0.2083333E-01  0.8023500     
 0.2250000E-01  0.8960336     
 0.2416667E-01  0.9365489     
 0.2583333E-01  0.9280557     
 0.2750000E-01  0.8201709     
 0.2916667E-01  0.6876590     
 0.3083333E-01  0.7369472     
 0.3250000E-01  0.7846577     
 0.3416666E-01  0.7073560     
 0.3583334E-01  0.5747702     
 0.3750000E-01  0.4305366     
 0.3916667E-01  0.3619198     
 0.4083334E-01  0.2965939     
 0.4250000E-01  0.1138236     
 0.4416666E-01  0.1239545     
 0.4583333E-01  0.1019565     
 0.4750000E-01  0.1353598     
 0.4916666E-01  0.2735649     
 0.5083333E-01  0.3387335     
 0.5250000E-01  0.3712814     
 0.5416667E-01  0.3672573     
 0.5583333E-01  0.4144648     
 0.5750000E-01  0.3551480     
 0.5916666E-01  0.2684527     
 0.6083334E-01  0.1852280     
 0.6250000E-01  0.8829622E-01 
 0.6416667E-01  0.1081093     
 0.6583333E-01  0.1442818     
 0.6750000E-01  0.2071521     
 0.6916667E-01  0.3100553     
 0.7083333E-01  0.4018409     
 0.7250000E-01  0.3439220     
 0.7416667E-01  0.2802127     
 0.7583334E-01  0.1721332     
 0.7749999E-01  0.1051674     
 0.7916667E-01  0.9058579E-01 
 0.8083334E-01  0.2484124     
 0.8250000E-01  0.2634808     
 0.8416667E-01  0.3418397     
 0.8583333E-01  0.2887008     
 0.8750000E-01  0.1866902     
 0.8916666E-01  0.1108434     
 0.9083333E-01  0.8479163E-01 
 0.9250000E-01  0.1805038     
 0.9416667E-01  0.2468913     
 0.9583333E-01  0.2707175     
 0.9750000E-01  0.2176317     
 0.9916665E-01  0.1120721     
 0.1008333      0.8688302E-01 
 0.1025000      0.1270608     
 0.1041667      0.1867342     
 0.1058333      0.2352544     
 0.1075000      0.1928733     
 0.1091667      0.1266773     
 0.1108333      0.5494632E-01 
 0.1125000      0.1511863     
 0.1141667      0.1783172     
 0.1158333      0.1782211     
 0.1175000      0.1189908     
 0.1191667      0.8236189E-01 
 0.1208333      0.9881865E-01 
 0.1225000      0.1466826     
 0.1241667      0.1663945     
 0.1258333      0.1167938     
 0.1275000      0.7856983E-01 
 0.1291667      0.8872996E-01 
 0.1308333      0.1407136     
 0.1325000      0.1343382     
 0.1341667      0.9848116E-01 
 0.1358333      0.5299135E-01 
 0.1375000      0.1003385     
 0.1391667      0.1273017     
 0.1408333      0.1226574     
 0.1425000      0.7683001E-01 
 0.1441667      0.9904931E-01 
 0.1458333      0.1150393     
 0.1475000      0.1083397     
 0.1491667      0.9121621E-01 
 0.1508333      0.9239725E-01 
 0.1525000      0.1077650     
 0.1541667      0.9618039E-01 
 0.1558333      0.7974483E-01 
 0.1575000      0.6765680E-01 
 0.1591667      0.1022426     
 0.1608333      0.1036360     
 0.1625000      0.6528322E-01 
 0.1641667      0.6664275E-01 
 0.1658333      0.1408478     
