# SumMovie FRC for input stack : stack16.mrc
# Number of micrographs: 1
# Number of frames per movie: 50
# Pixel size (A): 3.0000
# 1/(A)          FRC
# -----------------------
# 
# Micrograph 1 of 1. Score: .538
 0.8333334E-03  0.9999994     
 0.2500000E-02  0.9672177     
 0.4166666E-02  0.9453933     
 0.5833333E-02  0.9120431     
 0.7499999E-02  0.8965809     
 0.9166666E-02  0.8415685     
 0.1083333E-01  0.7767347     
 0.1250000E-01  0.8840133     
 0.1416667E-01  0.9355462     
 0.1583333E-01  0.9656503     
 0.1750000E-01  0.9459196     
 0.1916667E-01  0.7767934     
 0.2083333E-01  0.8028054     
 0.2250000E-01  0.9023046     
 0.2416667E-01  0.9434078     
 0.2583333E-01  0.9340457     
 0.2750000E-01  0.8305071     
 0.2916667E-01  0.7052307     
 0.3083333E-01  0.7539982     
 0.3250000E-01  0.7966967     
 0.3416666E-01  0.7328767     
 0.3583334E-01  0.6077492     
 0.3750000E-01  0.4391334     
 0.3916667E-01  0.3792844     
 0.4083334E-01  0.2924583     
 0.4250000E-01  0.1231857     
 0.4416666E-01  0.1197317     
 0.4583333E-01  0.8377709E-01 
 0.4750000E-01  0.1476047     
 0.4916666E-01  0.2691076     
 0.5083333E-01  0.3447456     
 0.5250000E-01  0.3905280     
 0.5416667E-01  0.3825581     
 0.5583333E-01  0.4238971     
 0.5750000E-01  0.3611273     
 0.5916666E-01  0.2772014     
 0.6083334E-01  0.1847831     
 0.6250000E-01  0.8132556E-01 
 0.6416667E-01  0.1047120     
 0.6583333E-01  0.1396929     
 0.6750000E-01  0.2102902     
 0.6916667E-01  0.3140862     
 0.7083333E-01  0.4060881     
 0.7250000E-01  0.3723271     
 0.7416667E-01  0.3084508     
 0.7583334E-01  0.1812751     
 0.7749999E-01  0.1200889     
 0.7916667E-01  0.9444112E-01 
 0.8083334E-01  0.2499723     
 0.8250000E-01  0.2766108     
 0.8416667E-01  0.3611997     
 0.8583333E-01  0.3019620     
 0.8750000E-01  0.1887130     
 0.8916666E-01  0.1193391     
 0.9083333E-01  0.7949767E-01 
 0.9250000E-01  0.1863390     
 0.9416667E-01  0.2613815     
 0.9583333E-01  0.2819811     
 0.9750000E-01  0.2128457     
 0.9916665E-01  0.1002018     
 0.1008333      0.6140301E-01 
 0.1025000      0.1216637     
 0.1041667      0.1923151     
 0.1058333      0.2427310     
 0.1075000      0.1812962     
 0.1091667      0.1110392     
 0.1108333      0.5872625E-01 
 0.1125000      0.1423106     
 0.1141667      0.1978072     
 0.1158333      0.1903026     
 0.1175000      0.1118480     
 0.1191667      0.4909275E-01 
 0.1208333      0.9398475E-01 
 0.1225000      0.1587962     
 0.1241667      0.1757809     
 0.1258333      0.1078328     
 0.1275000      0.6831183E-01 
 0.1291667      0.8823077E-01 
 0.1308333      0.1204478     
 0.1325000      0.1354174     
 0.1341667      0.7022766E-01 
 0.1358333      0.4414865E-01 
 0.1375000      0.1148213     
 0.1391667      0.1360567     
 0.1408333      0.9567408E-01 
 0.1425000      0.7828625E-01 
 0.1441667      0.7789378E-01 
 0.1458333      0.1164621     
 0.1475000      0.9749999E-01 
 0.1491667      0.6795116E-01 
 0.1508333      0.7203151E-01 
 0.1525000      0.1022678     
 0.1541667      0.8473361E-01 
 0.1558333      0.7737710E-01 
 0.1575000      0.4765967E-01 
 0.1591667      0.8658622E-01 
 0.1608333      0.9018817E-01 
 0.1625000      0.4522550E-01 
 0.1641667      0.6501023E-01 
 0.1658333      0.1332994     
