# SumMovie FRC for input stack : stack11.mrc
# Number of micrographs: 1
# Number of frames per movie: 50
# Pixel size (A): 3.0000
# 1/(A)          FRC
# -----------------------
# 
# Micrograph 1 of 1. Score: .568
 0.8333334E-03  0.9999998     
 0.2500000E-02  0.8499858     
 0.4166666E-02  0.8700499     
 0.5833333E-02  0.8519396     
 0.7499999E-02  0.8571627     
 0.9166666E-02  0.7361681     
 0.1083333E-01  0.6257076     
 0.1250000E-01  0.8513808     
 0.1416667E-01  0.9135800     
 0.1583333E-01  0.9435781     
 0.1750000E-01  0.9064305     
 0.1916667E-01  0.6586794     
 0.2083333E-01  0.7374735     
 0.2250000E-01  0.8739985     
 0.2416667E-01  0.9202133     
 0.2583333E-01  0.8910990     
 0.2750000E-01  0.7387143     
 0.2916667E-01  0.6348621     
 0.3083333E-01  0.7056030     
 0.3250000E-01  0.7671219     
 0.3416666E-01  0.7139657     
 0.3583334E-01  0.5843862     
 0.3750000E-01  0.5164103     
 0.3916667E-01  0.4912520     
 0.4083334E-01  0.5106661     
 0.4250000E-01  0.3960485     
 0.4416666E-01  0.3311367     
 0.4583333E-01  0.2817203     
 0.4750000E-01  0.2187616     
 0.4916666E-01  0.1064255     
 0.5083333E-01  0.7504315E-01 
 0.5250000E-01  0.1350141     
 0.5416667E-01  0.1318145     
 0.5583333E-01  0.2202179     
 0.5750000E-01  0.2903966     
 0.5916666E-01  0.3491852     
 0.6083334E-01  0.3489393     
 0.6250000E-01  0.3861901     
 0.6416667E-01  0.3788879     
 0.6583333E-01  0.2951933     
 0.6750000E-01  0.2892501     
 0.6916667E-01  0.1868251     
 0.7083333E-01  0.1102075     
 0.7250000E-01  0.8760795E-01 
 0.7416667E-01  0.1078208     
 0.7583334E-01  0.1903401     
 0.7749999E-01  0.2566197     
 0.7916667E-01  0.3022323     
 0.8083334E-01  0.3378156     
 0.8250000E-01  0.3083259     
 0.8416667E-01  0.2830764     
 0.8583333E-01  0.1971720     
 0.8750000E-01  0.8972175E-01 
 0.8916666E-01  0.7599977E-01 
 0.9083333E-01  0.1272739     
 0.9250000E-01  0.2125506     
 0.9416667E-01  0.2730148     
 0.9583333E-01  0.2993996     
 0.9750000E-01  0.2454887     
 0.9916665E-01  0.2264128     
 0.1008333      0.1135567     
 0.1025000      0.8519671E-01 
 0.1041667      0.1431612     
 0.1058333      0.2131018     
 0.1075000      0.2042373     
 0.1091667      0.2431036     
 0.1108333      0.2063446     
 0.1125000      0.1528914     
 0.1141667      0.1019515     
 0.1158333      0.9105290E-01 
 0.1175000      0.1614277     
 0.1191667      0.1906857     
 0.1208333      0.1653188     
 0.1225000      0.1448882     
 0.1241667      0.9257245E-01 
 0.1258333      0.1048506     
 0.1275000      0.1127429     
 0.1291667      0.1645479     
 0.1308333      0.1559392     
 0.1325000      0.1840059     
 0.1341667      0.1107451     
 0.1358333      0.7228819E-01 
 0.1375000      0.1313487     
 0.1391667      0.1134831     
 0.1408333      0.1451182     
 0.1425000      0.1126105     
 0.1441667      0.1173672     
 0.1458333      0.1034585     
 0.1475000      0.1059151     
 0.1491667      0.1148799     
 0.1508333      0.1508836     
 0.1525000      0.1056183     
 0.1541667      0.9519393E-01 
 0.1558333      0.1159437     
 0.1575000      0.1460607     
 0.1591667      0.1076953     
 0.1608333      0.1200860     
 0.1625000      0.9997197E-01 
 0.1641667      0.1232683     
 0.1658333      0.1474673     
