# SumMovie FRC for input stack : stack11.mrc
# Number of micrographs: 1
# Number of frames per movie: 50
# Pixel size (A): 3.0000
# 1/(A)          FRC
# -----------------------
# 
# Micrograph 1 of 1. Score: .576
 0.8333334E-03  0.9999998     
 0.2500000E-02  0.8504827     
 0.4166666E-02  0.8706335     
 0.5833333E-02  0.8517854     
 0.7499999E-02  0.8577256     
 0.9166666E-02  0.7375537     
 0.1083333E-01  0.6261474     
 0.1250000E-01  0.8532825     
 0.1416667E-01  0.9149689     
 0.1583333E-01  0.9441358     
 0.1750000E-01  0.9079502     
 0.1916667E-01  0.6568064     
 0.2083333E-01  0.7412901     
 0.2250000E-01  0.8761037     
 0.2416667E-01  0.9237857     
 0.2583333E-01  0.8933776     
 0.2750000E-01  0.7457427     
 0.2916667E-01  0.6494198     
 0.3083333E-01  0.7168401     
 0.3250000E-01  0.7760503     
 0.3416666E-01  0.7281743     
 0.3583334E-01  0.5940381     
 0.3750000E-01  0.5303090     
 0.3916667E-01  0.5074849     
 0.4083334E-01  0.5205500     
 0.4250000E-01  0.4058931     
 0.4416666E-01  0.3421540     
 0.4583333E-01  0.2986782     
 0.4750000E-01  0.2196278     
 0.4916666E-01  0.1074893     
 0.5083333E-01  0.7671592E-01 
 0.5250000E-01  0.1374922     
 0.5416667E-01  0.1447476     
 0.5583333E-01  0.2214195     
 0.5750000E-01  0.3003771     
 0.5916666E-01  0.3754630     
 0.6083334E-01  0.3605866     
 0.6250000E-01  0.4167601     
 0.6416667E-01  0.4019490     
 0.6583333E-01  0.3264568     
 0.6750000E-01  0.3048926     
 0.6916667E-01  0.1871808     
 0.7083333E-01  0.1083097     
 0.7250000E-01  0.7535598E-01 
 0.7416667E-01  0.1103746     
 0.7583334E-01  0.2012249     
 0.7749999E-01  0.2793176     
 0.7916667E-01  0.3205569     
 0.8083334E-01  0.3706874     
 0.8250000E-01  0.3315898     
 0.8416667E-01  0.3091826     
 0.8583333E-01  0.2112906     
 0.8750000E-01  0.1012920     
 0.8916666E-01  0.7262394E-01 
 0.9083333E-01  0.1337352     
 0.9250000E-01  0.2346009     
 0.9416667E-01  0.2941264     
 0.9583333E-01  0.3037127     
 0.9750000E-01  0.2659533     
 0.9916665E-01  0.2315978     
 0.1008333      0.1106557     
 0.1025000      0.5813198E-01 
 0.1041667      0.1226226     
 0.1058333      0.2069978     
 0.1075000      0.2369474     
 0.1091667      0.2425872     
 0.1108333      0.2044253     
 0.1125000      0.1435277     
 0.1141667      0.7924369E-01 
 0.1158333      0.8886341E-01 
 0.1175000      0.1524519     
 0.1191667      0.1852483     
 0.1208333      0.1632158     
 0.1225000      0.1410969     
 0.1241667      0.7945058E-01 
 0.1258333      0.7803641E-01 
 0.1275000      0.9787332E-01 
 0.1291667      0.1536709     
 0.1308333      0.1713327     
 0.1325000      0.1739982     
 0.1341667      0.9593719E-01 
 0.1358333      0.5645596E-01 
 0.1375000      0.1099298     
 0.1391667      0.1109789     
 0.1408333      0.1430521     
 0.1425000      0.1110757     
 0.1441667      0.8416233E-01 
 0.1458333      0.6800763E-01 
 0.1475000      0.6656051E-01 
 0.1491667      0.1203982     
 0.1508333      0.1194202     
 0.1525000      0.9441225E-01 
 0.1541667      0.8086532E-01 
 0.1558333      0.7818580E-01 
 0.1575000      0.1260306     
 0.1591667      0.8601169E-01 
 0.1608333      0.7944500E-01 
 0.1625000      0.6532500E-01 
 0.1641667      0.9313410E-01 
 0.1658333      0.1115189     
