# SumMovie FRC for input stack : stack6.mrc
# Number of micrographs: 1
# Number of frames per movie: 50
# Pixel size (A): 3.0000
# 1/(A)          FRC
# -----------------------
# 
# Micrograph 1 of 1. Score: .589
 0.8333334E-03  0.9999999     
 0.2500000E-02  0.9513773     
 0.4166666E-02  0.9317979     
 0.5833333E-02  0.8468826     
 0.7499999E-02  0.8657625     
 0.9166666E-02  0.6761936     
 0.1083333E-01  0.6575842     
 0.1250000E-01  0.8481787     
 0.1416667E-01  0.8867335     
 0.1583333E-01  0.9340031     
 0.1750000E-01  0.8933457     
 0.1916667E-01  0.6011394     
 0.2083333E-01  0.6694189     
 0.2250000E-01  0.8380585     
 0.2416667E-01  0.8994140     
 0.2583333E-01  0.8539990     
 0.2750000E-01  0.7304313     
 0.2916667E-01  0.6267729     
 0.3083333E-01  0.6919744     
 0.3250000E-01  0.7284584     
 0.3416666E-01  0.6979597     
 0.3583334E-01  0.5947017     
 0.3750000E-01  0.5407830     
 0.3916667E-01  0.5271806     
 0.4083334E-01  0.5690480     
 0.4250000E-01  0.4558818     
 0.4416666E-01  0.3869380     
 0.4583333E-01  0.3640357     
 0.4750000E-01  0.2977479     
 0.4916666E-01  0.2212011     
 0.5083333E-01  0.1275706     
 0.5250000E-01  0.1210011     
 0.5416667E-01  0.6793404E-01 
 0.5583333E-01  0.1040152     
 0.5750000E-01  0.1253309     
 0.5916666E-01  0.2050809     
 0.6083334E-01  0.2727160     
 0.6250000E-01  0.2951593     
 0.6416667E-01  0.3466250     
 0.6583333E-01  0.3600074     
 0.6750000E-01  0.3448624     
 0.6916667E-01  0.3339434     
 0.7083333E-01  0.2847120     
 0.7250000E-01  0.2256559     
 0.7416667E-01  0.1359139     
 0.7583334E-01  0.8970011E-01 
 0.7749999E-01  0.7773598E-01 
 0.7916667E-01  0.7565626E-01 
 0.8083334E-01  0.1862528     
 0.8250000E-01  0.2227215     
 0.8416667E-01  0.2787386     
 0.8583333E-01  0.2979681     
 0.8750000E-01  0.2824770     
 0.8916666E-01  0.2439759     
 0.9083333E-01  0.1644533     
 0.9250000E-01  0.9579909E-01 
 0.9416667E-01  0.5379035E-01 
 0.9583333E-01  0.8919641E-01 
 0.9750000E-01  0.8802056E-01 
 0.9916665E-01  0.1478135     
 0.1008333      0.2096249     
 0.1025000      0.2369099     
 0.1041667      0.1747031     
 0.1058333      0.1447776     
 0.1075000      0.8026914E-01 
 0.1091667      0.6849538E-01 
 0.1108333      0.6219011E-01 
 0.1125000      0.8782004E-01 
 0.1141667      0.1539603     
 0.1158333      0.1848641     
 0.1175000      0.1668015     
 0.1191667      0.1446698     
 0.1208333      0.5532391E-01 
 0.1225000      0.4660773E-01 
 0.1241667      0.3256816E-01 
 0.1258333      0.1064972     
 0.1275000      0.1358051     
 0.1291667      0.1275447     
 0.1308333      0.1121740     
 0.1325000      0.6478103E-01 
 0.1341667      0.5140811E-01 
 0.1358333      0.7800511E-01 
 0.1375000      0.7086165E-01 
 0.1391667      0.9517112E-01 
 0.1408333      0.9466335E-01 
 0.1425000      0.7666434E-01 
 0.1441667      0.6767064E-01 
 0.1458333      0.4241339E-01 
 0.1475000      0.6047962E-01 
 0.1491667      0.7275426E-01 
 0.1508333      0.9307132E-01 
 0.1525000      0.6119724E-01 
 0.1541667      0.4663577E-01 
 0.1558333      0.5896995E-01 
 0.1575000      0.7145567E-01 
 0.1591667      0.9039037E-01 
 0.1608333      0.7359033E-01 
 0.1625000      0.7835105E-01 
 0.1641667      0.6514996E-01 
 0.1658333      0.3350991E-01 
