# SumMovie FRC for input stack : stack6.mrc
# Number of micrographs: 1
# Number of frames per movie: 50
# Pixel size (A): 3.0000
# 1/(A)          FRC
# -----------------------
# 
# Micrograph 1 of 1. Score: .584
 0.8333334E-03  0.9999999     
 0.2500000E-02  0.9514167     
 0.4166666E-02  0.9316915     
 0.5833333E-02  0.8464118     
 0.7499999E-02  0.8656833     
 0.9166666E-02  0.6749167     
 0.1083333E-01  0.6565271     
 0.1250000E-01  0.8469265     
 0.1416667E-01  0.8852504     
 0.1583333E-01  0.9327457     
 0.1750000E-01  0.8924593     
 0.1916667E-01  0.6012985     
 0.2083333E-01  0.6652892     
 0.2250000E-01  0.8335214     
 0.2416667E-01  0.8959298     
 0.2583333E-01  0.8495938     
 0.2750000E-01  0.7262073     
 0.2916667E-01  0.6234977     
 0.3083333E-01  0.6851422     
 0.3250000E-01  0.7259066     
 0.3416666E-01  0.6918927     
 0.3583334E-01  0.5873336     
 0.3750000E-01  0.5363060     
 0.3916667E-01  0.5200848     
 0.4083334E-01  0.5582296     
 0.4250000E-01  0.4482349     
 0.4416666E-01  0.3773257     
 0.4583333E-01  0.3542719     
 0.4750000E-01  0.2939644     
 0.4916666E-01  0.2186052     
 0.5083333E-01  0.1193384     
 0.5250000E-01  0.1290913     
 0.5416667E-01  0.7575715E-01 
 0.5583333E-01  0.1147644     
 0.5750000E-01  0.1272850     
 0.5916666E-01  0.2123222     
 0.6083334E-01  0.2750933     
 0.6250000E-01  0.2921059     
 0.6416667E-01  0.3471796     
 0.6583333E-01  0.3483145     
 0.6750000E-01  0.3431880     
 0.6916667E-01  0.3217539     
 0.7083333E-01  0.2814050     
 0.7250000E-01  0.2196826     
 0.7416667E-01  0.1354757     
 0.7583334E-01  0.9602045E-01 
 0.7749999E-01  0.8501557E-01 
 0.7916667E-01  0.8114602E-01 
 0.8083334E-01  0.1781564     
 0.8250000E-01  0.2177524     
 0.8416667E-01  0.2726016     
 0.8583333E-01  0.2860169     
 0.8750000E-01  0.2730990     
 0.8916666E-01  0.2406265     
 0.9083333E-01  0.1484406     
 0.9250000E-01  0.1099262     
 0.9416667E-01  0.6110671E-01 
 0.9583333E-01  0.1056085     
 0.9750000E-01  0.1020299     
 0.9916665E-01  0.1498139     
 0.1008333      0.2014464     
 0.1025000      0.2327133     
 0.1041667      0.1743682     
 0.1058333      0.1447659     
 0.1075000      0.8931162E-01 
 0.1091667      0.5186689E-01 
 0.1108333      0.6881926E-01 
 0.1125000      0.9768231E-01 
 0.1141667      0.1618593     
 0.1158333      0.1869429     
 0.1175000      0.1493691     
 0.1191667      0.1377601     
 0.1208333      0.6361919E-01 
 0.1225000      0.5047779E-01 
 0.1241667      0.3630635E-01 
 0.1258333      0.9091248E-01 
 0.1275000      0.1298456     
 0.1291667      0.1289131     
 0.1308333      0.1147603     
 0.1325000      0.5556810E-01 
 0.1341667      0.4643123E-01 
 0.1358333      0.8529214E-01 
 0.1375000      0.6873278E-01 
 0.1391667      0.8447017E-01 
 0.1408333      0.1018450     
 0.1425000      0.8887865E-01 
 0.1441667      0.6825584E-01 
 0.1458333      0.4666982E-01 
 0.1475000      0.7086803E-01 
 0.1491667      0.8340578E-01 
 0.1508333      0.1006114     
 0.1525000      0.6720825E-01 
 0.1541667      0.4139164E-01 
 0.1558333      0.6506039E-01 
 0.1575000      0.6630227E-01 
 0.1591667      0.9248098E-01 
 0.1608333      0.7536957E-01 
 0.1625000      0.6776968E-01 
 0.1641667      0.7361375E-01 
 0.1658333      0.3222324E-01 
