# SumMovie FRC for input stack : stack16.mrc
# Number of micrographs: 1
# Number of frames per movie: 50
# Pixel size (A): 3.0000
# 1/(A)          FRC
# -----------------------
# 
# Micrograph 1 of 1. Score: .532
 0.8333334E-03  0.9999994     
 0.2500000E-02  0.9671003     
 0.4166666E-02  0.9459231     
 0.5833333E-02  0.9113346     
 0.7499999E-02  0.8946792     
 0.9166666E-02  0.8417557     
 0.1083333E-01  0.7730829     
 0.1250000E-01  0.8798177     
 0.1416667E-01  0.9338366     
 0.1583333E-01  0.9645582     
 0.1750000E-01  0.9446411     
 0.1916667E-01  0.7681837     
 0.2083333E-01  0.8026185     
 0.2250000E-01  0.8967499     
 0.2416667E-01  0.9371037     
 0.2583333E-01  0.9286606     
 0.2750000E-01  0.8215317     
 0.2916667E-01  0.6889442     
 0.3083333E-01  0.7382423     
 0.3250000E-01  0.7856238     
 0.3416666E-01  0.7087524     
 0.3583334E-01  0.5782113     
 0.3750000E-01  0.4307899     
 0.3916667E-01  0.3615874     
 0.4083334E-01  0.2967622     
 0.4250000E-01  0.1124135     
 0.4416666E-01  0.1232745     
 0.4583333E-01  0.1007229     
 0.4750000E-01  0.1349770     
 0.4916666E-01  0.2725594     
 0.5083333E-01  0.3402015     
 0.5250000E-01  0.3719997     
 0.5416667E-01  0.3675267     
 0.5583333E-01  0.4155510     
 0.5750000E-01  0.3567659     
 0.5916666E-01  0.2688184     
 0.6083334E-01  0.1872597     
 0.6250000E-01  0.8884889E-01 
 0.6416667E-01  0.1031307     
 0.6583333E-01  0.1429216     
 0.6750000E-01  0.2082013     
 0.6916667E-01  0.3112642     
 0.7083333E-01  0.4035709     
 0.7250000E-01  0.3462748     
 0.7416667E-01  0.2812001     
 0.7583334E-01  0.1720351     
 0.7749999E-01  0.1067263     
 0.7916667E-01  0.9156230E-01 
 0.8083334E-01  0.2475511     
 0.8250000E-01  0.2657755     
 0.8416667E-01  0.3439312     
 0.8583333E-01  0.2891369     
 0.8750000E-01  0.1854255     
 0.8916666E-01  0.1096627     
 0.9083333E-01  0.8077589E-01 
 0.9250000E-01  0.1788951     
 0.9416667E-01  0.2448115     
 0.9583333E-01  0.2732523     
 0.9750000E-01  0.2183229     
 0.9916665E-01  0.1077742     
 0.1008333      0.8085742E-01 
 0.1025000      0.1250606     
 0.1041667      0.1848962     
 0.1058333      0.2338255     
 0.1075000      0.1893310     
 0.1091667      0.1233151     
 0.1108333      0.4885129E-01 
 0.1125000      0.1491945     
 0.1141667      0.1770850     
 0.1158333      0.1787517     
 0.1175000      0.1142643     
 0.1191667      0.7834712E-01 
 0.1208333      0.9200037E-01 
 0.1225000      0.1471908     
 0.1241667      0.1617804     
 0.1258333      0.1165449     
 0.1275000      0.7577940E-01 
 0.1291667      0.8634269E-01 
 0.1308333      0.1419568     
 0.1325000      0.1353876     
 0.1341667      0.9312927E-01 
 0.1358333      0.4911779E-01 
 0.1375000      0.9860991E-01 
 0.1391667      0.1255654     
 0.1408333      0.1154997     
 0.1425000      0.7244741E-01 
 0.1441667      0.8997925E-01 
 0.1458333      0.1110449     
 0.1475000      0.1039786     
 0.1491667      0.8570100E-01 
 0.1508333      0.8798458E-01 
 0.1525000      0.1052460     
 0.1541667      0.9095583E-01 
 0.1558333      0.8005375E-01 
 0.1575000      0.5908068E-01 
 0.1591667      0.9574769E-01 
 0.1608333      0.1006830     
 0.1625000      0.5608139E-01 
 0.1641667      0.5966124E-01 
 0.1658333      0.1404788     
