# SumMovie FRC for input stack : stack11.mrc
# Number of micrographs: 1
# Number of frames per movie: 50
# Pixel size (A): 3.0000
# 1/(A)          FRC
# -----------------------
# 
# Micrograph 1 of 1. Score: .576
 0.8333334E-03  0.9999998     
 0.2500000E-02  0.8504717     
 0.4166666E-02  0.8706058     
 0.5833333E-02  0.8518552     
 0.7499999E-02  0.8576695     
 0.9166666E-02  0.7374498     
 0.1083333E-01  0.6259597     
 0.1250000E-01  0.8531266     
 0.1416667E-01  0.9148200     
 0.1583333E-01  0.9440892     
 0.1750000E-01  0.9078146     
 0.1916667E-01  0.6572309     
 0.2083333E-01  0.7409861     
 0.2250000E-01  0.8760514     
 0.2416667E-01  0.9235070     
 0.2583333E-01  0.8932202     
 0.2750000E-01  0.7452572     
 0.2916667E-01  0.6479982     
 0.3083333E-01  0.7158887     
 0.3250000E-01  0.7754782     
 0.3416666E-01  0.7265780     
 0.3583334E-01  0.5933583     
 0.3750000E-01  0.5292645     
 0.3916667E-01  0.5060095     
 0.4083334E-01  0.5202821     
 0.4250000E-01  0.4049051     
 0.4416666E-01  0.3414086     
 0.4583333E-01  0.2973596     
 0.4750000E-01  0.2208092     
 0.4916666E-01  0.1080232     
 0.5083333E-01  0.7736243E-01 
 0.5250000E-01  0.1377049     
 0.5416667E-01  0.1446557     
 0.5583333E-01  0.2225489     
 0.5750000E-01  0.3003591     
 0.5916666E-01  0.3724669     
 0.6083334E-01  0.3603744     
 0.6250000E-01  0.4143749     
 0.6416667E-01  0.4002787     
 0.6583333E-01  0.3236415     
 0.6750000E-01  0.3046384     
 0.6916667E-01  0.1883090     
 0.7083333E-01  0.1094563     
 0.7250000E-01  0.7876282E-01 
 0.7416667E-01  0.1101140     
 0.7583334E-01  0.2014343     
 0.7749999E-01  0.2760462     
 0.7916667E-01  0.3190314     
 0.8083334E-01  0.3674651     
 0.8250000E-01  0.3290394     
 0.8416667E-01  0.3068134     
 0.8583333E-01  0.2118423     
 0.8750000E-01  0.1002390     
 0.8916666E-01  0.7475093E-01 
 0.9083333E-01  0.1332009     
 0.9250000E-01  0.2324208     
 0.9416667E-01  0.2931083     
 0.9583333E-01  0.3034074     
 0.9750000E-01  0.2647111     
 0.9916665E-01  0.2338841     
 0.1008333      0.1118195     
 0.1025000      0.6399105E-01 
 0.1041667      0.1261872     
 0.1058333      0.2110880     
 0.1075000      0.2350105     
 0.1091667      0.2460141     
 0.1108333      0.2063151     
 0.1125000      0.1461390     
 0.1141667      0.8503559E-01 
 0.1158333      0.9143600E-01 
 0.1175000      0.1567023     
 0.1191667      0.1891155     
 0.1208333      0.1633564     
 0.1225000      0.1420886     
 0.1241667      0.8226737E-01 
 0.1258333      0.8315236E-01 
 0.1275000      0.1017840     
 0.1291667      0.1580083     
 0.1308333      0.1710339     
 0.1325000      0.1767718     
 0.1341667      0.1003987     
 0.1358333      0.5948496E-01 
 0.1375000      0.1169077     
 0.1391667      0.1115083     
 0.1408333      0.1462345     
 0.1425000      0.1129503     
 0.1441667      0.9035326E-01 
 0.1458333      0.7650708E-01 
 0.1475000      0.7124047E-01 
 0.1491667      0.1213257     
 0.1508333      0.1258260     
 0.1525000      0.9757365E-01 
 0.1541667      0.8335141E-01 
 0.1558333      0.8439430E-01 
 0.1575000      0.1301890     
 0.1591667      0.8796483E-01 
 0.1608333      0.8702757E-01 
 0.1625000      0.7096859E-01 
 0.1641667      0.1009397     
 0.1658333      0.1161928     
