# SumMovie FRC for input stack : stack11.mrc
# Number of micrographs: 1
# Number of frames per movie: 50
# Pixel size (A): 3.0000
# 1/(A)          FRC
# -----------------------
# 
# Micrograph 1 of 1. Score: .577
 0.8333334E-03  0.9999998     
 0.2500000E-02  0.8505788     
 0.4166666E-02  0.8708019     
 0.5833333E-02  0.8517786     
 0.7499999E-02  0.8578517     
 0.9166666E-02  0.7378299     
 0.1083333E-01  0.6259372     
 0.1250000E-01  0.8536737     
 0.1416667E-01  0.9152423     
 0.1583333E-01  0.9442030     
 0.1750000E-01  0.9081930     
 0.1916667E-01  0.6559170     
 0.2083333E-01  0.7416633     
 0.2250000E-01  0.8762658     
 0.2416667E-01  0.9244491     
 0.2583333E-01  0.8933913     
 0.2750000E-01  0.7464541     
 0.2916667E-01  0.6512432     
 0.3083333E-01  0.7188944     
 0.3250000E-01  0.7773672     
 0.3416666E-01  0.7304620     
 0.3583334E-01  0.5951996     
 0.3750000E-01  0.5321831     
 0.3916667E-01  0.5098829     
 0.4083334E-01  0.5215518     
 0.4250000E-01  0.4065441     
 0.4416666E-01  0.3423620     
 0.4583333E-01  0.3000584     
 0.4750000E-01  0.2194048     
 0.4916666E-01  0.1056446     
 0.5083333E-01  0.7652065E-01 
 0.5250000E-01  0.1383828     
 0.5416667E-01  0.1456388     
 0.5583333E-01  0.2206198     
 0.5750000E-01  0.3002041     
 0.5916666E-01  0.3804910     
 0.6083334E-01  0.3614995     
 0.6250000E-01  0.4205639     
 0.6416667E-01  0.4045436     
 0.6583333E-01  0.3272882     
 0.6750000E-01  0.3049428     
 0.6916667E-01  0.1840156     
 0.7083333E-01  0.1066374     
 0.7250000E-01  0.7017855E-01 
 0.7416667E-01  0.1091363     
 0.7583334E-01  0.2029057     
 0.7749999E-01  0.2817191     
 0.7916667E-01  0.3219673     
 0.8083334E-01  0.3755377     
 0.8250000E-01  0.3345266     
 0.8416667E-01  0.3137039     
 0.8583333E-01  0.2111023     
 0.8750000E-01  0.1016278     
 0.8916666E-01  0.7058337E-01 
 0.9083333E-01  0.1342984     
 0.9250000E-01  0.2365238     
 0.9416667E-01  0.2936065     
 0.9583333E-01  0.3011738     
 0.9750000E-01  0.2674381     
 0.9916665E-01  0.2249930     
 0.1008333      0.1084523     
 0.1025000      0.4935993E-01 
 0.1041667      0.1169114     
 0.1058333      0.1994580     
 0.1075000      0.2375611     
 0.1091667      0.2391325     
 0.1108333      0.2012716     
 0.1125000      0.1372488     
 0.1141667      0.7093882E-01 
 0.1158333      0.8567560E-01 
 0.1175000      0.1452296     
 0.1191667      0.1809708     
 0.1208333      0.1640529     
 0.1225000      0.1349061     
 0.1241667      0.7620973E-01 
 0.1258333      0.7057361E-01 
 0.1275000      0.9467084E-01 
 0.1291667      0.1472898     
 0.1308333      0.1683498     
 0.1325000      0.1675874     
 0.1341667      0.9121179E-01 
 0.1358333      0.5073589E-01 
 0.1375000      0.1017534     
 0.1391667      0.1045236     
 0.1408333      0.1340021     
 0.1425000      0.1063280     
 0.1441667      0.7526405E-01 
 0.1458333      0.5557910E-01 
 0.1475000      0.5832851E-01 
 0.1491667      0.1168701     
 0.1508333      0.1098062     
 0.1525000      0.8643133E-01 
 0.1541667      0.7095863E-01 
 0.1558333      0.6883539E-01 
 0.1575000      0.1202282     
 0.1591667      0.7618777E-01 
 0.1608333      0.6985575E-01 
 0.1625000      0.6042531E-01 
 0.1641667      0.8051167E-01 
 0.1658333      0.9925368E-01 
