# SumMovie FRC for input stack : stack1.mrc
# Number of micrographs: 1
# Number of frames per movie: 50
# Pixel size (A): 3.0000
# 1/(A)          FRC
# -----------------------
# 
# Micrograph 1 of 1. Score: .532
 0.8333334E-03  0.9999990     
 0.2500000E-02  0.9744507     
 0.4166666E-02  0.9568020     
 0.5833333E-02  0.9214167     
 0.7499999E-02  0.9032803     
 0.9166666E-02  0.7476503     
 0.1083333E-01  0.7185635     
 0.1250000E-01  0.8490153     
 0.1416667E-01  0.9162911     
 0.1583333E-01  0.9185874     
 0.1750000E-01  0.8701476     
 0.1916667E-01  0.6656594     
 0.2083333E-01  0.7544612     
 0.2250000E-01  0.8636959     
 0.2416667E-01  0.8986180     
 0.2583333E-01  0.8656572     
 0.2750000E-01  0.7320333     
 0.2916667E-01  0.6232412     
 0.3083333E-01  0.6977085     
 0.3250000E-01  0.7243992     
 0.3416666E-01  0.6714383     
 0.3583334E-01  0.5318328     
 0.3750000E-01  0.4652426     
 0.3916667E-01  0.4401926     
 0.4083334E-01  0.4434039     
 0.4250000E-01  0.3753742     
 0.4416666E-01  0.2350506     
 0.4583333E-01  0.1325374     
 0.4750000E-01  0.1746823     
 0.4916666E-01  0.8824513E-01 
 0.5083333E-01  0.6880203E-01 
 0.5250000E-01  0.7385522E-01 
 0.5416667E-01  0.1006815     
 0.5583333E-01  0.1822094     
 0.5750000E-01  0.2257277     
 0.5916666E-01  0.3178109     
 0.6083334E-01  0.3235046     
 0.6250000E-01  0.2985844     
 0.6416667E-01  0.2624998     
 0.6583333E-01  0.2506029     
 0.6750000E-01  0.1507130     
 0.6916667E-01  0.1105719     
 0.7083333E-01  0.8039562E-01 
 0.7250000E-01  0.5803294E-01 
 0.7416667E-01  0.8587628E-01 
 0.7583334E-01  0.1497261     
 0.7749999E-01  0.2271301     
 0.7916667E-01  0.2908115     
 0.8083334E-01  0.2715418     
 0.8250000E-01  0.2622681     
 0.8416667E-01  0.1945584     
 0.8583333E-01  0.1120005     
 0.8750000E-01  0.5423029E-01 
 0.8916666E-01  0.4927500E-01 
 0.9083333E-01  0.1171550     
 0.9250000E-01  0.1713823     
 0.9416667E-01  0.2215545     
 0.9583333E-01  0.2336648     
 0.9750000E-01  0.1755273     
 0.9916665E-01  0.1195217     
 0.1008333      0.6936510E-01 
 0.1025000      0.6210810E-01 
 0.1041667      0.8188571E-01 
 0.1058333      0.1478446     
 0.1075000      0.1530697     
 0.1091667      0.1599397     
 0.1108333      0.1089349     
 0.1125000      0.1280965     
 0.1141667      0.5644619E-01 
 0.1158333      0.4005788E-01 
 0.1175000      0.8757429E-01 
 0.1191667      0.1123264     
 0.1208333      0.1058480     
 0.1225000      0.1016832     
 0.1241667      0.6391632E-01 
 0.1258333      0.3904972E-01 
 0.1275000      0.5787145E-01 
 0.1291667      0.9689694E-01 
 0.1308333      0.1209080     
 0.1325000      0.7215584E-01 
 0.1341667      0.3649350E-01 
 0.1358333      0.3390811E-01 
 0.1375000      0.7640880E-01 
 0.1391667      0.7503521E-01 
 0.1408333      0.7454018E-01 
 0.1425000      0.6114805E-01 
 0.1441667      0.2810522E-01 
 0.1458333      0.4559453E-01 
 0.1475000      0.7589561E-01 
 0.1491667      0.6362221E-01 
 0.1508333      0.6975329E-01 
 0.1525000      0.4512747E-01 
 0.1541667      0.4586644E-01 
 0.1558333      0.5255903E-01 
 0.1575000      0.4917524E-01 
 0.1591667      0.1318857E-01 
 0.1608333      0.5654468E-01 
 0.1625000      0.5176331E-01 
 0.1641667      0.5062842E-01 
 0.1658333      0.2190939E-01 
