# SumMovie FRC for input stack : stack16.mrc
# Number of micrographs: 1
# Number of frames per movie: 50
# Pixel size (A): 3.0000
# 1/(A)          FRC
# -----------------------
# 
# Micrograph 1 of 1. Score: .538
 0.8333334E-03  0.9999994     
 0.2500000E-02  0.9672209     
 0.4166666E-02  0.9454278     
 0.5833333E-02  0.9120679     
 0.7499999E-02  0.8964832     
 0.9166666E-02  0.8416315     
 0.1083333E-01  0.7768048     
 0.1250000E-01  0.8840346     
 0.1416667E-01  0.9355153     
 0.1583333E-01  0.9656214     
 0.1750000E-01  0.9458970     
 0.1916667E-01  0.7765219     
 0.2083333E-01  0.8029132     
 0.2250000E-01  0.9024509     
 0.2416667E-01  0.9435213     
 0.2583333E-01  0.9341255     
 0.2750000E-01  0.8305975     
 0.2916667E-01  0.7051419     
 0.3083333E-01  0.7542593     
 0.3250000E-01  0.7966212     
 0.3416666E-01  0.7330651     
 0.3583334E-01  0.6087645     
 0.3750000E-01  0.4392046     
 0.3916667E-01  0.3790266     
 0.4083334E-01  0.2913972     
 0.4250000E-01  0.1221932     
 0.4416666E-01  0.1181406     
 0.4583333E-01  0.8285807E-01 
 0.4750000E-01  0.1475085     
 0.4916666E-01  0.2681223     
 0.5083333E-01  0.3443217     
 0.5250000E-01  0.3893791     
 0.5416667E-01  0.3824289     
 0.5583333E-01  0.4240212     
 0.5750000E-01  0.3620568     
 0.5916666E-01  0.2765009     
 0.6083334E-01  0.1856981     
 0.6250000E-01  0.7845186E-01 
 0.6416667E-01  0.1020841     
 0.6583333E-01  0.1377036     
 0.6750000E-01  0.2073014     
 0.6916667E-01  0.3150510     
 0.7083333E-01  0.4057669     
 0.7250000E-01  0.3728218     
 0.7416667E-01  0.3074618     
 0.7583334E-01  0.1806876     
 0.7749999E-01  0.1180835     
 0.7916667E-01  0.9235600E-01 
 0.8083334E-01  0.2486535     
 0.8250000E-01  0.2750145     
 0.8416667E-01  0.3591611     
 0.8583333E-01  0.3014141     
 0.8750000E-01  0.1827536     
 0.8916666E-01  0.1196012     
 0.9083333E-01  0.7787603E-01 
 0.9250000E-01  0.1839688     
 0.9416667E-01  0.2606993     
 0.9583333E-01  0.2796548     
 0.9750000E-01  0.2066694     
 0.9916665E-01  0.9511606E-01 
 0.1008333      0.5626755E-01 
 0.1025000      0.1194913     
 0.1041667      0.1911125     
 0.1058333      0.2392209     
 0.1075000      0.1776338     
 0.1091667      0.1084576     
 0.1108333      0.5513354E-01 
 0.1125000      0.1372585     
 0.1141667      0.1965344     
 0.1158333      0.1876753     
 0.1175000      0.1106285     
 0.1191667      0.4670639E-01 
 0.1208333      0.8803575E-01 
 0.1225000      0.1551521     
 0.1241667      0.1734595     
 0.1258333      0.1071401     
 0.1275000      0.6489111E-01 
 0.1291667      0.8632945E-01 
 0.1308333      0.1195517     
 0.1325000      0.1339332     
 0.1341667      0.6362621E-01 
 0.1358333      0.4408317E-01 
 0.1375000      0.1118954     
 0.1391667      0.1343920     
 0.1408333      0.9265339E-01 
 0.1425000      0.7420764E-01 
 0.1441667      0.7273918E-01 
 0.1458333      0.1130003     
 0.1475000      0.9242837E-01 
 0.1491667      0.6189638E-01 
 0.1508333      0.7085048E-01 
 0.1525000      0.1001042     
 0.1541667      0.8373363E-01 
 0.1558333      0.7508303E-01 
 0.1575000      0.4231123E-01 
 0.1591667      0.8244254E-01 
 0.1608333      0.8449852E-01 
 0.1625000      0.4163428E-01 
 0.1641667      0.6338182E-01 
 0.1658333      0.1285239     
