# SumMovie FRC for input stack : stack11.mrc
# Number of micrographs: 1
# Number of frames per movie: 50
# Pixel size (A): 3.0000
# 1/(A)          FRC
# -----------------------
# 
# Micrograph 1 of 1. Score: .568
 0.8333334E-03  0.9999998     
 0.2500000E-02  0.8499860     
 0.4166666E-02  0.8700498     
 0.5833333E-02  0.8519397     
 0.7499999E-02  0.8571624     
 0.9166666E-02  0.7361685     
 0.1083333E-01  0.6257073     
 0.1250000E-01  0.8513808     
 0.1416667E-01  0.9135797     
 0.1583333E-01  0.9435784     
 0.1750000E-01  0.9064301     
 0.1916667E-01  0.6586789     
 0.2083333E-01  0.7374736     
 0.2250000E-01  0.8739994     
 0.2416667E-01  0.9202135     
 0.2583333E-01  0.8910995     
 0.2750000E-01  0.7387148     
 0.2916667E-01  0.6348629     
 0.3083333E-01  0.7056043     
 0.3250000E-01  0.7671227     
 0.3416666E-01  0.7139665     
 0.3583334E-01  0.5843866     
 0.3750000E-01  0.5164119     
 0.3916667E-01  0.4912529     
 0.4083334E-01  0.5106674     
 0.4250000E-01  0.3960496     
 0.4416666E-01  0.3311377     
 0.4583333E-01  0.2817213     
 0.4750000E-01  0.2187618     
 0.4916666E-01  0.1064256     
 0.5083333E-01  0.7504331E-01 
 0.5250000E-01  0.1350142     
 0.5416667E-01  0.1318150     
 0.5583333E-01  0.2202183     
 0.5750000E-01  0.2903971     
 0.5916666E-01  0.3491858     
 0.6083334E-01  0.3489405     
 0.6250000E-01  0.3861912     
 0.6416667E-01  0.3788889     
 0.6583333E-01  0.2951953     
 0.6750000E-01  0.2892518     
 0.6916667E-01  0.1868258     
 0.7083333E-01  0.1102081     
 0.7250000E-01  0.8760810E-01 
 0.7416667E-01  0.1078212     
 0.7583334E-01  0.1903409     
 0.7749999E-01  0.2566210     
 0.7916667E-01  0.3022338     
 0.8083334E-01  0.3378174     
 0.8250000E-01  0.3083279     
 0.8416667E-01  0.2830783     
 0.8583333E-01  0.1971735     
 0.8750000E-01  0.8972257E-01 
 0.8916666E-01  0.7599961E-01 
 0.9083333E-01  0.1272742     
 0.9250000E-01  0.2125515     
 0.9416667E-01  0.2730164     
 0.9583333E-01  0.2994002     
 0.9750000E-01  0.2454902     
 0.9916665E-01  0.2264145     
 0.1008333      0.1135568     
 0.1025000      0.8519612E-01 
 0.1041667      0.1431611     
 0.1058333      0.2131027     
 0.1075000      0.2042395     
 0.1091667      0.2431049     
 0.1108333      0.2063458     
 0.1125000      0.1528921     
 0.1141667      0.1019515     
 0.1158333      0.9105312E-01 
 0.1175000      0.1614285     
 0.1191667      0.1906866     
 0.1208333      0.1653189     
 0.1225000      0.1448893     
 0.1241667      0.9257275E-01 
 0.1258333      0.1048504     
 0.1275000      0.1127421     
 0.1291667      0.1645489     
 0.1308333      0.1559409     
 0.1325000      0.1840057     
 0.1341667      0.1107453     
 0.1358333      0.7228828E-01 
 0.1375000      0.1313488     
 0.1391667      0.1134842     
 0.1408333      0.1451198     
 0.1425000      0.1126110     
 0.1441667      0.1173674     
 0.1458333      0.1034585     
 0.1475000      0.1059149     
 0.1491667      0.1148804     
 0.1508333      0.1508831     
 0.1525000      0.1056189     
 0.1541667      0.9519532E-01 
 0.1558333      0.1159436     
 0.1575000      0.1460609     
 0.1591667      0.1076954     
 0.1608333      0.1200853     
 0.1625000      0.9997208E-01 
 0.1641667      0.1232697     
 0.1658333      0.1474671     
