# SumMovie FRC for input stack : stack11.mrc
# Number of micrographs: 1
# Number of frames per movie: 50
# Pixel size (A): 3.0000
# 1/(A)          FRC
# -----------------------
# 
# Micrograph 1 of 1. Score: .570
 0.8333334E-03  0.9999998     
 0.2500000E-02  0.8500700     
 0.4166666E-02  0.8701550     
 0.5833333E-02  0.8519623     
 0.7499999E-02  0.8572680     
 0.9166666E-02  0.7364244     
 0.1083333E-01  0.6257513     
 0.1250000E-01  0.8516986     
 0.1416667E-01  0.9137769     
 0.1583333E-01  0.9436804     
 0.1750000E-01  0.9066716     
 0.1916667E-01  0.6586350     
 0.2083333E-01  0.7381431     
 0.2250000E-01  0.8744502     
 0.2416667E-01  0.9208108     
 0.2583333E-01  0.8915768     
 0.2750000E-01  0.7399001     
 0.2916667E-01  0.6372491     
 0.3083333E-01  0.7073144     
 0.3250000E-01  0.7686049     
 0.3416666E-01  0.7160872     
 0.3583334E-01  0.5861951     
 0.3750000E-01  0.5186461     
 0.3916667E-01  0.4940529     
 0.4083334E-01  0.5128962     
 0.4250000E-01  0.3980353     
 0.4416666E-01  0.3333580     
 0.4583333E-01  0.2846794     
 0.4750000E-01  0.2197953     
 0.4916666E-01  0.1073109     
 0.5083333E-01  0.7574940E-01 
 0.5250000E-01  0.1361435     
 0.5416667E-01  0.1349780     
 0.5583333E-01  0.2211622     
 0.5750000E-01  0.2930327     
 0.5916666E-01  0.3528258     
 0.6083334E-01  0.3510936     
 0.6250000E-01  0.3918228     
 0.6416667E-01  0.3828900     
 0.6583333E-01  0.3003923     
 0.6750000E-01  0.2928370     
 0.6916667E-01  0.1879713     
 0.7083333E-01  0.1110062     
 0.7250000E-01  0.8706090E-01 
 0.7416667E-01  0.1087127     
 0.7583334E-01  0.1929975     
 0.7749999E-01  0.2599100     
 0.7916667E-01  0.3056000     
 0.8083334E-01  0.3428302     
 0.8250000E-01  0.3121744     
 0.8416667E-01  0.2867610     
 0.8583333E-01  0.2004626     
 0.8750000E-01  0.9192647E-01 
 0.8916666E-01  0.7711688E-01 
 0.9083333E-01  0.1284110     
 0.9250000E-01  0.2156671     
 0.9416667E-01  0.2776105     
 0.9583333E-01  0.3010826     
 0.9750000E-01  0.2494421     
 0.9916665E-01  0.2300763     
 0.1008333      0.1131035     
 0.1025000      0.8438030E-01 
 0.1041667      0.1419281     
 0.1058333      0.2155450     
 0.1075000      0.2106490     
 0.1091667      0.2460093     
 0.1108333      0.2077892     
 0.1125000      0.1530586     
 0.1141667      0.1014762     
 0.1158333      0.9281389E-01 
 0.1175000      0.1634075     
 0.1191667      0.1920528     
 0.1208333      0.1649015     
 0.1225000      0.1457899     
 0.1241667      0.9285461E-01 
 0.1258333      0.1039704     
 0.1275000      0.1128899     
 0.1291667      0.1651258     
 0.1308333      0.1591656     
 0.1325000      0.1846685     
 0.1341667      0.1107927     
 0.1358333      0.7121039E-01 
 0.1375000      0.1316266     
 0.1391667      0.1146822     
 0.1408333      0.1494702     
 0.1425000      0.1145106     
 0.1441667      0.1164964     
 0.1458333      0.1028656     
 0.1475000      0.1028824     
 0.1491667      0.1175704     
 0.1508333      0.1500040     
 0.1525000      0.1073207     
 0.1541667      0.9686532E-01 
 0.1558333      0.1146518     
 0.1575000      0.1458721     
 0.1591667      0.1075029     
 0.1608333      0.1199181     
 0.1625000      0.9843660E-01 
 0.1641667      0.1246214     
 0.1658333      0.1446330     
