# SumMovie FRC for input stack : stack16.mrc
# Number of micrographs: 1
# Number of frames per movie: 50
# Pixel size (A): 3.0000
# 1/(A)          FRC
# -----------------------
# 
# Micrograph 1 of 1. Score: .538
 0.8333334E-03  0.9999994     
 0.2500000E-02  0.9672164     
 0.4166666E-02  0.9454095     
 0.5833333E-02  0.9120393     
 0.7499999E-02  0.8965448     
 0.9166666E-02  0.8415813     
 0.1083333E-01  0.7766961     
 0.1250000E-01  0.8839775     
 0.1416667E-01  0.9355379     
 0.1583333E-01  0.9656504     
 0.1750000E-01  0.9459237     
 0.1916667E-01  0.7767462     
 0.2083333E-01  0.8028912     
 0.2250000E-01  0.9023170     
 0.2416667E-01  0.9433763     
 0.2583333E-01  0.9340631     
 0.2750000E-01  0.8305550     
 0.2916667E-01  0.7051983     
 0.3083333E-01  0.7539556     
 0.3250000E-01  0.7966940     
 0.3416666E-01  0.7329623     
 0.3583334E-01  0.6077508     
 0.3750000E-01  0.4393803     
 0.3916667E-01  0.3793537     
 0.4083334E-01  0.2924558     
 0.4250000E-01  0.1231530     
 0.4416666E-01  0.1198431     
 0.4583333E-01  0.8388085E-01 
 0.4750000E-01  0.1479059     
 0.4916666E-01  0.2692036     
 0.5083333E-01  0.3446605     
 0.5250000E-01  0.3906809     
 0.5416667E-01  0.3825136     
 0.5583333E-01  0.4239009     
 0.5750000E-01  0.3615891     
 0.5916666E-01  0.2777033     
 0.6083334E-01  0.1849766     
 0.6250000E-01  0.8130362E-01 
 0.6416667E-01  0.1044931     
 0.6583333E-01  0.1396935     
 0.6750000E-01  0.2100480     
 0.6916667E-01  0.3140585     
 0.7083333E-01  0.4064231     
 0.7250000E-01  0.3724180     
 0.7416667E-01  0.3082891     
 0.7583334E-01  0.1814328     
 0.7749999E-01  0.1195956     
 0.7916667E-01  0.9438624E-01 
 0.8083334E-01  0.2502953     
 0.8250000E-01  0.2766978     
 0.8416667E-01  0.3612531     
 0.8583333E-01  0.3019219     
 0.8750000E-01  0.1881227     
 0.8916666E-01  0.1193247     
 0.9083333E-01  0.7922336E-01 
 0.9250000E-01  0.1867852     
 0.9416667E-01  0.2611261     
 0.9583333E-01  0.2817833     
 0.9750000E-01  0.2123466     
 0.9916665E-01  0.9957207E-01 
 0.1008333      0.6111122E-01 
 0.1025000      0.1217159     
 0.1041667      0.1920884     
 0.1058333      0.2424303     
 0.1075000      0.1813223     
 0.1091667      0.1107439     
 0.1108333      0.5864324E-01 
 0.1125000      0.1418491     
 0.1141667      0.1980581     
 0.1158333      0.1901026     
 0.1175000      0.1122883     
 0.1191667      0.4877372E-01 
 0.1208333      0.9339515E-01 
 0.1225000      0.1587120     
 0.1241667      0.1755401     
 0.1258333      0.1077822     
 0.1275000      0.6735208E-01 
 0.1291667      0.8786392E-01 
 0.1308333      0.1200657     
 0.1325000      0.1347400     
 0.1341667      0.6987114E-01 
 0.1358333      0.4452636E-01 
 0.1375000      0.1140556     
 0.1391667      0.1359039     
 0.1408333      0.9520646E-01 
 0.1425000      0.7692491E-01 
 0.1441667      0.7708375E-01 
 0.1458333      0.1159031     
 0.1475000      0.9703279E-01 
 0.1491667      0.6677641E-01 
 0.1508333      0.7110000E-01 
 0.1525000      0.1017575     
 0.1541667      0.8417591E-01 
 0.1558333      0.7642677E-01 
 0.1575000      0.4720999E-01 
 0.1591667      0.8564948E-01 
 0.1608333      0.8945084E-01 
 0.1625000      0.4501878E-01 
 0.1641667      0.6469938E-01 
 0.1658333      0.1325550     
