# SumMovie FRC for input stack : stack11.mrc
# Number of micrographs: 1
# Number of frames per movie: 50
# Pixel size (A): 3.0000
# 1/(A)          FRC
# -----------------------
# 
# Micrograph 1 of 1. Score: .575
 0.8333334E-03  0.9999998     
 0.2500000E-02  0.8504148     
 0.4166666E-02  0.8705285     
 0.5833333E-02  0.8518940     
 0.7499999E-02  0.8575721     
 0.9166666E-02  0.7372106     
 0.1083333E-01  0.6258855     
 0.1250000E-01  0.8528087     
 0.1416667E-01  0.9145722     
 0.1583333E-01  0.9439855     
 0.1750000E-01  0.9075934     
 0.1916667E-01  0.6575438     
 0.2083333E-01  0.7404320     
 0.2250000E-01  0.8758163     
 0.2416667E-01  0.9229373     
 0.2583333E-01  0.8929881     
 0.2750000E-01  0.7439986     
 0.2916667E-01  0.6457316     
 0.3083333E-01  0.7141536     
 0.3250000E-01  0.7741324     
 0.3416666E-01  0.7242942     
 0.3583334E-01  0.5920447     
 0.3750000E-01  0.5274764     
 0.3916667E-01  0.5037217     
 0.4083334E-01  0.5197670     
 0.4250000E-01  0.4039200     
 0.4416666E-01  0.3402914     
 0.4583333E-01  0.2951617     
 0.4750000E-01  0.2209215     
 0.4916666E-01  0.1083990     
 0.5083333E-01  0.7671625E-01 
 0.5250000E-01  0.1380206     
 0.5416667E-01  0.1427073     
 0.5583333E-01  0.2228162     
 0.5750000E-01  0.2996261     
 0.5916666E-01  0.3685272     
 0.6083334E-01  0.3587425     
 0.6250000E-01  0.4108197     
 0.6416667E-01  0.3968516     
 0.6583333E-01  0.3199126     
 0.6750000E-01  0.3033457     
 0.6916667E-01  0.1899886     
 0.7083333E-01  0.1105852     
 0.7250000E-01  0.8117031E-01 
 0.7416667E-01  0.1105830     
 0.7583334E-01  0.2011337     
 0.7749999E-01  0.2733899     
 0.7916667E-01  0.3173144     
 0.8083334E-01  0.3630050     
 0.8250000E-01  0.3260835     
 0.8416667E-01  0.3031126     
 0.8583333E-01  0.2108572     
 0.8750000E-01  0.9949709E-01 
 0.8916666E-01  0.7577802E-01 
 0.9083333E-01  0.1325712     
 0.9250000E-01  0.2292123     
 0.9416667E-01  0.2926151     
 0.9583333E-01  0.3034498     
 0.9750000E-01  0.2621965     
 0.9916665E-01  0.2365340     
 0.1008333      0.1120667     
 0.1025000      0.7089037E-01 
 0.1041667      0.1306725     
 0.1058333      0.2143395     
 0.1075000      0.2305093     
 0.1091667      0.2487696     
 0.1108333      0.2073445     
 0.1125000      0.1490978     
 0.1141667      0.9012328E-01 
 0.1158333      0.9336937E-01 
 0.1175000      0.1602634     
 0.1191667      0.1911539     
 0.1208333      0.1635064     
 0.1225000      0.1449381     
 0.1241667      0.8700103E-01 
 0.1258333      0.8955653E-01 
 0.1275000      0.1045298     
 0.1291667      0.1621154     
 0.1308333      0.1694848     
 0.1325000      0.1792869     
 0.1341667      0.1040477     
 0.1358333      0.6311176E-01 
 0.1375000      0.1233944     
 0.1391667      0.1142288     
 0.1408333      0.1513553     
 0.1425000      0.1157969     
 0.1441667      0.9853148E-01 
 0.1458333      0.8547462E-01 
 0.1475000      0.7944723E-01 
 0.1491667      0.1209015     
 0.1508333      0.1338331     
 0.1525000      0.1023016     
 0.1541667      0.8863926E-01 
 0.1558333      0.9402139E-01 
 0.1575000      0.1351795     
 0.1591667      0.9375544E-01 
 0.1608333      0.9620402E-01 
 0.1625000      0.7912194E-01 
 0.1641667      0.1095638     
 0.1658333      0.1255251     
