# SumMovie FRC for input stack : stack6.mrc
# Number of micrographs: 1
# Number of frames per movie: 50
# Pixel size (A): 3.0000
# 1/(A)          FRC
# -----------------------
# 
# Micrograph 1 of 1. Score: .563
 0.8333334E-03  0.9999998     
 0.2500000E-02  0.9512972     
 0.4166666E-02  0.9316358     
 0.5833333E-02  0.8460371     
 0.7499999E-02  0.8642461     
 0.9166666E-02  0.6705644     
 0.1083333E-01  0.6517827     
 0.1250000E-01  0.8449047     
 0.1416667E-01  0.8806986     
 0.1583333E-01  0.9292908     
 0.1750000E-01  0.8886300     
 0.1916667E-01  0.5978007     
 0.2083333E-01  0.6550542     
 0.2250000E-01  0.8215783     
 0.2416667E-01  0.8862068     
 0.2583333E-01  0.8363115     
 0.2750000E-01  0.7116651     
 0.2916667E-01  0.6021122     
 0.3083333E-01  0.6600881     
 0.3250000E-01  0.7027973     
 0.3416666E-01  0.6717888     
 0.3583334E-01  0.5607775     
 0.3750000E-01  0.5039319     
 0.3916667E-01  0.4864011     
 0.4083334E-01  0.5120358     
 0.4250000E-01  0.4217550     
 0.4416666E-01  0.3592034     
 0.4583333E-01  0.3182736     
 0.4750000E-01  0.2757386     
 0.4916666E-01  0.2017432     
 0.5083333E-01  0.1186404     
 0.5250000E-01  0.1488822     
 0.5416667E-01  0.9389118E-01 
 0.5583333E-01  0.1383778     
 0.5750000E-01  0.1289150     
 0.5916666E-01  0.1967599     
 0.6083334E-01  0.2528573     
 0.6250000E-01  0.2807920     
 0.6416667E-01  0.3099217     
 0.6583333E-01  0.3091167     
 0.6750000E-01  0.3189452     
 0.6916667E-01  0.3080501     
 0.7083333E-01  0.2516250     
 0.7250000E-01  0.2076920     
 0.7416667E-01  0.1472017     
 0.7583334E-01  0.1028464     
 0.7749999E-01  0.8574753E-01 
 0.7916667E-01  0.1076759     
 0.8083334E-01  0.1691865     
 0.8250000E-01  0.2052831     
 0.8416667E-01  0.2512753     
 0.8583333E-01  0.2762653     
 0.8750000E-01  0.2508026     
 0.8916666E-01  0.2590000     
 0.9083333E-01  0.1289562     
 0.9250000E-01  0.1365582     
 0.9416667E-01  0.9164876E-01 
 0.9583333E-01  0.1367619     
 0.9750000E-01  0.1406784     
 0.9916665E-01  0.1724142     
 0.1008333      0.1867787     
 0.1025000      0.2028917     
 0.1041667      0.2003197     
 0.1058333      0.1378108     
 0.1075000      0.1182633     
 0.1091667      0.7514656E-01 
 0.1108333      0.9100105E-01 
 0.1125000      0.1462895     
 0.1141667      0.1636927     
 0.1158333      0.2012463     
 0.1175000      0.1708762     
 0.1191667      0.1488651     
 0.1208333      0.1214963     
 0.1225000      0.8846613E-01 
 0.1241667      0.1148531     
 0.1258333      0.1127536     
 0.1275000      0.1672848     
 0.1291667      0.1505905     
 0.1308333      0.1599535     
 0.1325000      0.8464175E-01 
 0.1341667      0.7985346E-01 
 0.1358333      0.1215571     
 0.1375000      0.1113830     
 0.1391667      0.1115537     
 0.1408333      0.1382965     
 0.1425000      0.1114545     
 0.1441667      0.1015802     
 0.1458333      0.9977294E-01 
 0.1475000      0.1220180     
 0.1491667      0.1387450     
 0.1508333      0.1468554     
 0.1525000      0.1273292     
 0.1541667      0.8615569E-01 
 0.1558333      0.1188046     
 0.1575000      0.1077094     
 0.1591667      0.1270368     
 0.1608333      0.1427002     
 0.1625000      0.1104774     
 0.1641667      0.9954620E-01 
 0.1658333      0.8743886E-01 
