# SumMovie FRC for input stack : stack11.mrc
# Number of micrographs: 1
# Number of frames per movie: 50
# Pixel size (A): 3.0000
# 1/(A)          FRC
# -----------------------
# 
# Micrograph 1 of 1. Score: .577
 0.8333334E-03  0.9999998     
 0.2500000E-02  0.8506284     
 0.4166666E-02  0.8709310     
 0.5833333E-02  0.8516111     
 0.7499999E-02  0.8579403     
 0.9166666E-02  0.7374767     
 0.1083333E-01  0.6258974     
 0.1250000E-01  0.8539379     
 0.1416667E-01  0.9155071     
 0.1583333E-01  0.9441679     
 0.1750000E-01  0.9083301     
 0.1916667E-01  0.6543006     
 0.2083333E-01  0.7417938     
 0.2250000E-01  0.8761959     
 0.2416667E-01  0.9248895     
 0.2583333E-01  0.8934646     
 0.2750000E-01  0.7466682     
 0.2916667E-01  0.6524135     
 0.3083333E-01  0.7204688     
 0.3250000E-01  0.7780337     
 0.3416666E-01  0.7321751     
 0.3583334E-01  0.5954316     
 0.3750000E-01  0.5331202     
 0.3916667E-01  0.5112585     
 0.4083334E-01  0.5213862     
 0.4250000E-01  0.4082282     
 0.4416666E-01  0.3430429     
 0.4583333E-01  0.3002387     
 0.4750000E-01  0.2171806     
 0.4916666E-01  0.1030949     
 0.5083333E-01  0.7393170E-01 
 0.5250000E-01  0.1381033     
 0.5416667E-01  0.1444314     
 0.5583333E-01  0.2166042     
 0.5750000E-01  0.3000359     
 0.5916666E-01  0.3842750     
 0.6083334E-01  0.3613267     
 0.6250000E-01  0.4235473     
 0.6416667E-01  0.4059039     
 0.6583333E-01  0.3295166     
 0.6750000E-01  0.3045336     
 0.6916667E-01  0.1830399     
 0.7083333E-01  0.1070291     
 0.7250000E-01  0.6358964E-01 
 0.7416667E-01  0.1101514     
 0.7583334E-01  0.2001708     
 0.7749999E-01  0.2848323     
 0.7916667E-01  0.3255807     
 0.8083334E-01  0.3798389     
 0.8250000E-01  0.3375907     
 0.8416667E-01  0.3173736     
 0.8583333E-01  0.2070413     
 0.8750000E-01  0.1012674     
 0.8916666E-01  0.6536364E-01 
 0.9083333E-01  0.1343307     
 0.9250000E-01  0.2405026     
 0.9416667E-01  0.2910600     
 0.9583333E-01  0.2976752     
 0.9750000E-01  0.2680028     
 0.9916665E-01  0.2180970     
 0.1008333      0.1051132     
 0.1025000      0.3733237E-01 
 0.1041667      0.1099757     
 0.1058333      0.1893020     
 0.1075000      0.2370089     
 0.1091667      0.2344076     
 0.1108333      0.1985197     
 0.1125000      0.1302639     
 0.1141667      0.5972816E-01 
 0.1158333      0.8026280E-01 
 0.1175000      0.1384039     
 0.1191667      0.1692853     
 0.1208333      0.1628945     
 0.1225000      0.1325609     
 0.1241667      0.7170281E-01 
 0.1258333      0.6217060E-01 
 0.1275000      0.8718424E-01 
 0.1291667      0.1416925     
 0.1308333      0.1677427     
 0.1325000      0.1618569     
 0.1341667      0.8560114E-01 
 0.1358333      0.4919755E-01 
 0.1375000      0.8905888E-01 
 0.1391667      0.9950799E-01 
 0.1408333      0.1291901     
 0.1425000      0.9917320E-01 
 0.1441667      0.6633775E-01 
 0.1458333      0.4211003E-01 
 0.1475000      0.5579754E-01 
 0.1491667      0.1109619     
 0.1508333      0.9762238E-01 
 0.1525000      0.7947684E-01 
 0.1541667      0.6296725E-01 
 0.1558333      0.6089563E-01 
 0.1575000      0.1144265     
 0.1591667      0.7047883E-01 
 0.1608333      0.6076993E-01 
 0.1625000      0.5533312E-01 
 0.1641667      0.6895430E-01 
 0.1658333      0.9304872E-01 
