# SumMovie FRC for input stack : stack16.mrc
# Number of micrographs: 1
# Number of frames per movie: 50
# Pixel size (A): 3.0000
# 1/(A)          FRC
# -----------------------
# 
# Micrograph 1 of 1. Score: .527
 0.8333334E-03  0.9999994     
 0.2500000E-02  0.9669588     
 0.4166666E-02  0.9458913     
 0.5833333E-02  0.9108357     
 0.7499999E-02  0.8942387     
 0.9166666E-02  0.8409451     
 0.1083333E-01  0.7711399     
 0.1250000E-01  0.8781197     
 0.1416667E-01  0.9331437     
 0.1583333E-01  0.9634843     
 0.1750000E-01  0.9432141     
 0.1916667E-01  0.7635584     
 0.2083333E-01  0.7990316     
 0.2250000E-01  0.8914867     
 0.2416667E-01  0.9333642     
 0.2583333E-01  0.9240423     
 0.2750000E-01  0.8116482     
 0.2916667E-01  0.6768242     
 0.3083333E-01  0.7293485     
 0.3250000E-01  0.7743602     
 0.3416666E-01  0.6949901     
 0.3583334E-01  0.5522235     
 0.3750000E-01  0.4238597     
 0.3916667E-01  0.3583306     
 0.4083334E-01  0.2932416     
 0.4250000E-01  0.1150043     
 0.4416666E-01  0.1227431     
 0.4583333E-01  0.1075329     
 0.4750000E-01  0.1371106     
 0.4916666E-01  0.2687902     
 0.5083333E-01  0.3269630     
 0.5250000E-01  0.3539023     
 0.5416667E-01  0.3546346     
 0.5583333E-01  0.4016877     
 0.5750000E-01  0.3395307     
 0.5916666E-01  0.2606631     
 0.6083334E-01  0.1699298     
 0.6250000E-01  0.9148429E-01 
 0.6416667E-01  0.1157758     
 0.6583333E-01  0.1401413     
 0.6750000E-01  0.1856279     
 0.6916667E-01  0.2946198     
 0.7083333E-01  0.3827910     
 0.7250000E-01  0.3296286     
 0.7416667E-01  0.2652424     
 0.7583334E-01  0.1615396     
 0.7749999E-01  0.1127249     
 0.7916667E-01  0.9192356E-01 
 0.8083334E-01  0.2424615     
 0.8250000E-01  0.2416715     
 0.8416667E-01  0.3204302     
 0.8583333E-01  0.2738585     
 0.8750000E-01  0.1825577     
 0.8916666E-01  0.1175194     
 0.9083333E-01  0.9913024E-01 
 0.9250000E-01  0.1840539     
 0.9416667E-01  0.2380556     
 0.9583333E-01  0.2493373     
 0.9750000E-01  0.2028509     
 0.9916665E-01  0.1294351     
 0.1008333      0.1103772     
 0.1025000      0.1337395     
 0.1041667      0.1880220     
 0.1058333      0.2236242     
 0.1075000      0.1852907     
 0.1091667      0.1287503     
 0.1108333      0.6885832E-01 
 0.1125000      0.1539970     
 0.1141667      0.1834522     
 0.1158333      0.1731099     
 0.1175000      0.1362825     
 0.1191667      0.8797792E-01 
 0.1208333      0.1171352     
 0.1225000      0.1504149     
 0.1241667      0.1730715     
 0.1258333      0.1287961     
 0.1275000      0.9236306E-01 
 0.1291667      0.1158764     
 0.1308333      0.1382131     
 0.1325000      0.1366025     
 0.1341667      0.1119738     
 0.1358333      0.7287681E-01 
 0.1375000      0.1292857     
 0.1391667      0.1370099     
 0.1408333      0.1415399     
 0.1425000      0.9924013E-01 
 0.1441667      0.1201601     
 0.1458333      0.1203665     
 0.1475000      0.1171956     
 0.1491667      0.1229887     
 0.1508333      0.9737240E-01 
 0.1525000      0.1309936     
 0.1541667      0.1160763     
 0.1558333      0.9860701E-01 
 0.1575000      0.9582935E-01 
 0.1591667      0.1084676     
 0.1608333      0.1213195     
 0.1625000      0.7249483E-01 
 0.1641667      0.9724291E-01 
 0.1658333      0.1365299     
