# SumMovie FRC for input stack : stack16.mrc
# Number of micrographs: 1
# Number of frames per movie: 50
# Pixel size (A): 3.0000
# 1/(A)          FRC
# -----------------------
# 
# Micrograph 1 of 1. Score: .538
 0.8333334E-03  0.9999994     
 0.2500000E-02  0.9672182     
 0.4166666E-02  0.9454337     
 0.5833333E-02  0.9120587     
 0.7499999E-02  0.8965189     
 0.9166666E-02  0.8416343     
 0.1083333E-01  0.7766771     
 0.1250000E-01  0.8839560     
 0.1416667E-01  0.9355194     
 0.1583333E-01  0.9656446     
 0.1750000E-01  0.9459264     
 0.1916667E-01  0.7766348     
 0.2083333E-01  0.8029954     
 0.2250000E-01  0.9023621     
 0.2416667E-01  0.9433516     
 0.2583333E-01  0.9340829     
 0.2750000E-01  0.8305987     
 0.2916667E-01  0.7050317     
 0.3083333E-01  0.7539524     
 0.3250000E-01  0.7966909     
 0.3416666E-01  0.7330467     
 0.3583334E-01  0.6079861     
 0.3750000E-01  0.4395913     
 0.3916667E-01  0.3795818     
 0.4083334E-01  0.2921857     
 0.4250000E-01  0.1232921     
 0.4416666E-01  0.1198058     
 0.4583333E-01  0.8419373E-01 
 0.4750000E-01  0.1481997     
 0.4916666E-01  0.2689705     
 0.5083333E-01  0.3447399     
 0.5250000E-01  0.3905803     
 0.5416667E-01  0.3824918     
 0.5583333E-01  0.4240679     
 0.5750000E-01  0.3621358     
 0.5916666E-01  0.2781733     
 0.6083334E-01  0.1853637     
 0.6250000E-01  0.8070508E-01 
 0.6416667E-01  0.1041850     
 0.6583333E-01  0.1393421     
 0.6750000E-01  0.2092112     
 0.6916667E-01  0.3146017     
 0.7083333E-01  0.4067533     
 0.7250000E-01  0.3724236     
 0.7416667E-01  0.3076538     
 0.7583334E-01  0.1819510     
 0.7749999E-01  0.1189408     
 0.7916667E-01  0.9404667E-01 
 0.8083334E-01  0.2503057     
 0.8250000E-01  0.2762939     
 0.8416667E-01  0.3610271     
 0.8583333E-01  0.3022135     
 0.8750000E-01  0.1867028     
 0.8916666E-01  0.1192779     
 0.9083333E-01  0.7841916E-01 
 0.9250000E-01  0.1865915     
 0.9416667E-01  0.2605099     
 0.9583333E-01  0.2809700     
 0.9750000E-01  0.2106682     
 0.9916665E-01  0.9802613E-01 
 0.1008333      0.6005085E-01 
 0.1025000      0.1210749     
 0.1041667      0.1915020     
 0.1058333      0.2414016     
 0.1075000      0.1807894     
 0.1091667      0.1104337     
 0.1108333      0.5791602E-01 
 0.1125000      0.1402631     
 0.1141667      0.1977583     
 0.1158333      0.1894994     
 0.1175000      0.1124769     
 0.1191667      0.4829285E-01 
 0.1208333      0.9144767E-01 
 0.1225000      0.1578123     
 0.1241667      0.1750092     
 0.1258333      0.1079822     
 0.1275000      0.6572210E-01 
 0.1291667      0.8766486E-01 
 0.1308333      0.1194245     
 0.1325000      0.1341494     
 0.1341667      0.6929398E-01 
 0.1358333      0.4453358E-01 
 0.1375000      0.1124470     
 0.1391667      0.1359434     
 0.1408333      0.9367388E-01 
 0.1425000      0.7540187E-01 
 0.1441667      0.7516569E-01 
 0.1458333      0.1148426     
 0.1475000      0.9546991E-01 
 0.1491667      0.6436315E-01 
 0.1508333      0.7002657E-01 
 0.1525000      0.1005216     
 0.1541667      0.8370585E-01 
 0.1558333      0.7524893E-01 
 0.1575000      0.4565890E-01 
 0.1591667      0.8430060E-01 
 0.1608333      0.8779658E-01 
 0.1625000      0.4462533E-01 
 0.1641667      0.6379111E-01 
 0.1658333      0.1317087     
