# SumMovie FRC for input stack : stack6.mrc
# Number of micrographs: 1
# Number of frames per movie: 50
# Pixel size (A): 3.0000
# 1/(A)          FRC
# -----------------------
# 
# Micrograph 1 of 1. Score: .592
 0.8333334E-03  0.9999999     
 0.2500000E-02  0.9512861     
 0.4166666E-02  0.9319511     
 0.5833333E-02  0.8474997     
 0.7499999E-02  0.8653323     
 0.9166666E-02  0.6785626     
 0.1083333E-01  0.6581273     
 0.1250000E-01  0.8498773     
 0.1416667E-01  0.8879994     
 0.1583333E-01  0.9352632     
 0.1750000E-01  0.8939776     
 0.1916667E-01  0.6006253     
 0.2083333E-01  0.6728367     
 0.2250000E-01  0.8434405     
 0.2416667E-01  0.9027262     
 0.2583333E-01  0.8573334     
 0.2750000E-01  0.7354615     
 0.2916667E-01  0.6256537     
 0.3083333E-01  0.6982757     
 0.3250000E-01  0.7291885     
 0.3416666E-01  0.7026902     
 0.3583334E-01  0.6009971     
 0.3750000E-01  0.5386404     
 0.3916667E-01  0.5311341     
 0.4083334E-01  0.5751048     
 0.4250000E-01  0.4582218     
 0.4416666E-01  0.3964009     
 0.4583333E-01  0.3651982     
 0.4750000E-01  0.3043303     
 0.4916666E-01  0.2232239     
 0.5083333E-01  0.1345719     
 0.5250000E-01  0.1174685     
 0.5416667E-01  0.6137538E-01 
 0.5583333E-01  0.9965527E-01 
 0.5750000E-01  0.1218297     
 0.5916666E-01  0.1979041     
 0.6083334E-01  0.2707053     
 0.6250000E-01  0.2910546     
 0.6416667E-01  0.3455600     
 0.6583333E-01  0.3745203     
 0.6750000E-01  0.3489902     
 0.6916667E-01  0.3461123     
 0.7083333E-01  0.2922235     
 0.7250000E-01  0.2225742     
 0.7416667E-01  0.1231560     
 0.7583334E-01  0.7727007E-01 
 0.7749999E-01  0.6720503E-01 
 0.7916667E-01  0.7816764E-01 
 0.8083334E-01  0.1853364     
 0.8250000E-01  0.2316354     
 0.8416667E-01  0.2964420     
 0.8583333E-01  0.3109207     
 0.8750000E-01  0.2918797     
 0.8916666E-01  0.2438739     
 0.9083333E-01  0.1632734     
 0.9250000E-01  0.8643166E-01 
 0.9416667E-01  0.4646111E-01 
 0.9583333E-01  0.8682089E-01 
 0.9750000E-01  0.8742843E-01 
 0.9916665E-01  0.1440984     
 0.1008333      0.2192135     
 0.1025000      0.2400212     
 0.1041667      0.1718373     
 0.1058333      0.1479210     
 0.1075000      0.8055209E-01 
 0.1091667      0.7759707E-01 
 0.1108333      0.4414966E-01 
 0.1125000      0.8830715E-01 
 0.1141667      0.1419292     
 0.1158333      0.1921541     
 0.1175000      0.1711303     
 0.1191667      0.1297926     
 0.1208333      0.4276279E-01 
 0.1225000      0.4395960E-01 
 0.1241667      0.3870726E-01 
 0.1258333      0.1046530     
 0.1275000      0.1225446     
 0.1291667      0.1265883     
 0.1308333      0.1117562     
 0.1325000      0.5648084E-01 
 0.1341667      0.4701032E-01 
 0.1358333      0.7435246E-01 
 0.1375000      0.7135532E-01 
 0.1391667      0.1025313     
 0.1408333      0.9072127E-01 
 0.1425000      0.6952527E-01 
 0.1441667      0.5751818E-01 
 0.1458333      0.4018662E-01 
 0.1475000      0.4770309E-01 
 0.1491667      0.7764471E-01 
 0.1508333      0.9385025E-01 
 0.1525000      0.6854856E-01 
 0.1541667      0.4627779E-01 
 0.1558333      0.3594081E-01 
 0.1575000      0.7408334E-01 
 0.1591667      0.8250393E-01 
 0.1608333      0.7796314E-01 
 0.1625000      0.7606938E-01 
 0.1641667      0.6301875E-01 
 0.1658333      0.2876867E-01 
