# SumMovie FRC for input stack : stack1.mrc
# Number of micrographs: 1
# Number of frames per movie: 50
# Pixel size (A): 3.0000
# 1/(A)          FRC
# -----------------------
# 
# Micrograph 1 of 1. Score: .546
 0.8333334E-03  0.9999993     
 0.2500000E-02  0.9744565     
 0.4166666E-02  0.9570064     
 0.5833333E-02  0.9207230     
 0.7499999E-02  0.9047956     
 0.9166666E-02  0.7500057     
 0.1083333E-01  0.7274486     
 0.1250000E-01  0.8560334     
 0.1416667E-01  0.9222887     
 0.1583333E-01  0.9262126     
 0.1750000E-01  0.8739936     
 0.1916667E-01  0.6749665     
 0.2083333E-01  0.7636319     
 0.2250000E-01  0.8703017     
 0.2416667E-01  0.9034192     
 0.2583333E-01  0.8718929     
 0.2750000E-01  0.7480637     
 0.2916667E-01  0.6445026     
 0.3083333E-01  0.7091228     
 0.3250000E-01  0.7375789     
 0.3416666E-01  0.6839449     
 0.3583334E-01  0.5447949     
 0.3750000E-01  0.4818705     
 0.3916667E-01  0.4614334     
 0.4083334E-01  0.4484883     
 0.4250000E-01  0.4009685     
 0.4416666E-01  0.2591150     
 0.4583333E-01  0.1700961     
 0.4750000E-01  0.1879903     
 0.4916666E-01  0.9723326E-01 
 0.5083333E-01  0.6295072E-01 
 0.5250000E-01  0.6728746E-01 
 0.5416667E-01  0.1275926     
 0.5583333E-01  0.1860034     
 0.5750000E-01  0.2515986     
 0.5916666E-01  0.3146431     
 0.6083334E-01  0.3421835     
 0.6250000E-01  0.3279251     
 0.6416667E-01  0.2985414     
 0.6583333E-01  0.2705116     
 0.6750000E-01  0.1618259     
 0.6916667E-01  0.1347082     
 0.7083333E-01  0.8534461E-01 
 0.7250000E-01  0.7053106E-01 
 0.7416667E-01  0.1058997     
 0.7583334E-01  0.1643849     
 0.7749999E-01  0.2466785     
 0.7916667E-01  0.2985939     
 0.8083334E-01  0.2867962     
 0.8250000E-01  0.2826186     
 0.8416667E-01  0.2238419     
 0.8583333E-01  0.1226379     
 0.8750000E-01  0.6143086E-01 
 0.8916666E-01  0.3151125E-01 
 0.9083333E-01  0.1286315     
 0.9250000E-01  0.1926988     
 0.9416667E-01  0.2359603     
 0.9583333E-01  0.2466653     
 0.9750000E-01  0.1968338     
 0.9916665E-01  0.1083550     
 0.1008333      0.6545894E-01 
 0.1025000      0.4373820E-01 
 0.1041667      0.1202822     
 0.1058333      0.1520355     
 0.1075000      0.1589397     
 0.1091667      0.1728071     
 0.1108333      0.1292533     
 0.1125000      0.1219077     
 0.1141667      0.3636096E-01 
 0.1158333      0.6398115E-01 
 0.1175000      0.1092445     
 0.1191667      0.1073498     
 0.1208333      0.1124685     
 0.1225000      0.9835866E-01 
 0.1241667      0.4542994E-01 
 0.1258333      0.3858884E-01 
 0.1275000      0.5709704E-01 
 0.1291667      0.1085891     
 0.1308333      0.1197901     
 0.1325000      0.6514160E-01 
 0.1341667      0.4690911E-01 
 0.1358333      0.3063653E-01 
 0.1375000      0.1021149     
 0.1391667      0.6094572E-01 
 0.1408333      0.1083986     
 0.1425000      0.6547347E-01 
 0.1441667      0.2985174E-01 
 0.1458333      0.2849084E-01 
 0.1475000      0.7125370E-01 
 0.1491667      0.5450597E-01 
 0.1508333      0.6236470E-01 
 0.1525000      0.2697595E-01 
 0.1541667      0.5401786E-01 
 0.1558333      0.8553156E-01 
 0.1575000      0.4472757E-01 
 0.1591667      0.2164119E-01 
 0.1608333      0.2881820E-01 
 0.1625000      0.4675788E-01 
 0.1641667      0.3684136E-01 
 0.1658333      0.3116241E-01 
