# SumMovie FRC for input stack : stack6.mrc
# Number of micrographs: 1
# Number of frames per movie: 50
# Pixel size (A): 3.0000
# 1/(A)          FRC
# -----------------------
# 
# Micrograph 1 of 1. Score: .592
 0.8333334E-03  0.9999999     
 0.2500000E-02  0.9512971     
 0.4166666E-02  0.9320002     
 0.5833333E-02  0.8475131     
 0.7499999E-02  0.8653016     
 0.9166666E-02  0.6792637     
 0.1083333E-01  0.6589742     
 0.1250000E-01  0.8498271     
 0.1416667E-01  0.8881075     
 0.1583333E-01  0.9353599     
 0.1750000E-01  0.8940724     
 0.1916667E-01  0.6001287     
 0.2083333E-01  0.6729648     
 0.2250000E-01  0.8431824     
 0.2416667E-01  0.9029503     
 0.2583333E-01  0.8568258     
 0.2750000E-01  0.7351037     
 0.2916667E-01  0.6250378     
 0.3083333E-01  0.6982021     
 0.3250000E-01  0.7289630     
 0.3416666E-01  0.7025864     
 0.3583334E-01  0.6007463     
 0.3750000E-01  0.5385845     
 0.3916667E-01  0.5311615     
 0.4083334E-01  0.5741102     
 0.4250000E-01  0.4565094     
 0.4416666E-01  0.3953800     
 0.4583333E-01  0.3620533     
 0.4750000E-01  0.3019603     
 0.4916666E-01  0.2241470     
 0.5083333E-01  0.1337726     
 0.5250000E-01  0.1150035     
 0.5416667E-01  0.6127991E-01 
 0.5583333E-01  0.9733116E-01 
 0.5750000E-01  0.1224063     
 0.5916666E-01  0.1966139     
 0.6083334E-01  0.2689626     
 0.6250000E-01  0.2886054     
 0.6416667E-01  0.3458215     
 0.6583333E-01  0.3761063     
 0.6750000E-01  0.3499795     
 0.6916667E-01  0.3455864     
 0.7083333E-01  0.2886318     
 0.7250000E-01  0.2205279     
 0.7416667E-01  0.1211347     
 0.7583334E-01  0.7875513E-01 
 0.7749999E-01  0.6371816E-01 
 0.7916667E-01  0.7909764E-01 
 0.8083334E-01  0.1852405     
 0.8250000E-01  0.2324968     
 0.8416667E-01  0.2996422     
 0.8583333E-01  0.3106259     
 0.8750000E-01  0.2918633     
 0.8916666E-01  0.2419860     
 0.9083333E-01  0.1640964     
 0.9250000E-01  0.8394020E-01 
 0.9416667E-01  0.4478162E-01 
 0.9583333E-01  0.8522961E-01 
 0.9750000E-01  0.8703045E-01 
 0.9916665E-01  0.1457559     
 0.1008333      0.2160098     
 0.1025000      0.2358798     
 0.1041667      0.1737584     
 0.1058333      0.1444040     
 0.1075000      0.8021710E-01 
 0.1091667      0.7641612E-01 
 0.1108333      0.4316005E-01 
 0.1125000      0.9013237E-01 
 0.1141667      0.1417879     
 0.1158333      0.1910786     
 0.1175000      0.1752099     
 0.1191667      0.1307241     
 0.1208333      0.4079848E-01 
 0.1225000      0.4401823E-01 
 0.1241667      0.4559718E-01 
 0.1258333      0.1053507     
 0.1275000      0.1222011     
 0.1291667      0.1304874     
 0.1308333      0.1073751     
 0.1325000      0.5850387E-01 
 0.1341667      0.5173843E-01 
 0.1358333      0.7788545E-01 
 0.1375000      0.7222867E-01 
 0.1391667      0.1070070     
 0.1408333      0.9228338E-01 
 0.1425000      0.7238498E-01 
 0.1441667      0.5632649E-01 
 0.1458333      0.4509514E-01 
 0.1475000      0.4703772E-01 
 0.1491667      0.8027876E-01 
 0.1508333      0.9352821E-01 
 0.1525000      0.6748068E-01 
 0.1541667      0.4843348E-01 
 0.1558333      0.3719090E-01 
 0.1575000      0.7427556E-01 
 0.1591667      0.8012141E-01 
 0.1608333      0.7804587E-01 
 0.1625000      0.7694944E-01 
 0.1641667      0.5720665E-01 
 0.1658333      0.2756401E-01 
