# SumMovie FRC for input stack : stack6.mrc
# Number of micrographs: 1
# Number of frames per movie: 50
# Pixel size (A): 3.0000
# 1/(A)          FRC
# -----------------------
# 
# Micrograph 1 of 1. Score: .592
 0.8333334E-03  0.9999999     
 0.2500000E-02  0.9513094     
 0.4166666E-02  0.9319282     
 0.5833333E-02  0.8474236     
 0.7499999E-02  0.8654187     
 0.9166666E-02  0.6784156     
 0.1083333E-01  0.6584783     
 0.1250000E-01  0.8497307     
 0.1416667E-01  0.8878448     
 0.1583333E-01  0.9351423     
 0.1750000E-01  0.8941199     
 0.1916667E-01  0.6007069     
 0.2083333E-01  0.6728171     
 0.2250000E-01  0.8426849     
 0.2416667E-01  0.9025419     
 0.2583333E-01  0.8570530     
 0.2750000E-01  0.7349904     
 0.2916667E-01  0.6259410     
 0.3083333E-01  0.6976407     
 0.3250000E-01  0.7294636     
 0.3416666E-01  0.7025181     
 0.3583334E-01  0.6000357     
 0.3750000E-01  0.5394403     
 0.3916667E-01  0.5312572     
 0.4083334E-01  0.5745152     
 0.4250000E-01  0.4575617     
 0.4416666E-01  0.3954999     
 0.4583333E-01  0.3656767     
 0.4750000E-01  0.3024741     
 0.4916666E-01  0.2234515     
 0.5083333E-01  0.1349210     
 0.5250000E-01  0.1180677     
 0.5416667E-01  0.6317808E-01 
 0.5583333E-01  0.9965248E-01 
 0.5750000E-01  0.1214958     
 0.5916666E-01  0.2002222     
 0.6083334E-01  0.2712569     
 0.6250000E-01  0.2930258     
 0.6416667E-01  0.3454863     
 0.6583333E-01  0.3738096     
 0.6750000E-01  0.3502264     
 0.6916667E-01  0.3472851     
 0.7083333E-01  0.2912582     
 0.7250000E-01  0.2234102     
 0.7416667E-01  0.1277516     
 0.7583334E-01  0.7943121E-01 
 0.7749999E-01  0.7071555E-01 
 0.7916667E-01  0.7885202E-01 
 0.8083334E-01  0.1873132     
 0.8250000E-01  0.2292241     
 0.8416667E-01  0.2982937     
 0.8583333E-01  0.3113678     
 0.8750000E-01  0.2919476     
 0.8916666E-01  0.2455898     
 0.9083333E-01  0.1639706     
 0.9250000E-01  0.8522692E-01 
 0.9416667E-01  0.5114309E-01 
 0.9583333E-01  0.8719157E-01 
 0.9750000E-01  0.8963750E-01 
 0.9916665E-01  0.1432475     
 0.1008333      0.2171571     
 0.1025000      0.2412495     
 0.1041667      0.1743024     
 0.1058333      0.1510689     
 0.1075000      0.8323359E-01 
 0.1091667      0.7211247E-01 
 0.1108333      0.4684791E-01 
 0.1125000      0.8533894E-01 
 0.1141667      0.1422636     
 0.1158333      0.1925676     
 0.1175000      0.1737748     
 0.1191667      0.1337371     
 0.1208333      0.4277632E-01 
 0.1225000      0.4369555E-01 
 0.1241667      0.3634251E-01 
 0.1258333      0.1046078     
 0.1275000      0.1241678     
 0.1291667      0.1286179     
 0.1308333      0.1159301     
 0.1325000      0.6215277E-01 
 0.1341667      0.5248446E-01 
 0.1358333      0.7626861E-01 
 0.1375000      0.6803701E-01 
 0.1391667      0.1053711     
 0.1408333      0.9162711E-01 
 0.1425000      0.7326615E-01 
 0.1441667      0.6144334E-01 
 0.1458333      0.3928999E-01 
 0.1475000      0.5186926E-01 
 0.1491667      0.7709099E-01 
 0.1508333      0.9396860E-01 
 0.1525000      0.6701147E-01 
 0.1541667      0.4823025E-01 
 0.1558333      0.3914358E-01 
 0.1575000      0.7440134E-01 
 0.1591667      0.8426850E-01 
 0.1608333      0.7614901E-01 
 0.1625000      0.7746869E-01 
 0.1641667      0.5549287E-01 
 0.1658333      0.2907106E-01 
