# SumMovie FRC for input stack : stack1.mrc
# Number of micrographs: 1
# Number of frames per movie: 50
# Pixel size (A): 3.0000
# 1/(A)          FRC
# -----------------------
# 
# Micrograph 1 of 1. Score: .546
 0.8333334E-03  0.9999993     
 0.2500000E-02  0.9744592     
 0.4166666E-02  0.9570084     
 0.5833333E-02  0.9206986     
 0.7499999E-02  0.9047925     
 0.9166666E-02  0.7499185     
 0.1083333E-01  0.7274677     
 0.1250000E-01  0.8559718     
 0.1416667E-01  0.9222552     
 0.1583333E-01  0.9262751     
 0.1750000E-01  0.8739731     
 0.1916667E-01  0.6751097     
 0.2083333E-01  0.7637503     
 0.2250000E-01  0.8702927     
 0.2416667E-01  0.9032691     
 0.2583333E-01  0.8718475     
 0.2750000E-01  0.7477927     
 0.2916667E-01  0.6445603     
 0.3083333E-01  0.7088338     
 0.3250000E-01  0.7373127     
 0.3416666E-01  0.6836662     
 0.3583334E-01  0.5445980     
 0.3750000E-01  0.4824273     
 0.3916667E-01  0.4615540     
 0.4083334E-01  0.4482550     
 0.4250000E-01  0.4009050     
 0.4416666E-01  0.2602012     
 0.4583333E-01  0.1702669     
 0.4750000E-01  0.1882351     
 0.4916666E-01  0.9739531E-01 
 0.5083333E-01  0.6397868E-01 
 0.5250000E-01  0.6701117E-01 
 0.5416667E-01  0.1288159     
 0.5583333E-01  0.1855062     
 0.5750000E-01  0.2522621     
 0.5916666E-01  0.3155791     
 0.6083334E-01  0.3419722     
 0.6250000E-01  0.3278063     
 0.6416667E-01  0.2990895     
 0.6583333E-01  0.2714483     
 0.6750000E-01  0.1622067     
 0.6916667E-01  0.1355034     
 0.7083333E-01  0.8490865E-01 
 0.7250000E-01  0.7041277E-01 
 0.7416667E-01  0.1077766     
 0.7583334E-01  0.1655031     
 0.7749999E-01  0.2457401     
 0.7916667E-01  0.2982990     
 0.8083334E-01  0.2873160     
 0.8250000E-01  0.2826467     
 0.8416667E-01  0.2256805     
 0.8583333E-01  0.1225210     
 0.8750000E-01  0.6146057E-01 
 0.8916666E-01  0.3107061E-01 
 0.9083333E-01  0.1300064     
 0.9250000E-01  0.1938426     
 0.9416667E-01  0.2357794     
 0.9583333E-01  0.2469139     
 0.9750000E-01  0.1968223     
 0.9916665E-01  0.1073369     
 0.1008333      0.6605036E-01 
 0.1025000      0.4383733E-01 
 0.1041667      0.1196252     
 0.1058333      0.1515585     
 0.1075000      0.1591752     
 0.1091667      0.1741868     
 0.1108333      0.1300676     
 0.1125000      0.1208307     
 0.1141667      0.3444891E-01 
 0.1158333      0.6439190E-01 
 0.1175000      0.1086368     
 0.1191667      0.1078287     
 0.1208333      0.1134015     
 0.1225000      0.1012299     
 0.1241667      0.4676339E-01 
 0.1258333      0.3915299E-01 
 0.1275000      0.5777743E-01 
 0.1291667      0.1110136     
 0.1308333      0.1191054     
 0.1325000      0.6624765E-01 
 0.1341667      0.4817969E-01 
 0.1358333      0.2796707E-01 
 0.1375000      0.1019340     
 0.1391667      0.6215477E-01 
 0.1408333      0.1087467     
 0.1425000      0.6287930E-01 
 0.1441667      0.3163789E-01 
 0.1458333      0.2784181E-01 
 0.1475000      0.7203432E-01 
 0.1491667      0.5406557E-01 
 0.1508333      0.6175553E-01 
 0.1525000      0.2538258E-01 
 0.1541667      0.5586645E-01 
 0.1558333      0.8483484E-01 
 0.1575000      0.4376325E-01 
 0.1591667      0.2135157E-01 
 0.1608333      0.3072325E-01 
 0.1625000      0.4520343E-01 
 0.1641667      0.3815564E-01 
 0.1658333      0.2930130E-01 
