# SumMovie FRC for input stack : stack1.mrc
# Number of micrographs: 1
# Number of frames per movie: 50
# Pixel size (A): 3.0000
# 1/(A)          FRC
# -----------------------
# 
# Micrograph 1 of 1. Score: .513
 0.8333334E-03  0.9999990     
 0.2500000E-02  0.9745006     
 0.4166666E-02  0.9567650     
 0.5833333E-02  0.9214205     
 0.7499999E-02  0.9026666     
 0.9166666E-02  0.7443673     
 0.1083333E-01  0.7125860     
 0.1250000E-01  0.8422815     
 0.1416667E-01  0.9117592     
 0.1583333E-01  0.9151112     
 0.1750000E-01  0.8618063     
 0.1916667E-01  0.6493889     
 0.2083333E-01  0.7395692     
 0.2250000E-01  0.8517305     
 0.2416667E-01  0.8885549     
 0.2583333E-01  0.8496294     
 0.2750000E-01  0.7033815     
 0.2916667E-01  0.5798126     
 0.3083333E-01  0.6692339     
 0.3250000E-01  0.6833781     
 0.3416666E-01  0.6272755     
 0.3583334E-01  0.4980118     
 0.3750000E-01  0.4360995     
 0.3916667E-01  0.3982030     
 0.4083334E-01  0.3988591     
 0.4250000E-01  0.3503090     
 0.4416666E-01  0.2182118     
 0.4583333E-01  0.1308683     
 0.4750000E-01  0.1919338     
 0.4916666E-01  0.1009478     
 0.5083333E-01  0.9407488E-01 
 0.5250000E-01  0.8913883E-01 
 0.5416667E-01  0.1091830     
 0.5583333E-01  0.1701210     
 0.5750000E-01  0.2122396     
 0.5916666E-01  0.2631622     
 0.6083334E-01  0.2895687     
 0.6250000E-01  0.2455709     
 0.6416667E-01  0.2245150     
 0.6583333E-01  0.2236990     
 0.6750000E-01  0.1355166     
 0.6916667E-01  0.1384151     
 0.7083333E-01  0.1106345     
 0.7250000E-01  0.6133322E-01 
 0.7416667E-01  0.7581685E-01 
 0.7583334E-01  0.1314620     
 0.7749999E-01  0.1803667     
 0.7916667E-01  0.2168411     
 0.8083334E-01  0.2186134     
 0.8250000E-01  0.1983956     
 0.8416667E-01  0.1478215     
 0.8583333E-01  0.9123739E-01 
 0.8750000E-01  0.6015915E-01 
 0.8916666E-01  0.1348958E-01 
 0.9083333E-01  0.7883715E-01 
 0.9250000E-01  0.1189240     
 0.9416667E-01  0.1720506     
 0.9583333E-01  0.1934047     
 0.9750000E-01  0.1467916     
 0.9916665E-01  0.8608489E-01 
 0.1008333      0.6790635E-01 
 0.1025000      0.2436258E-01 
 0.1041667      0.9864681E-01 
 0.1058333      0.1407534     
 0.1075000      0.1521828     
 0.1091667      0.1345363     
 0.1108333      0.1150395     
 0.1125000      0.1134477     
 0.1141667      0.6178910E-01 
 0.1158333      0.4493130E-01 
 0.1175000      0.7865729E-01 
 0.1191667      0.1118777     
 0.1208333      0.8333449E-01 
 0.1225000      0.7040479E-01 
 0.1241667      0.6046834E-01 
 0.1258333      0.4063089E-01 
 0.1275000      0.2249985E-01 
 0.1291667      0.1176541     
 0.1308333      0.7928827E-01 
 0.1325000      0.7191361E-01 
 0.1341667      0.2764761E-01 
 0.1358333      0.4433128E-01 
 0.1375000      0.5644697E-01 
 0.1391667      0.7261144E-01 
 0.1408333      0.8127339E-01 
 0.1425000      0.7030962E-01 
 0.1441667      0.3820464E-01 
 0.1458333      0.4380630E-01 
 0.1475000      0.7680617E-01 
 0.1491667      0.5983581E-01 
 0.1508333      0.5116016E-01 
 0.1525000      0.3793034E-01 
 0.1541667      0.5617065E-01 
 0.1558333      0.5543577E-01 
 0.1575000      0.4362181E-01 
 0.1591667      0.1853591E-01 
 0.1608333      0.4341975E-01 
 0.1625000      0.5552023E-01 
 0.1641667      0.7238629E-01 
 0.1658333      0.4227159E-01 
