# SumMovie FRC for input stack : stack11.mrc
# Number of micrographs: 1
# Number of frames per movie: 50
# Pixel size (A): 3.0000
# 1/(A)          FRC
# -----------------------
# 
# Micrograph 1 of 1. Score: .573
 0.8333334E-03  0.9999998     
 0.2500000E-02  0.8502980     
 0.4166666E-02  0.8703840     
 0.5833333E-02  0.8519133     
 0.7499999E-02  0.8574814     
 0.9166666E-02  0.7369875     
 0.1083333E-01  0.6259607     
 0.1250000E-01  0.8524722     
 0.1416667E-01  0.9142960     
 0.1583333E-01  0.9439231     
 0.1750000E-01  0.9073659     
 0.1916667E-01  0.6580514     
 0.2083333E-01  0.7398103     
 0.2250000E-01  0.8754224     
 0.2416667E-01  0.9223011     
 0.2583333E-01  0.8926253     
 0.2750000E-01  0.7430324     
 0.2916667E-01  0.6436033     
 0.3083333E-01  0.7121925     
 0.3250000E-01  0.7725348     
 0.3416666E-01  0.7218720     
 0.3583334E-01  0.5904196     
 0.3750000E-01  0.5249351     
 0.3916667E-01  0.5009389     
 0.4083334E-01  0.5183131     
 0.4250000E-01  0.4024899     
 0.4416666E-01  0.3383812     
 0.4583333E-01  0.2930076     
 0.4750000E-01  0.2207422     
 0.4916666E-01  0.1084491     
 0.5083333E-01  0.7634854E-01 
 0.5250000E-01  0.1372025     
 0.5416667E-01  0.1409800     
 0.5583333E-01  0.2223199     
 0.5750000E-01  0.2979564     
 0.5916666E-01  0.3634757     
 0.6083334E-01  0.3569662     
 0.6250000E-01  0.4052024     
 0.6416667E-01  0.3926818     
 0.6583333E-01  0.3147096     
 0.6750000E-01  0.3009704     
 0.6916667E-01  0.1900702     
 0.7083333E-01  0.1114227     
 0.7250000E-01  0.8304950E-01 
 0.7416667E-01  0.1101657     
 0.7583334E-01  0.1988648     
 0.7749999E-01  0.2692064     
 0.7916667E-01  0.3139382     
 0.8083334E-01  0.3568639     
 0.8250000E-01  0.3224526     
 0.8416667E-01  0.2984820     
 0.8583333E-01  0.2082622     
 0.8750000E-01  0.9761386E-01 
 0.8916666E-01  0.7675282E-01 
 0.9083333E-01  0.1311765     
 0.9250000E-01  0.2263049     
 0.9416667E-01  0.2890767     
 0.9583333E-01  0.3033961     
 0.9750000E-01  0.2581648     
 0.9916665E-01  0.2365511     
 0.1008333      0.1122397     
 0.1025000      0.7635485E-01 
 0.1041667      0.1348875     
 0.1058333      0.2170433     
 0.1075000      0.2253098     
 0.1091667      0.2488433     
 0.1108333      0.2085249     
 0.1125000      0.1516072     
 0.1141667      0.9543123E-01 
 0.1158333      0.9350879E-01 
 0.1175000      0.1630291     
 0.1191667      0.1929588     
 0.1208333      0.1636219     
 0.1225000      0.1467029     
 0.1241667      0.8891203E-01 
 0.1258333      0.9488943E-01 
 0.1275000      0.1074725     
 0.1291667      0.1648434     
 0.1308333      0.1681683     
 0.1325000      0.1812872     
 0.1341667      0.1066212     
 0.1358333      0.6647152E-01 
 0.1375000      0.1274739     
 0.1391667      0.1157670     
 0.1408333      0.1528788     
 0.1425000      0.1162313     
 0.1441667      0.1062140     
 0.1458333      0.9342856E-01 
 0.1475000      0.8895504E-01 
 0.1491667      0.1214981     
 0.1508333      0.1405382     
 0.1525000      0.1059184     
 0.1541667      0.9380572E-01 
 0.1558333      0.1017833     
 0.1575000      0.1397975     
 0.1591667      0.1004091     
 0.1608333      0.1060169     
 0.1625000      0.8574866E-01 
 0.1641667      0.1183098     
 0.1658333      0.1326613     
