# SumMovie FRC for input stack : stack16.mrc
# Number of micrographs: 1
# Number of frames per movie: 50
# Pixel size (A): 3.0000
# 1/(A)          FRC
# -----------------------
# 
# Micrograph 1 of 1. Score: .538
 0.8333334E-03  0.9999994     
 0.2500000E-02  0.9672146     
 0.4166666E-02  0.9454501     
 0.5833333E-02  0.9120668     
 0.7499999E-02  0.8964469     
 0.9166666E-02  0.8416837     
 0.1083333E-01  0.7767231     
 0.1250000E-01  0.8839024     
 0.1416667E-01  0.9354887     
 0.1583333E-01  0.9656548     
 0.1750000E-01  0.9459321     
 0.1916667E-01  0.7764334     
 0.2083333E-01  0.8031415     
 0.2250000E-01  0.9024874     
 0.2416667E-01  0.9434057     
 0.2583333E-01  0.9341195     
 0.2750000E-01  0.8306682     
 0.2916667E-01  0.7050014     
 0.3083333E-01  0.7540163     
 0.3250000E-01  0.7966023     
 0.3416666E-01  0.7329398     
 0.3583334E-01  0.6087165     
 0.3750000E-01  0.4392371     
 0.3916667E-01  0.3793422     
 0.4083334E-01  0.2911460     
 0.4250000E-01  0.1224525     
 0.4416666E-01  0.1191648     
 0.4583333E-01  0.8368401E-01 
 0.4750000E-01  0.1480875     
 0.4916666E-01  0.2678409     
 0.5083333E-01  0.3440633     
 0.5250000E-01  0.3890079     
 0.5416667E-01  0.3820691     
 0.5583333E-01  0.4242132     
 0.5750000E-01  0.3623623     
 0.5916666E-01  0.2774923     
 0.6083334E-01  0.1863828     
 0.6250000E-01  0.7938806E-01 
 0.6416667E-01  0.1024127     
 0.6583333E-01  0.1369815     
 0.6750000E-01  0.2068012     
 0.6916667E-01  0.3155913     
 0.7083333E-01  0.4067620     
 0.7250000E-01  0.3722186     
 0.7416667E-01  0.3064671     
 0.7583334E-01  0.1813074     
 0.7749999E-01  0.1174389     
 0.7916667E-01  0.9347830E-01 
 0.8083334E-01  0.2493688     
 0.8250000E-01  0.2749574     
 0.8416667E-01  0.3596312     
 0.8583333E-01  0.3016691     
 0.8750000E-01  0.1825446     
 0.8916666E-01  0.1189627     
 0.9083333E-01  0.7661931E-01 
 0.9250000E-01  0.1852013     
 0.9416667E-01  0.2610506     
 0.9583333E-01  0.2779766     
 0.9750000E-01  0.2064224     
 0.9916665E-01  0.9467221E-01 
 0.1008333      0.5724956E-01 
 0.1025000      0.1199614     
 0.1041667      0.1909834     
 0.1058333      0.2390436     
 0.1075000      0.1782439     
 0.1091667      0.1082324     
 0.1108333      0.5447547E-01 
 0.1125000      0.1365655     
 0.1141667      0.1977242     
 0.1158333      0.1880592     
 0.1175000      0.1118251     
 0.1191667      0.4575779E-01 
 0.1208333      0.8753996E-01 
 0.1225000      0.1563319     
 0.1241667      0.1721446     
 0.1258333      0.1079764     
 0.1275000      0.6409360E-01 
 0.1291667      0.8829024E-01 
 0.1308333      0.1185300     
 0.1325000      0.1343208     
 0.1341667      0.6483817E-01 
 0.1358333      0.4627258E-01 
 0.1375000      0.1109627     
 0.1391667      0.1353200     
 0.1408333      0.9133033E-01 
 0.1425000      0.7383487E-01 
 0.1441667      0.7239698E-01 
 0.1458333      0.1119022     
 0.1475000      0.9074990E-01 
 0.1491667      0.5883032E-01 
 0.1508333      0.6819697E-01 
 0.1525000      0.9799127E-01 
 0.1541667      0.8261044E-01 
 0.1558333      0.7422028E-01 
 0.1575000      0.4229511E-01 
 0.1591667      0.8184864E-01 
 0.1608333      0.8539417E-01 
 0.1625000      0.4343151E-01 
 0.1641667      0.6231506E-01 
 0.1658333      0.1289077     
