# SumMovie FRC for input stack : stack11.mrc
# Number of micrographs: 1
# Number of frames per movie: 50
# Pixel size (A): 3.0000
# 1/(A)          FRC
# -----------------------
# 
# Micrograph 1 of 1. Score: .569
 0.8333334E-03  0.9999998     
 0.2500000E-02  0.8500416     
 0.4166666E-02  0.8701262     
 0.5833333E-02  0.8519590     
 0.7499999E-02  0.8572339     
 0.9166666E-02  0.7363312     
 0.1083333E-01  0.6257108     
 0.1250000E-01  0.8515838     
 0.1416667E-01  0.9137053     
 0.1583333E-01  0.9436362     
 0.1750000E-01  0.9065838     
 0.1916667E-01  0.6586441     
 0.2083333E-01  0.7378703     
 0.2250000E-01  0.8742856     
 0.2416667E-01  0.9205878     
 0.2583333E-01  0.8913908     
 0.2750000E-01  0.7394166     
 0.2916667E-01  0.6363367     
 0.3083333E-01  0.7066345     
 0.3250000E-01  0.7680496     
 0.3416666E-01  0.7152292     
 0.3583334E-01  0.5855610     
 0.3750000E-01  0.5177641     
 0.3916667E-01  0.4930346     
 0.4083334E-01  0.5120398     
 0.4250000E-01  0.3972952     
 0.4416666E-01  0.3325138     
 0.4583333E-01  0.2834881     
 0.4750000E-01  0.2195468     
 0.4916666E-01  0.1070088     
 0.5083333E-01  0.7548691E-01 
 0.5250000E-01  0.1357882     
 0.5416667E-01  0.1338312     
 0.5583333E-01  0.2209651     
 0.5750000E-01  0.2921530     
 0.5916666E-01  0.3515081     
 0.6083334E-01  0.3502693     
 0.6250000E-01  0.3898665     
 0.6416667E-01  0.3813913     
 0.6583333E-01  0.2981415     
 0.6750000E-01  0.2915420     
 0.6916667E-01  0.1875118     
 0.7083333E-01  0.1107237     
 0.7250000E-01  0.8715241E-01 
 0.7416667E-01  0.1084168     
 0.7583334E-01  0.1921482     
 0.7749999E-01  0.2586446     
 0.7916667E-01  0.3043102     
 0.8083334E-01  0.3409844     
 0.8250000E-01  0.3107712     
 0.8416667E-01  0.2854775     
 0.8583333E-01  0.1991865     
 0.8750000E-01  0.9113140E-01 
 0.8916666E-01  0.7700011E-01 
 0.9083333E-01  0.1283306     
 0.9250000E-01  0.2142988     
 0.9416667E-01  0.2759255     
 0.9583333E-01  0.3004304     
 0.9750000E-01  0.2482466     
 0.9916665E-01  0.2285863     
 0.1008333      0.1132304     
 0.1025000      0.8491414E-01 
 0.1041667      0.1425231     
 0.1058333      0.2148009     
 0.1075000      0.2082091     
 0.1091667      0.2450710     
 0.1108333      0.2073233     
 0.1125000      0.1529137     
 0.1141667      0.1016835     
 0.1158333      0.9210686E-01 
 0.1175000      0.1628160     
 0.1191667      0.1916565     
 0.1208333      0.1653470     
 0.1225000      0.1453657     
 0.1241667      0.9282823E-01 
 0.1258333      0.1046074     
 0.1275000      0.1131128     
 0.1291667      0.1647716     
 0.1308333      0.1576704     
 0.1325000      0.1846160     
 0.1341667      0.1109873     
 0.1358333      0.7152016E-01 
 0.1375000      0.1316528     
 0.1391667      0.1139608     
 0.1408333      0.1479709     
 0.1425000      0.1140358     
 0.1441667      0.1170581     
 0.1458333      0.1031249     
 0.1475000      0.1042116     
 0.1491667      0.1165412     
 0.1508333      0.1505349     
 0.1525000      0.1069102     
 0.1541667      0.9610091E-01 
 0.1558333      0.1154240     
 0.1575000      0.1460893     
 0.1591667      0.1074711     
 0.1608333      0.1203136     
 0.1625000      0.9924179E-01 
 0.1641667      0.1240683     
 0.1658333      0.1459182     
