# SumMovie FRC for input stack : stack11.mrc
# Number of micrographs: 1
# Number of frames per movie: 50
# Pixel size (A): 3.0000
# 1/(A)          FRC
# -----------------------
# 
# Micrograph 1 of 1. Score: .577
 0.8333334E-03  0.9999998     
 0.2500000E-02  0.8505720     
 0.4166666E-02  0.8708348     
 0.5833333E-02  0.8516507     
 0.7499999E-02  0.8578578     
 0.9166666E-02  0.7372983     
 0.1083333E-01  0.6260077     
 0.1250000E-01  0.8536978     
 0.1416667E-01  0.9153789     
 0.1583333E-01  0.9441558     
 0.1750000E-01  0.9082235     
 0.1916667E-01  0.6549655     
 0.2083333E-01  0.7417019     
 0.2250000E-01  0.8761846     
 0.2416667E-01  0.9245531     
 0.2583333E-01  0.8935107     
 0.2750000E-01  0.7462855     
 0.2916667E-01  0.6512858     
 0.3083333E-01  0.7191958     
 0.3250000E-01  0.7772890     
 0.3416666E-01  0.7307384     
 0.3583334E-01  0.5951719     
 0.3750000E-01  0.5325588     
 0.3916667E-01  0.5107012     
 0.4083334E-01  0.5219918     
 0.4250000E-01  0.4083198     
 0.4416666E-01  0.3430572     
 0.4583333E-01  0.2997634     
 0.4750000E-01  0.2180491     
 0.4916666E-01  0.1044620     
 0.5083333E-01  0.7360759E-01 
 0.5250000E-01  0.1384028     
 0.5416667E-01  0.1451583     
 0.5583333E-01  0.2177440     
 0.5750000E-01  0.3002935     
 0.5916666E-01  0.3815787     
 0.6083334E-01  0.3618830     
 0.6250000E-01  0.4224776     
 0.6416667E-01  0.4046601     
 0.6583333E-01  0.3291191     
 0.6750000E-01  0.3065040     
 0.6916667E-01  0.1866307     
 0.7083333E-01  0.1089022     
 0.7250000E-01  0.6784242E-01 
 0.7416667E-01  0.1121952     
 0.7583334E-01  0.2007935     
 0.7749999E-01  0.2842362     
 0.7916667E-01  0.3253123     
 0.8083334E-01  0.3781321     
 0.8250000E-01  0.3371689     
 0.8416667E-01  0.3164263     
 0.8583333E-01  0.2095309     
 0.8750000E-01  0.1028176     
 0.8916666E-01  0.6732885E-01 
 0.9083333E-01  0.1357258     
 0.9250000E-01  0.2399053     
 0.9416667E-01  0.2942135     
 0.9583333E-01  0.3007340     
 0.9750000E-01  0.2698215     
 0.9916665E-01  0.2265946     
 0.1008333      0.1072015     
 0.1025000      0.4487988E-01 
 0.1041667      0.1139257     
 0.1058333      0.1985760     
 0.1075000      0.2396378     
 0.1091667      0.2400449     
 0.1108333      0.2032216     
 0.1125000      0.1358464     
 0.1141667      0.6721202E-01 
 0.1158333      0.8219498E-01 
 0.1175000      0.1458302     
 0.1191667      0.1750292     
 0.1208333      0.1656718     
 0.1225000      0.1363315     
 0.1241667      0.7441131E-01 
 0.1258333      0.6844969E-01 
 0.1275000      0.8912916E-01 
 0.1291667      0.1480630     
 0.1308333      0.1716611     
 0.1325000      0.1664673     
 0.1341667      0.8927546E-01 
 0.1358333      0.5430313E-01 
 0.1375000      0.9727083E-01 
 0.1391667      0.1049016     
 0.1408333      0.1358389     
 0.1425000      0.1042431     
 0.1441667      0.7252998E-01 
 0.1458333      0.5107137E-01 
 0.1475000      0.5762913E-01 
 0.1491667      0.1143890     
 0.1508333      0.1058315     
 0.1525000      0.8457083E-01 
 0.1541667      0.6851617E-01 
 0.1558333      0.6729834E-01 
 0.1575000      0.1193653     
 0.1591667      0.7424802E-01 
 0.1608333      0.6719042E-01 
 0.1625000      0.5566238E-01 
 0.1641667      0.7785907E-01 
 0.1658333      0.1018451     
