# SumMovie FRC for input stack : stack1.mrc
# Number of micrographs: 1
# Number of frames per movie: 50
# Pixel size (A): 3.0000
# 1/(A)          FRC
# -----------------------
# 
# Micrograph 1 of 1. Score: .506
 0.8333334E-03  0.9999990     
 0.2500000E-02  0.9744981     
 0.4166666E-02  0.9567141     
 0.5833333E-02  0.9213638     
 0.7499999E-02  0.9023634     
 0.9166666E-02  0.7424693     
 0.1083333E-01  0.7105675     
 0.1250000E-01  0.8395191     
 0.1416667E-01  0.9096034     
 0.1583333E-01  0.9134411     
 0.1750000E-01  0.8581368     
 0.1916667E-01  0.6415563     
 0.2083333E-01  0.7330337     
 0.2250000E-01  0.8464212     
 0.2416667E-01  0.8838889     
 0.2583333E-01  0.8425635     
 0.2750000E-01  0.6923172     
 0.2916667E-01  0.5626649     
 0.3083333E-01  0.6575428     
 0.3250000E-01  0.6655152     
 0.3416666E-01  0.6084500     
 0.3583334E-01  0.4866781     
 0.3750000E-01  0.4289922     
 0.3916667E-01  0.3828404     
 0.4083334E-01  0.3807808     
 0.4250000E-01  0.3402086     
 0.4416666E-01  0.2154589     
 0.4583333E-01  0.1382133     
 0.4750000E-01  0.1898877     
 0.4916666E-01  0.1087141     
 0.5083333E-01  0.9624412E-01 
 0.5250000E-01  0.9856775E-01 
 0.5416667E-01  0.1136379     
 0.5583333E-01  0.1688973     
 0.5750000E-01  0.2176902     
 0.5916666E-01  0.2492422     
 0.6083334E-01  0.2831376     
 0.6250000E-01  0.2399688     
 0.6416667E-01  0.2326300     
 0.6583333E-01  0.2245490     
 0.6750000E-01  0.1401832     
 0.6916667E-01  0.1505756     
 0.7083333E-01  0.1212107     
 0.7250000E-01  0.6993748E-01 
 0.7416667E-01  0.8815940E-01 
 0.7583334E-01  0.1379947     
 0.7749999E-01  0.1896365     
 0.7916667E-01  0.2084487     
 0.8083334E-01  0.2113318     
 0.8250000E-01  0.2026003     
 0.8416667E-01  0.1598304     
 0.8583333E-01  0.1015564     
 0.8750000E-01  0.6098292E-01 
 0.8916666E-01  0.2219604E-01 
 0.9083333E-01  0.9540656E-01 
 0.9250000E-01  0.1248059     
 0.9416667E-01  0.1750102     
 0.9583333E-01  0.1856480     
 0.9750000E-01  0.1532852     
 0.9916665E-01  0.9368290E-01 
 0.1008333      0.8237568E-01 
 0.1025000      0.3591032E-01 
 0.1041667      0.1104288     
 0.1058333      0.1488834     
 0.1075000      0.1412554     
 0.1091667      0.1379585     
 0.1108333      0.1079197     
 0.1125000      0.1142002     
 0.1141667      0.7176001E-01 
 0.1158333      0.4630999E-01 
 0.1175000      0.7388082E-01 
 0.1191667      0.1063934     
 0.1208333      0.9840338E-01 
 0.1225000      0.6160432E-01 
 0.1241667      0.7455435E-01 
 0.1258333      0.4820616E-01 
 0.1275000      0.3258519E-01 
 0.1291667      0.1174793     
 0.1308333      0.9080841E-01 
 0.1325000      0.8116966E-01 
 0.1341667      0.2798224E-01 
 0.1358333      0.5852403E-01 
 0.1375000      0.6356409E-01 
 0.1391667      0.7418037E-01 
 0.1408333      0.9018543E-01 
 0.1425000      0.5924690E-01 
 0.1441667      0.3899818E-01 
 0.1458333      0.6028584E-01 
 0.1475000      0.8679246E-01 
 0.1491667      0.5488100E-01 
 0.1508333      0.4791895E-01 
 0.1525000      0.3887736E-01 
 0.1541667      0.4540038E-01 
 0.1558333      0.4781840E-01 
 0.1575000      0.5899398E-01 
 0.1591667      0.2099546E-01 
 0.1608333      0.6335916E-01 
 0.1625000      0.4547090E-01 
 0.1641667      0.7062839E-01 
 0.1658333      0.4333340E-01 
