# SumMovie FRC for input stack : stack11.mrc
# Number of micrographs: 1
# Number of frames per movie: 50
# Pixel size (A): 3.0000
# 1/(A)          FRC
# -----------------------
# 
# Micrograph 1 of 1. Score: .577
 0.8333334E-03  0.9999998     
 0.2500000E-02  0.8506311     
 0.4166666E-02  0.8709400     
 0.5833333E-02  0.8516156     
 0.7499999E-02  0.8579499     
 0.9166666E-02  0.7375304     
 0.1083333E-01  0.6258550     
 0.1250000E-01  0.8539616     
 0.1416667E-01  0.9155110     
 0.1583333E-01  0.9441683     
 0.1750000E-01  0.9083288     
 0.1916667E-01  0.6542877     
 0.2083333E-01  0.7417803     
 0.2250000E-01  0.8761770     
 0.2416667E-01  0.9248977     
 0.2583333E-01  0.8934219     
 0.2750000E-01  0.7466677     
 0.2916667E-01  0.6523652     
 0.3083333E-01  0.7205659     
 0.3250000E-01  0.7781247     
 0.3416666E-01  0.7322403     
 0.3583334E-01  0.5954198     
 0.3750000E-01  0.5330772     
 0.3916667E-01  0.5113050     
 0.4083334E-01  0.5214361     
 0.4250000E-01  0.4081075     
 0.4416666E-01  0.3428676     
 0.4583333E-01  0.3002475     
 0.4750000E-01  0.2174309     
 0.4916666E-01  0.1030798     
 0.5083333E-01  0.7416760E-01 
 0.5250000E-01  0.1384024     
 0.5416667E-01  0.1444622     
 0.5583333E-01  0.2167005     
 0.5750000E-01  0.3000193     
 0.5916666E-01  0.3845502     
 0.6083334E-01  0.3614579     
 0.6250000E-01  0.4236527     
 0.6416667E-01  0.4059175     
 0.6583333E-01  0.3291150     
 0.6750000E-01  0.3041265     
 0.6916667E-01  0.1825753     
 0.7083333E-01  0.1069764     
 0.7250000E-01  0.6324932E-01 
 0.7416667E-01  0.1097904     
 0.7583334E-01  0.2004601     
 0.7749999E-01  0.2848051     
 0.7916667E-01  0.3253869     
 0.8083334E-01  0.3797737     
 0.8250000E-01  0.3376268     
 0.8416667E-01  0.3175203     
 0.8583333E-01  0.2069621     
 0.8750000E-01  0.1011077     
 0.8916666E-01  0.6546574E-01 
 0.9083333E-01  0.1340507     
 0.9250000E-01  0.2403456     
 0.9416667E-01  0.2907846     
 0.9583333E-01  0.2973328     
 0.9750000E-01  0.2679352     
 0.9916665E-01  0.2176925     
 0.1008333      0.1049839     
 0.1025000      0.3726756E-01 
 0.1041667      0.1099766     
 0.1058333      0.1885876     
 0.1075000      0.2368157     
 0.1091667      0.2343779     
 0.1108333      0.1981623     
 0.1125000      0.1296868     
 0.1141667      0.5952044E-01 
 0.1158333      0.8018138E-01 
 0.1175000      0.1382628     
 0.1191667      0.1692445     
 0.1208333      0.1624707     
 0.1225000      0.1320077     
 0.1241667      0.7202733E-01 
 0.1258333      0.6178902E-01 
 0.1275000      0.8768617E-01 
 0.1291667      0.1416148     
 0.1308333      0.1674365     
 0.1325000      0.1616029     
 0.1341667      0.8573031E-01 
 0.1358333      0.4880770E-01 
 0.1375000      0.8877428E-01 
 0.1391667      0.9907175E-01 
 0.1408333      0.1286352     
 0.1425000      0.9912871E-01 
 0.1441667      0.6641901E-01 
 0.1458333      0.4203266E-01 
 0.1475000      0.5577410E-01 
 0.1491667      0.1106593     
 0.1508333      0.9777128E-01 
 0.1525000      0.7937764E-01 
 0.1541667      0.6274007E-01 
 0.1558333      0.6069854E-01 
 0.1575000      0.1139999     
 0.1591667      0.6997390E-01 
 0.1608333      0.6059934E-01 
 0.1625000      0.5582215E-01 
 0.1641667      0.6876767E-01 
 0.1658333      0.9246022E-01 
