# SumMovie FRC for input stack : stack11.mrc
# Number of micrographs: 1
# Number of frames per movie: 50
# Pixel size (A): 3.0000
# 1/(A)          FRC
# -----------------------
# 
# Micrograph 1 of 1. Score: .569
 0.8333334E-03  0.9999998     
 0.2500000E-02  0.8500410     
 0.4166666E-02  0.8701254     
 0.5833333E-02  0.8519588     
 0.7499999E-02  0.8572331     
 0.9166666E-02  0.7363300     
 0.1083333E-01  0.6257112     
 0.1250000E-01  0.8515817     
 0.1416667E-01  0.9137045     
 0.1583333E-01  0.9436356     
 0.1750000E-01  0.9065829     
 0.1916667E-01  0.6586446     
 0.2083333E-01  0.7378667     
 0.2250000E-01  0.8742834     
 0.2416667E-01  0.9205853     
 0.2583333E-01  0.8913879     
 0.2750000E-01  0.7394104     
 0.2916667E-01  0.6363254     
 0.3083333E-01  0.7066269     
 0.3250000E-01  0.7680416     
 0.3416666E-01  0.7152194     
 0.3583334E-01  0.5855520     
 0.3750000E-01  0.5177525     
 0.3916667E-01  0.4930204     
 0.4083334E-01  0.5120306     
 0.4250000E-01  0.3972857     
 0.4416666E-01  0.3325016     
 0.4583333E-01  0.2834756     
 0.4750000E-01  0.2195418     
 0.4916666E-01  0.1070040     
 0.5083333E-01  0.7548355E-01 
 0.5250000E-01  0.1357829     
 0.5416667E-01  0.1338121     
 0.5583333E-01  0.2209594     
 0.5750000E-01  0.2921397     
 0.5916666E-01  0.3514895     
 0.6083334E-01  0.3502593     
 0.6250000E-01  0.3898361     
 0.6416667E-01  0.3813746     
 0.6583333E-01  0.2981167     
 0.6750000E-01  0.2915221     
 0.6916667E-01  0.1875043     
 0.7083333E-01  0.1107221     
 0.7250000E-01  0.8715391E-01 
 0.7416667E-01  0.1084091     
 0.7583334E-01  0.1921324     
 0.7749999E-01  0.2586288     
 0.7916667E-01  0.3042948     
 0.8083334E-01  0.3409586     
 0.8250000E-01  0.3107560     
 0.8416667E-01  0.2854583     
 0.8583333E-01  0.1991726     
 0.8750000E-01  0.9111968E-01 
 0.8916666E-01  0.7699220E-01 
 0.9083333E-01  0.1283233     
 0.9250000E-01  0.2142857     
 0.9416667E-01  0.2759031     
 0.9583333E-01  0.3004258     
 0.9750000E-01  0.2482254     
 0.9916665E-01  0.2285670     
 0.1008333      0.1132296     
 0.1025000      0.8491868E-01 
 0.1041667      0.1425328     
 0.1058333      0.2147852     
 0.1075000      0.2081749     
 0.1091667      0.2450537     
 0.1108333      0.2073122     
 0.1125000      0.1529125     
 0.1141667      0.1016817     
 0.1158333      0.9210380E-01 
 0.1175000      0.1628056     
 0.1191667      0.1916497     
 0.1208333      0.1653477     
 0.1225000      0.1453605     
 0.1241667      0.9282698E-01 
 0.1258333      0.1046117     
 0.1275000      0.1131108     
 0.1291667      0.1647727     
 0.1308333      0.1576581     
 0.1325000      0.1846109     
 0.1341667      0.1109849     
 0.1358333      0.7152724E-01 
 0.1375000      0.1316510     
 0.1391667      0.1139576     
 0.1408333      0.1479462     
 0.1425000      0.1140261     
 0.1441667      0.1170646     
 0.1458333      0.1031315     
 0.1475000      0.1042301     
 0.1491667      0.1165281     
 0.1508333      0.1505406     
 0.1525000      0.1069021     
 0.1541667      0.9609789E-01 
 0.1558333      0.1154288     
 0.1575000      0.1460888     
 0.1591667      0.1074714     
 0.1608333      0.1203167     
 0.1625000      0.9925006E-01 
 0.1641667      0.1240605     
 0.1658333      0.1459321     
