# SumMovie FRC for input stack : stack1.mrc
# Number of micrographs: 1
# Number of frames per movie: 50
# Pixel size (A): 3.0000
# 1/(A)          FRC
# -----------------------
# 
# Micrograph 1 of 1. Score: .547
 0.8333334E-03  0.9999993     
 0.2500000E-02  0.9744583     
 0.4166666E-02  0.9570108     
 0.5833333E-02  0.9206757     
 0.7499999E-02  0.9048140     
 0.9166666E-02  0.7498071     
 0.1083333E-01  0.7273998     
 0.1250000E-01  0.8559100     
 0.1416667E-01  0.9222832     
 0.1583333E-01  0.9261855     
 0.1750000E-01  0.8739595     
 0.1916667E-01  0.6748208     
 0.2083333E-01  0.7638988     
 0.2250000E-01  0.8704146     
 0.2416667E-01  0.9032787     
 0.2583333E-01  0.8718920     
 0.2750000E-01  0.7477928     
 0.2916667E-01  0.6444626     
 0.3083333E-01  0.7088525     
 0.3250000E-01  0.7376449     
 0.3416666E-01  0.6840613     
 0.3583334E-01  0.5451793     
 0.3750000E-01  0.4828669     
 0.3916667E-01  0.4612696     
 0.4083334E-01  0.4485807     
 0.4250000E-01  0.4005930     
 0.4416666E-01  0.2595801     
 0.4583333E-01  0.1703527     
 0.4750000E-01  0.1882971     
 0.4916666E-01  0.9712885E-01 
 0.5083333E-01  0.6351864E-01 
 0.5250000E-01  0.6812992E-01 
 0.5416667E-01  0.1281722     
 0.5583333E-01  0.1856498     
 0.5750000E-01  0.2531727     
 0.5916666E-01  0.3161089     
 0.6083334E-01  0.3424959     
 0.6250000E-01  0.3286202     
 0.6416667E-01  0.2997537     
 0.6583333E-01  0.2725311     
 0.6750000E-01  0.1618531     
 0.6916667E-01  0.1356860     
 0.7083333E-01  0.8563063E-01 
 0.7250000E-01  0.6975821E-01 
 0.7416667E-01  0.1075668     
 0.7583334E-01  0.1661728     
 0.7749999E-01  0.2460833     
 0.7916667E-01  0.2981268     
 0.8083334E-01  0.2879651     
 0.8250000E-01  0.2839434     
 0.8416667E-01  0.2263402     
 0.8583333E-01  0.1228910     
 0.8750000E-01  0.6153391E-01 
 0.8916666E-01  0.3180887E-01 
 0.9083333E-01  0.1307873     
 0.9250000E-01  0.1950847     
 0.9416667E-01  0.2361047     
 0.9583333E-01  0.2478475     
 0.9750000E-01  0.1961358     
 0.9916665E-01  0.1076764     
 0.1008333      0.6669144E-01 
 0.1025000      0.4341422E-01 
 0.1041667      0.1201860     
 0.1058333      0.1522135     
 0.1075000      0.1588891     
 0.1091667      0.1751528     
 0.1108333      0.1307587     
 0.1125000      0.1222623     
 0.1141667      0.3617845E-01 
 0.1158333      0.6457247E-01 
 0.1175000      0.1084876     
 0.1191667      0.1084391     
 0.1208333      0.1135639     
 0.1225000      0.1002605     
 0.1241667      0.4694569E-01 
 0.1258333      0.3906889E-01 
 0.1275000      0.5871433E-01 
 0.1291667      0.1127932     
 0.1308333      0.1203312     
 0.1325000      0.6746829E-01 
 0.1341667      0.4771079E-01 
 0.1358333      0.2750134E-01 
 0.1375000      0.1024659     
 0.1391667      0.6382134E-01 
 0.1408333      0.1077634     
 0.1425000      0.6360861E-01 
 0.1441667      0.3314947E-01 
 0.1458333      0.3029000E-01 
 0.1475000      0.7337691E-01 
 0.1491667      0.5570672E-01 
 0.1508333      0.6178927E-01 
 0.1525000      0.2653744E-01 
 0.1541667      0.5695662E-01 
 0.1558333      0.8507237E-01 
 0.1575000      0.4425635E-01 
 0.1591667      0.2107731E-01 
 0.1608333      0.3289224E-01 
 0.1625000      0.4706315E-01 
 0.1641667      0.3789528E-01 
 0.1658333      0.2842571E-01 
