# SumMovie FRC for input stack : stack6.mrc
# Number of micrographs: 1
# Number of frames per movie: 50
# Pixel size (A): 3.0000
# 1/(A)          FRC
# -----------------------
# 
# Micrograph 1 of 1. Score: .573
 0.8333334E-03  0.9999999     
 0.2500000E-02  0.9513475     
 0.4166666E-02  0.9316582     
 0.5833333E-02  0.8461778     
 0.7499999E-02  0.8649001     
 0.9166666E-02  0.6725126     
 0.1083333E-01  0.6541138     
 0.1250000E-01  0.8458786     
 0.1416667E-01  0.8828084     
 0.1583333E-01  0.9308640     
 0.1750000E-01  0.8905508     
 0.1916667E-01  0.5999725     
 0.2083333E-01  0.6600617     
 0.2250000E-01  0.8271925     
 0.2416667E-01  0.8906865     
 0.2583333E-01  0.8425854     
 0.2750000E-01  0.7191849     
 0.2916667E-01  0.6129221     
 0.3083333E-01  0.6725597     
 0.3250000E-01  0.7155439     
 0.3416666E-01  0.6819679     
 0.3583334E-01  0.5732875     
 0.3750000E-01  0.5205256     
 0.3916667E-01  0.5029968     
 0.4083334E-01  0.5348851     
 0.4250000E-01  0.4339845     
 0.4416666E-01  0.3670995     
 0.4583333E-01  0.3350478     
 0.4750000E-01  0.2843962     
 0.4916666E-01  0.2117092     
 0.5083333E-01  0.1183317     
 0.5250000E-01  0.1433214     
 0.5416667E-01  0.9022851E-01 
 0.5583333E-01  0.1299254     
 0.5750000E-01  0.1298177     
 0.5916666E-01  0.2080331     
 0.6083334E-01  0.2678020     
 0.6250000E-01  0.2881823     
 0.6416667E-01  0.3296918     
 0.6583333E-01  0.3274730     
 0.6750000E-01  0.3332342     
 0.6916667E-01  0.3161038     
 0.7083333E-01  0.2668930     
 0.7250000E-01  0.2133709     
 0.7416667E-01  0.1446651     
 0.7583334E-01  0.1020958     
 0.7749999E-01  0.8922013E-01 
 0.7916667E-01  0.9569029E-01 
 0.8083334E-01  0.1717854     
 0.8250000E-01  0.2108870     
 0.8416667E-01  0.2660765     
 0.8583333E-01  0.2854074     
 0.8750000E-01  0.2622774     
 0.8916666E-01  0.2537055     
 0.9083333E-01  0.1324428     
 0.9250000E-01  0.1280904     
 0.9416667E-01  0.8505086E-01 
 0.9583333E-01  0.1280944     
 0.9750000E-01  0.1289536     
 0.9916665E-01  0.1670788     
 0.1008333      0.1899223     
 0.1025000      0.2109035     
 0.1041667      0.1962193     
 0.1058333      0.1432744     
 0.1075000      0.1069526     
 0.1091667      0.5589514E-01 
 0.1108333      0.8241096E-01 
 0.1125000      0.1368397     
 0.1141667      0.1725588     
 0.1158333      0.1957655     
 0.1175000      0.1583403     
 0.1191667      0.1397911     
 0.1208333      0.9641730E-01 
 0.1225000      0.6970438E-01 
 0.1241667      0.9226518E-01 
 0.1258333      0.9860747E-01 
 0.1275000      0.1494790     
 0.1291667      0.1390262     
 0.1308333      0.1368378     
 0.1325000      0.6595190E-01 
 0.1341667      0.5539382E-01 
 0.1358333      0.1121795     
 0.1375000      0.9117927E-01 
 0.1391667      0.9533212E-01 
 0.1408333      0.1193539     
 0.1425000      0.1038383     
 0.1441667      0.8050238E-01 
 0.1458333      0.8062609E-01 
 0.1475000      0.8978643E-01 
 0.1491667      0.1183956     
 0.1508333      0.1282148     
 0.1525000      0.9890945E-01 
 0.1541667      0.6596126E-01 
 0.1558333      0.9456293E-01 
 0.1575000      0.8481216E-01 
 0.1591667      0.9824165E-01 
 0.1608333      0.1182393     
 0.1625000      0.8804487E-01 
 0.1641667      0.8231014E-01 
 0.1658333      0.6059973E-01 
