# SumMovie FRC for input stack : stack16.mrc
# Number of micrographs: 1
# Number of frames per movie: 50
# Pixel size (A): 3.0000
# 1/(A)          FRC
# -----------------------
# 
# Micrograph 1 of 1. Score: .531
 0.8333334E-03  0.9999994     
 0.2500000E-02  0.9670643     
 0.4166666E-02  0.9459323     
 0.5833333E-02  0.9111977     
 0.7499999E-02  0.8945112     
 0.9166666E-02  0.8415305     
 0.1083333E-01  0.7725493     
 0.1250000E-01  0.8793301     
 0.1416667E-01  0.9336519     
 0.1583333E-01  0.9642571     
 0.1750000E-01  0.9442674     
 0.1916667E-01  0.7669333     
 0.2083333E-01  0.8018313     
 0.2250000E-01  0.8953791     
 0.2416667E-01  0.9361858     
 0.2583333E-01  0.9275721     
 0.2750000E-01  0.8189664     
 0.2916667E-01  0.6859089     
 0.3083333E-01  0.7361545     
 0.3250000E-01  0.7827881     
 0.3416666E-01  0.7047611     
 0.3583334E-01  0.5714958     
 0.3750000E-01  0.4289854     
 0.3916667E-01  0.3599823     
 0.4083334E-01  0.2973044     
 0.4250000E-01  0.1124912     
 0.4416666E-01  0.1228914     
 0.4583333E-01  0.1026067     
 0.4750000E-01  0.1350759     
 0.4916666E-01  0.2725523     
 0.5083333E-01  0.3377700     
 0.5250000E-01  0.3684083     
 0.5416667E-01  0.3650009     
 0.5583333E-01  0.4130581     
 0.5750000E-01  0.3538093     
 0.5916666E-01  0.2673493     
 0.6083334E-01  0.1835546     
 0.6250000E-01  0.9022451E-01 
 0.6416667E-01  0.1064132     
 0.6583333E-01  0.1436736     
 0.6750000E-01  0.2030712     
 0.6916667E-01  0.3084942     
 0.7083333E-01  0.4017464     
 0.7250000E-01  0.3414285     
 0.7416667E-01  0.2790473     
 0.7583334E-01  0.1697970     
 0.7749999E-01  0.1090312     
 0.7916667E-01  0.9297521E-01 
 0.8083334E-01  0.2484457     
 0.8250000E-01  0.2616521     
 0.8416667E-01  0.3391355     
 0.8583333E-01  0.2876116     
 0.8750000E-01  0.1863824     
 0.8916666E-01  0.1128013     
 0.9083333E-01  0.8865923E-01 
 0.9250000E-01  0.1800324     
 0.9416667E-01  0.2449419     
 0.9583333E-01  0.2688278     
 0.9750000E-01  0.2146711     
 0.9916665E-01  0.1149187     
 0.1008333      0.8776818E-01 
 0.1025000      0.1283761     
 0.1041667      0.1887275     
 0.1058333      0.2353521     
 0.1075000      0.1897515     
 0.1091667      0.1274823     
 0.1108333      0.5802144E-01 
 0.1125000      0.1499399     
 0.1141667      0.1783501     
 0.1158333      0.1744362     
 0.1175000      0.1193802     
 0.1191667      0.8707039E-01 
 0.1208333      0.1009597     
 0.1225000      0.1467799     
 0.1241667      0.1625152     
 0.1258333      0.1212749     
 0.1275000      0.7980569E-01 
 0.1291667      0.9055281E-01 
 0.1308333      0.1397353     
 0.1325000      0.1342743     
 0.1341667      0.9785280E-01 
 0.1358333      0.4996704E-01 
 0.1375000      0.1031280     
 0.1391667      0.1287595     
 0.1408333      0.1202025     
 0.1425000      0.7532453E-01 
 0.1441667      0.9916890E-01 
 0.1458333      0.1142703     
 0.1475000      0.1071152     
 0.1491667      0.9483833E-01 
 0.1508333      0.9388760E-01 
 0.1525000      0.1052607     
 0.1541667      0.9467590E-01 
 0.1558333      0.7918606E-01 
 0.1575000      0.7043514E-01 
 0.1591667      0.1010442     
 0.1608333      0.1021708     
 0.1625000      0.6181578E-01 
 0.1641667      0.7144306E-01 
 0.1658333      0.1391792     
