# SumMovie FRC for input stack : stack16.mrc
# Number of micrographs: 1
# Number of frames per movie: 50
# Pixel size (A): 3.0000
# 1/(A)          FRC
# -----------------------
# 
# Micrograph 1 of 1. Score: .527
 0.8333334E-03  0.9999994     
 0.2500000E-02  0.9669592     
 0.4166666E-02  0.9458916     
 0.5833333E-02  0.9108366     
 0.7499999E-02  0.8942393     
 0.9166666E-02  0.8409466     
 0.1083333E-01  0.7711432     
 0.1250000E-01  0.8781238     
 0.1416667E-01  0.9331455     
 0.1583333E-01  0.9634865     
 0.1750000E-01  0.9432171     
 0.1916667E-01  0.7635676     
 0.2083333E-01  0.7990405     
 0.2250000E-01  0.8914974     
 0.2416667E-01  0.9333733     
 0.2583333E-01  0.9240550     
 0.2750000E-01  0.8116728     
 0.2916667E-01  0.6768521     
 0.3083333E-01  0.7293703     
 0.3250000E-01  0.7743859     
 0.3416666E-01  0.6950148     
 0.3583334E-01  0.5522786     
 0.3750000E-01  0.4238719     
 0.3916667E-01  0.3583333     
 0.4083334E-01  0.2932670     
 0.4250000E-01  0.1149907     
 0.4416666E-01  0.1227459     
 0.4583333E-01  0.1075201     
 0.4750000E-01  0.1371090     
 0.4916666E-01  0.2688076     
 0.5083333E-01  0.3270039     
 0.5250000E-01  0.3539470     
 0.5416667E-01  0.3546612     
 0.5583333E-01  0.4017244     
 0.5750000E-01  0.3395802     
 0.5916666E-01  0.2606940     
 0.6083334E-01  0.1699777     
 0.6250000E-01  0.9148306E-01 
 0.6416667E-01  0.1157360     
 0.6583333E-01  0.1401577     
 0.6750000E-01  0.1856828     
 0.6916667E-01  0.2946712     
 0.7083333E-01  0.3828634     
 0.7250000E-01  0.3296679     
 0.7416667E-01  0.2652957     
 0.7583334E-01  0.1615596     
 0.7749999E-01  0.1127324     
 0.7916667E-01  0.9195108E-01 
 0.8083334E-01  0.2425029     
 0.8250000E-01  0.2417439     
 0.8416667E-01  0.3204985     
 0.8583333E-01  0.2739030     
 0.8750000E-01  0.1825804     
 0.8916666E-01  0.1175027     
 0.9083333E-01  0.9914071E-01 
 0.9250000E-01  0.1840398     
 0.9416667E-01  0.2380842     
 0.9583333E-01  0.2494036     
 0.9750000E-01  0.2028949     
 0.9916665E-01  0.1294098     
 0.1008333      0.1103256     
 0.1025000      0.1337493     
 0.1041667      0.1880514     
 0.1058333      0.2236808     
 0.1075000      0.1853148     
 0.1091667      0.1287657     
 0.1108333      0.6885053E-01 
 0.1125000      0.1539954     
 0.1141667      0.1834555     
 0.1158333      0.1730851     
 0.1175000      0.1362732     
 0.1191667      0.8802029E-01 
 0.1208333      0.1171169     
 0.1225000      0.1504182     
 0.1241667      0.1730413     
 0.1258333      0.1288235     
 0.1275000      0.9237221E-01 
 0.1291667      0.1158049     
 0.1308333      0.1382518     
 0.1325000      0.1366083     
 0.1341667      0.1119484     
 0.1358333      0.7281043E-01 
 0.1375000      0.1291994     
 0.1391667      0.1369832     
 0.1408333      0.1414732     
 0.1425000      0.9915784E-01 
 0.1441667      0.1201228     
 0.1458333      0.1203608     
 0.1475000      0.1171445     
 0.1491667      0.1229807     
 0.1508333      0.9740056E-01 
 0.1525000      0.1309044     
 0.1541667      0.1160590     
 0.1558333      0.9856663E-01 
 0.1575000      0.9580298E-01 
 0.1591667      0.1084749     
 0.1608333      0.1212686     
 0.1625000      0.7246487E-01 
 0.1641667      0.9721085E-01 
 0.1658333      0.1365371     
