# SumMovie FRC for input stack : stack11.mrc
# Number of micrographs: 1
# Number of frames per movie: 50
# Pixel size (A): 3.0000
# 1/(A)          FRC
# -----------------------
# 
# Micrograph 1 of 1. Score: .577
 0.8333334E-03  0.9999998     
 0.2500000E-02  0.8506114     
 0.4166666E-02  0.8708760     
 0.5833333E-02  0.8516675     
 0.7499999E-02  0.8579058     
 0.9166666E-02  0.7375982     
 0.1083333E-01  0.6257372     
 0.1250000E-01  0.8538404     
 0.1416667E-01  0.9154054     
 0.1583333E-01  0.9441800     
 0.1750000E-01  0.9082833     
 0.1916667E-01  0.6549196     
 0.2083333E-01  0.7417963     
 0.2250000E-01  0.8761978     
 0.2416667E-01  0.9247280     
 0.2583333E-01  0.8934329     
 0.2750000E-01  0.7466121     
 0.2916667E-01  0.6518619     
 0.3083333E-01  0.7200779     
 0.3250000E-01  0.7779125     
 0.3416666E-01  0.7313997     
 0.3583334E-01  0.5953702     
 0.3750000E-01  0.5329573     
 0.3916667E-01  0.5110021     
 0.4083334E-01  0.5214950     
 0.4250000E-01  0.4078000     
 0.4416666E-01  0.3425282     
 0.4583333E-01  0.3000008     
 0.4750000E-01  0.2184432     
 0.4916666E-01  0.1040465     
 0.5083333E-01  0.7607258E-01 
 0.5250000E-01  0.1386611     
 0.5416667E-01  0.1452707     
 0.5583333E-01  0.2184708     
 0.5750000E-01  0.2999234     
 0.5916666E-01  0.3832416     
 0.6083334E-01  0.3612303     
 0.6250000E-01  0.4227981     
 0.6416667E-01  0.4056136     
 0.6583333E-01  0.3285749     
 0.6750000E-01  0.3046657     
 0.6916667E-01  0.1833054     
 0.7083333E-01  0.1064958     
 0.7250000E-01  0.6656252E-01 
 0.7416667E-01  0.1095239     
 0.7583334E-01  0.2016647     
 0.7749999E-01  0.2836726     
 0.7916667E-01  0.3237069     
 0.8083334E-01  0.3780578     
 0.8250000E-01  0.3368081     
 0.8416667E-01  0.3164894     
 0.8583333E-01  0.2093759     
 0.8750000E-01  0.1011299     
 0.8916666E-01  0.6762401E-01 
 0.9083333E-01  0.1347857     
 0.9250000E-01  0.2392133     
 0.9416667E-01  0.2924359     
 0.9583333E-01  0.2981563     
 0.9750000E-01  0.2681442     
 0.9916665E-01  0.2215778     
 0.1008333      0.1058630     
 0.1025000      0.4212312E-01 
 0.1041667      0.1138466     
 0.1058333      0.1926437     
 0.1075000      0.2378142     
 0.1091667      0.2366292     
 0.1108333      0.1988615     
 0.1125000      0.1331712     
 0.1141667      0.6404202E-01 
 0.1158333      0.8214065E-01 
 0.1175000      0.1403383     
 0.1191667      0.1735813     
 0.1208333      0.1629628     
 0.1225000      0.1330386     
 0.1241667      0.7328349E-01 
 0.1258333      0.6511931E-01 
 0.1275000      0.9052965E-01 
 0.1291667      0.1449401     
 0.1308333      0.1680602     
 0.1325000      0.1638994     
 0.1341667      0.8904350E-01 
 0.1358333      0.5036546E-01 
 0.1375000      0.9389880E-01 
 0.1391667      0.1017628     
 0.1408333      0.1309888     
 0.1425000      0.1026598     
 0.1441667      0.6940284E-01 
 0.1458333      0.4648573E-01 
 0.1475000      0.5686399E-01 
 0.1491667      0.1122079     
 0.1508333      0.1033811     
 0.1525000      0.8272924E-01 
 0.1541667      0.6533252E-01 
 0.1558333      0.6472602E-01 
 0.1575000      0.1167464     
 0.1591667      0.7155980E-01 
 0.1608333      0.6434265E-01 
 0.1625000      0.5839477E-01 
 0.1641667      0.7415947E-01 
 0.1658333      0.9575997E-01 
