# SumMovie FRC for input stack : stack1.mrc
# Number of micrographs: 1
# Number of frames per movie: 50
# Pixel size (A): 3.0000
# 1/(A)          FRC
# -----------------------
# 
# Micrograph 1 of 1. Score: .546
 0.8333334E-03  0.9999993     
 0.2500000E-02  0.9744581     
 0.4166666E-02  0.9570087     
 0.5833333E-02  0.9206470     
 0.7499999E-02  0.9048637     
 0.9166666E-02  0.7496416     
 0.1083333E-01  0.7274281     
 0.1250000E-01  0.8559374     
 0.1416667E-01  0.9222914     
 0.1583333E-01  0.9262523     
 0.1750000E-01  0.8739601     
 0.1916667E-01  0.6747586     
 0.2083333E-01  0.7639916     
 0.2250000E-01  0.8705162     
 0.2416667E-01  0.9032374     
 0.2583333E-01  0.8718808     
 0.2750000E-01  0.7474780     
 0.2916667E-01  0.6441681     
 0.3083333E-01  0.7087139     
 0.3250000E-01  0.7376018     
 0.3416666E-01  0.6839374     
 0.3583334E-01  0.5451748     
 0.3750000E-01  0.4831225     
 0.3916667E-01  0.4608042     
 0.4083334E-01  0.4485250     
 0.4250000E-01  0.4000782     
 0.4416666E-01  0.2595306     
 0.4583333E-01  0.1695953     
 0.4750000E-01  0.1883972     
 0.4916666E-01  0.9622622E-01 
 0.5083333E-01  0.6313244E-01 
 0.5250000E-01  0.6781562E-01 
 0.5416667E-01  0.1276236     
 0.5583333E-01  0.1858150     
 0.5750000E-01  0.2525845     
 0.5916666E-01  0.3161367     
 0.6083334E-01  0.3424358     
 0.6250000E-01  0.3279378     
 0.6416667E-01  0.2999415     
 0.6583333E-01  0.2725996     
 0.6750000E-01  0.1617635     
 0.6916667E-01  0.1350127     
 0.7083333E-01  0.8607063E-01 
 0.7250000E-01  0.6965063E-01 
 0.7416667E-01  0.1084185     
 0.7583334E-01  0.1676899     
 0.7749999E-01  0.2463453     
 0.7916667E-01  0.2981254     
 0.8083334E-01  0.2888366     
 0.8250000E-01  0.2841656     
 0.8416667E-01  0.2273744     
 0.8583333E-01  0.1238375     
 0.8750000E-01  0.6158360E-01 
 0.8916666E-01  0.3177038E-01 
 0.9083333E-01  0.1313393     
 0.9250000E-01  0.1965921     
 0.9416667E-01  0.2369855     
 0.9583333E-01  0.2496863     
 0.9750000E-01  0.1959450     
 0.9916665E-01  0.1088206     
 0.1008333      0.6803630E-01 
 0.1025000      0.4543536E-01 
 0.1041667      0.1201991     
 0.1058333      0.1538796     
 0.1075000      0.1601537     
 0.1091667      0.1752076     
 0.1108333      0.1313715     
 0.1125000      0.1231877     
 0.1141667      0.3715257E-01 
 0.1158333      0.6469651E-01 
 0.1175000      0.1081573     
 0.1191667      0.1107694     
 0.1208333      0.1142970     
 0.1225000      0.1014828     
 0.1241667      0.4706730E-01 
 0.1258333      0.4009518E-01 
 0.1275000      0.5875079E-01 
 0.1291667      0.1156721     
 0.1308333      0.1206097     
 0.1325000      0.6895651E-01 
 0.1341667      0.4894020E-01 
 0.1358333      0.2540525E-01 
 0.1375000      0.1034805     
 0.1391667      0.6629450E-01 
 0.1408333      0.1083824     
 0.1425000      0.6234708E-01 
 0.1441667      0.3553749E-01 
 0.1458333      0.2980838E-01 
 0.1475000      0.7436045E-01 
 0.1491667      0.5764021E-01 
 0.1508333      0.6380798E-01 
 0.1525000      0.2483911E-01 
 0.1541667      0.5780291E-01 
 0.1558333      0.8388802E-01 
 0.1575000      0.4378403E-01 
 0.1591667      0.2181643E-01 
 0.1608333      0.3606552E-01 
 0.1625000      0.4753207E-01 
 0.1641667      0.3690801E-01 
 0.1658333      0.2882186E-01 
