# SumMovie FRC for input stack : stack16.mrc
# Number of micrographs: 1
# Number of frames per movie: 50
# Pixel size (A): 3.0000
# 1/(A)          FRC
# -----------------------
# 
# Micrograph 1 of 1. Score: .537
 0.8333334E-03  0.9999994     
 0.2500000E-02  0.9671787     
 0.4166666E-02  0.9457345     
 0.5833333E-02  0.9116936     
 0.7499999E-02  0.8955972     
 0.9166666E-02  0.8420854     
 0.1083333E-01  0.7748671     
 0.1250000E-01  0.8819899     
 0.1416667E-01  0.9347419     
 0.1583333E-01  0.9654295     
 0.1750000E-01  0.9456215     
 0.1916667E-01  0.7732210     
 0.2083333E-01  0.8040839     
 0.2250000E-01  0.9007855     
 0.2416667E-01  0.9403725     
 0.2583333E-01  0.9322237     
 0.2750000E-01  0.8281199     
 0.2916667E-01  0.6985405     
 0.3083333E-01  0.7460867     
 0.3250000E-01  0.7938651     
 0.3416666E-01  0.7236094     
 0.3583334E-01  0.5967221     
 0.3750000E-01  0.4385044     
 0.3916667E-01  0.3707815     
 0.4083334E-01  0.2935393     
 0.4250000E-01  0.1180401     
 0.4416666E-01  0.1277638     
 0.4583333E-01  0.9645631E-01 
 0.4750000E-01  0.1440143     
 0.4916666E-01  0.2678849     
 0.5083333E-01  0.3411039     
 0.5250000E-01  0.3839681     
 0.5416667E-01  0.3690968     
 0.5583333E-01  0.4150660     
 0.5750000E-01  0.3615648     
 0.5916666E-01  0.2756192     
 0.6083334E-01  0.1937183     
 0.6250000E-01  0.8615442E-01 
 0.6416667E-01  0.1017754     
 0.6583333E-01  0.1397071     
 0.6750000E-01  0.2157619     
 0.6916667E-01  0.3175658     
 0.7083333E-01  0.4034798     
 0.7250000E-01  0.3592767     
 0.7416667E-01  0.2825306     
 0.7583334E-01  0.1821390     
 0.7749999E-01  0.1178569     
 0.7916667E-01  0.9640178E-01 
 0.8083334E-01  0.2420569     
 0.8250000E-01  0.2691332     
 0.8416667E-01  0.3585308     
 0.8583333E-01  0.2920570     
 0.8750000E-01  0.1852532     
 0.8916666E-01  0.1150404     
 0.9083333E-01  0.8322097E-01 
 0.9250000E-01  0.1901362     
 0.9416667E-01  0.2535533     
 0.9583333E-01  0.2812411     
 0.9750000E-01  0.2193826     
 0.9916665E-01  0.1050547     
 0.1008333      0.7552935E-01 
 0.1025000      0.1276990     
 0.1041667      0.1840154     
 0.1058333      0.2417756     
 0.1075000      0.1773962     
 0.1091667      0.1150358     
 0.1108333      0.4555414E-01 
 0.1125000      0.1416431     
 0.1141667      0.1850074     
 0.1158333      0.1798758     
 0.1175000      0.1109221     
 0.1191667      0.5806253E-01 
 0.1208333      0.9057181E-01 
 0.1225000      0.1578187     
 0.1241667      0.1679654     
 0.1258333      0.1084725     
 0.1275000      0.7586025E-01 
 0.1291667      0.8941535E-01 
 0.1308333      0.1328966     
 0.1325000      0.1362105     
 0.1341667      0.8332956E-01 
 0.1358333      0.4149244E-01 
 0.1375000      0.1027782     
 0.1391667      0.1406691     
 0.1408333      0.1096347     
 0.1425000      0.6499567E-01 
 0.1441667      0.8465590E-01 
 0.1458333      0.1064721     
 0.1475000      0.1004338     
 0.1491667      0.7010291E-01 
 0.1508333      0.6285036E-01 
 0.1525000      0.1006453     
 0.1541667      0.9308857E-01 
 0.1558333      0.6992261E-01 
 0.1575000      0.4796305E-01 
 0.1591667      0.8826075E-01 
 0.1608333      0.9753975E-01 
 0.1625000      0.4637733E-01 
 0.1641667      0.6065248E-01 
 0.1658333      0.1340985     
