# SumMovie FRC for input stack : stack6.mrc
# Number of micrographs: 1
# Number of frames per movie: 50
# Pixel size (A): 3.0000
# 1/(A)          FRC
# -----------------------
# 
# Micrograph 1 of 1. Score: .591
 0.8333334E-03  0.9999999     
 0.2500000E-02  0.9513505     
 0.4166666E-02  0.9318748     
 0.5833333E-02  0.8470385     
 0.7499999E-02  0.8656462     
 0.9166666E-02  0.6767380     
 0.1083333E-01  0.6583236     
 0.1250000E-01  0.8488333     
 0.1416667E-01  0.8869774     
 0.1583333E-01  0.9344566     
 0.1750000E-01  0.8939487     
 0.1916667E-01  0.6008042     
 0.2083333E-01  0.6702644     
 0.2250000E-01  0.8395599     
 0.2416667E-01  0.9006466     
 0.2583333E-01  0.8552222     
 0.2750000E-01  0.7320840     
 0.2916667E-01  0.6269445     
 0.3083333E-01  0.6944243     
 0.3250000E-01  0.7286300     
 0.3416666E-01  0.7003213     
 0.3583334E-01  0.5971775     
 0.3750000E-01  0.5413736     
 0.3916667E-01  0.5287034     
 0.4083334E-01  0.5717973     
 0.4250000E-01  0.4566094     
 0.4416666E-01  0.3918037     
 0.4583333E-01  0.3652301     
 0.4750000E-01  0.3002406     
 0.4916666E-01  0.2215592     
 0.5083333E-01  0.1320759     
 0.5250000E-01  0.1222172     
 0.5416667E-01  0.6893328E-01 
 0.5583333E-01  0.1023767     
 0.5750000E-01  0.1249925     
 0.5916666E-01  0.2039354     
 0.6083334E-01  0.2734419     
 0.6250000E-01  0.2979537     
 0.6416667E-01  0.3463232     
 0.6583333E-01  0.3646483     
 0.6750000E-01  0.3487764     
 0.6916667E-01  0.3413992     
 0.7083333E-01  0.2881063     
 0.7250000E-01  0.2262688     
 0.7416667E-01  0.1377370     
 0.7583334E-01  0.8789697E-01 
 0.7749999E-01  0.7570016E-01 
 0.7916667E-01  0.7727867E-01 
 0.8083334E-01  0.1893889     
 0.8250000E-01  0.2238602     
 0.8416667E-01  0.2893458     
 0.8583333E-01  0.3065199     
 0.8750000E-01  0.2869328     
 0.8916666E-01  0.2501720     
 0.9083333E-01  0.1648634     
 0.9250000E-01  0.9167385E-01 
 0.9416667E-01  0.5777551E-01 
 0.9583333E-01  0.8883043E-01 
 0.9750000E-01  0.8972950E-01 
 0.9916665E-01  0.1498574     
 0.1008333      0.2072549     
 0.1025000      0.2387356     
 0.1041667      0.1817875     
 0.1058333      0.1492997     
 0.1075000      0.8302575E-01 
 0.1091667      0.6831004E-01 
 0.1108333      0.5958198E-01 
 0.1125000      0.8979300E-01 
 0.1141667      0.1535223     
 0.1158333      0.1881087     
 0.1175000      0.1780309     
 0.1191667      0.1482483     
 0.1208333      0.5681872E-01 
 0.1225000      0.4588674E-01 
 0.1241667      0.3969289E-01 
 0.1258333      0.1089606     
 0.1275000      0.1380134     
 0.1291667      0.1315743     
 0.1308333      0.1179742     
 0.1325000      0.6555109E-01 
 0.1341667      0.5359999E-01 
 0.1358333      0.7848413E-01 
 0.1375000      0.7083884E-01 
 0.1391667      0.9952814E-01 
 0.1408333      0.9813205E-01 
 0.1425000      0.7890710E-01 
 0.1441667      0.6879208E-01 
 0.1458333      0.4019967E-01 
 0.1475000      0.5908085E-01 
 0.1491667      0.8015247E-01 
 0.1508333      0.9476925E-01 
 0.1525000      0.6798556E-01 
 0.1541667      0.4733314E-01 
 0.1558333      0.5747234E-01 
 0.1575000      0.7515317E-01 
 0.1591667      0.9010234E-01 
 0.1608333      0.7805469E-01 
 0.1625000      0.8225933E-01 
 0.1641667      0.7155910E-01 
 0.1658333      0.2741770E-01 
