# SumMovie FRC for input stack : stack11.mrc
# Number of micrographs: 1
# Number of frames per movie: 50
# Pixel size (A): 3.0000
# 1/(A)          FRC
# -----------------------
# 
# Micrograph 1 of 1. Score: .577
 0.8333334E-03  0.9999998     
 0.2500000E-02  0.8505899     
 0.4166666E-02  0.8708771     
 0.5833333E-02  0.8516505     
 0.7499999E-02  0.8578663     
 0.9166666E-02  0.7372806     
 0.1083333E-01  0.6260675     
 0.1250000E-01  0.8537632     
 0.1416667E-01  0.9154396     
 0.1583333E-01  0.9441392     
 0.1750000E-01  0.9082393     
 0.1916667E-01  0.6547967     
 0.2083333E-01  0.7417049     
 0.2250000E-01  0.8762059     
 0.2416667E-01  0.9246332     
 0.2583333E-01  0.8935218     
 0.2750000E-01  0.7463175     
 0.2916667E-01  0.6514325     
 0.3083333E-01  0.7193123     
 0.3250000E-01  0.7774197     
 0.3416666E-01  0.7310232     
 0.3583334E-01  0.5951313     
 0.3750000E-01  0.5325153     
 0.3916667E-01  0.5109512     
 0.4083334E-01  0.5219257     
 0.4250000E-01  0.4083470     
 0.4416666E-01  0.3432055     
 0.4583333E-01  0.2995985     
 0.4750000E-01  0.2178269     
 0.4916666E-01  0.1046151     
 0.5083333E-01  0.7312227E-01 
 0.5250000E-01  0.1383799     
 0.5416667E-01  0.1454170     
 0.5583333E-01  0.2175728     
 0.5750000E-01  0.3002557     
 0.5916666E-01  0.3818249     
 0.6083334E-01  0.3619452     
 0.6250000E-01  0.4230064     
 0.6416667E-01  0.4049429     
 0.6583333E-01  0.3290917     
 0.6750000E-01  0.3062264     
 0.6916667E-01  0.1857956     
 0.7083333E-01  0.1085365     
 0.7250000E-01  0.6684993E-01 
 0.7416667E-01  0.1121338     
 0.7583334E-01  0.2007640     
 0.7749999E-01  0.2846032     
 0.7916667E-01  0.3259198     
 0.8083334E-01  0.3787060     
 0.8250000E-01  0.3373546     
 0.8416667E-01  0.3170367     
 0.8583333E-01  0.2085061     
 0.8750000E-01  0.1027689     
 0.8916666E-01  0.6681279E-01 
 0.9083333E-01  0.1356604     
 0.9250000E-01  0.2400107     
 0.9416667E-01  0.2936035     
 0.9583333E-01  0.3001021     
 0.9750000E-01  0.2697422     
 0.9916665E-01  0.2257566     
 0.1008333      0.1068449     
 0.1025000      0.4336330E-01 
 0.1041667      0.1128499     
 0.1058333      0.1973592     
 0.1075000      0.2392102     
 0.1091667      0.2394762     
 0.1108333      0.2029331     
 0.1125000      0.1346502     
 0.1141667      0.6583621E-01 
 0.1158333      0.8163773E-01 
 0.1175000      0.1451738     
 0.1191667      0.1738503     
 0.1208333      0.1654941     
 0.1225000      0.1358881     
 0.1241667      0.7399771E-01 
 0.1258333      0.6719012E-01 
 0.1275000      0.8851618E-01 
 0.1291667      0.1469993     
 0.1308333      0.1710341     
 0.1325000      0.1662460     
 0.1341667      0.8883455E-01 
 0.1358333      0.5372188E-01 
 0.1375000      0.9546877E-01 
 0.1391667      0.1039331     
 0.1408333      0.1353131     
 0.1425000      0.1036161     
 0.1441667      0.7123150E-01 
 0.1458333      0.4927596E-01 
 0.1475000      0.5624519E-01 
 0.1491667      0.1138506     
 0.1508333      0.1039086     
 0.1525000      0.8300454E-01 
 0.1541667      0.6720482E-01 
 0.1558333      0.6603066E-01 
 0.1575000      0.1186028     
 0.1591667      0.7334575E-01 
 0.1608333      0.6642624E-01 
 0.1625000      0.5466595E-01 
 0.1641667      0.7688783E-01 
 0.1658333      0.1006687     
