# SumMovie FRC for input stack : stack6.mrc
# Number of micrographs: 1
# Number of frames per movie: 50
# Pixel size (A): 3.0000
# 1/(A)          FRC
# -----------------------
# 
# Micrograph 1 of 1. Score: .566
 0.8333334E-03  0.9999999     
 0.2500000E-02  0.9513094     
 0.4166666E-02  0.9316434     
 0.5833333E-02  0.8460723     
 0.7499999E-02  0.8644344     
 0.9166666E-02  0.6710213     
 0.1083333E-01  0.6524172     
 0.1250000E-01  0.8451505     
 0.1416667E-01  0.8812828     
 0.1583333E-01  0.9297220     
 0.1750000E-01  0.8891463     
 0.1916667E-01  0.5985448     
 0.2083333E-01  0.6565137     
 0.2250000E-01  0.8232264     
 0.2416667E-01  0.8874334     
 0.2583333E-01  0.8381253     
 0.2750000E-01  0.7138796     
 0.2916667E-01  0.6052001     
 0.3083333E-01  0.6636261     
 0.3250000E-01  0.7065155     
 0.3416666E-01  0.6746083     
 0.3583334E-01  0.5641912     
 0.3750000E-01  0.5085459     
 0.3916667E-01  0.4912441     
 0.4083334E-01  0.5184716     
 0.4250000E-01  0.4253997     
 0.4416666E-01  0.3614540     
 0.4583333E-01  0.3228462     
 0.4750000E-01  0.2781012     
 0.4916666E-01  0.2047150     
 0.5083333E-01  0.1187003     
 0.5250000E-01  0.1476983     
 0.5416667E-01  0.9325150E-01 
 0.5583333E-01  0.1362520     
 0.5750000E-01  0.1294112     
 0.5916666E-01  0.1999995     
 0.6083334E-01  0.2575448     
 0.6250000E-01  0.2831821     
 0.6416667E-01  0.3151716     
 0.6583333E-01  0.3141741     
 0.6750000E-01  0.3229245     
 0.6916667E-01  0.3104574     
 0.7083333E-01  0.2560227     
 0.7250000E-01  0.2091810     
 0.7416667E-01  0.1467378     
 0.7583334E-01  0.1030613     
 0.7749999E-01  0.8740450E-01 
 0.7916667E-01  0.1044739     
 0.8083334E-01  0.1700219     
 0.8250000E-01  0.2066279     
 0.8416667E-01  0.2559186     
 0.8583333E-01  0.2793961     
 0.8750000E-01  0.2548026     
 0.8916666E-01  0.2584692     
 0.9083333E-01  0.1291224     
 0.9250000E-01  0.1349197     
 0.9416667E-01  0.9080202E-01 
 0.9583333E-01  0.1350761     
 0.9750000E-01  0.1388639     
 0.9916665E-01  0.1723616     
 0.1008333      0.1882399     
 0.1025000      0.2033340     
 0.1041667      0.2009851     
 0.1058333      0.1402665     
 0.1075000      0.1160593     
 0.1091667      0.6968903E-01 
 0.1108333      0.8882651E-01 
 0.1125000      0.1465825     
 0.1141667      0.1673750     
 0.1158333      0.1999497     
 0.1175000      0.1687821     
 0.1191667      0.1469640     
 0.1208333      0.1155563     
 0.1225000      0.8444948E-01 
 0.1241667      0.1113911     
 0.1258333      0.1093869     
 0.1275000      0.1634432     
 0.1291667      0.1473853     
 0.1308333      0.1541740     
 0.1325000      0.7951117E-01 
 0.1341667      0.7315893E-01 
 0.1358333      0.1205068     
 0.1375000      0.1073424     
 0.1391667      0.1085076     
 0.1408333      0.1334280     
 0.1425000      0.1104517     
 0.1441667      0.9629731E-01 
 0.1458333      0.9684676E-01 
 0.1475000      0.1134200     
 0.1491667      0.1346010     
 0.1508333      0.1433026     
 0.1525000      0.1210217     
 0.1541667      0.8197757E-01 
 0.1558333      0.1139768     
 0.1575000      0.1018377     
 0.1591667      0.1186011     
 0.1608333      0.1391710     
 0.1625000      0.1064325     
 0.1641667      0.9547644E-01 
 0.1658333      0.8080270E-01 
