# SumMovie FRC for input stack : stack16.mrc
# Number of micrographs: 1
# Number of frames per movie: 50
# Pixel size (A): 3.0000
# 1/(A)          FRC
# -----------------------
# 
# Micrograph 1 of 1. Score: .536
 0.8333334E-03  0.9999994     
 0.2500000E-02  0.9671854     
 0.4166666E-02  0.9457356     
 0.5833333E-02  0.9117083     
 0.7499999E-02  0.8955982     
 0.9166666E-02  0.8420804     
 0.1083333E-01  0.7749413     
 0.1250000E-01  0.8820497     
 0.1416667E-01  0.9347536     
 0.1583333E-01  0.9654610     
 0.1750000E-01  0.9456660     
 0.1916667E-01  0.7733293     
 0.2083333E-01  0.8041562     
 0.2250000E-01  0.9009550     
 0.2416667E-01  0.9405450     
 0.2583333E-01  0.9323649     
 0.2750000E-01  0.8283549     
 0.2916667E-01  0.6989951     
 0.3083333E-01  0.7465084     
 0.3250000E-01  0.7941372     
 0.3416666E-01  0.7241341     
 0.3583334E-01  0.5978478     
 0.3750000E-01  0.4385973     
 0.3916667E-01  0.3706998     
 0.4083334E-01  0.2930489     
 0.4250000E-01  0.1176320     
 0.4416666E-01  0.1268370     
 0.4583333E-01  0.9565963E-01 
 0.4750000E-01  0.1439992     
 0.4916666E-01  0.2673885     
 0.5083333E-01  0.3413389     
 0.5250000E-01  0.3844083     
 0.5416667E-01  0.3695557     
 0.5583333E-01  0.4153468     
 0.5750000E-01  0.3619037     
 0.5916666E-01  0.2752078     
 0.6083334E-01  0.1942256     
 0.6250000E-01  0.8590731E-01 
 0.6416667E-01  0.1007446     
 0.6583333E-01  0.1388767     
 0.6750000E-01  0.2154260     
 0.6916667E-01  0.3176841     
 0.7083333E-01  0.4039297     
 0.7250000E-01  0.3603943     
 0.7416667E-01  0.2834553     
 0.7583334E-01  0.1823155     
 0.7749999E-01  0.1183685     
 0.7916667E-01  0.9711275E-01 
 0.8083334E-01  0.2416664     
 0.8250000E-01  0.2694026     
 0.8416667E-01  0.3589689     
 0.8583333E-01  0.2927101     
 0.8750000E-01  0.1843909     
 0.8916666E-01  0.1159111     
 0.9083333E-01  0.8294465E-01 
 0.9250000E-01  0.1902133     
 0.9416667E-01  0.2549386     
 0.9583333E-01  0.2809128     
 0.9750000E-01  0.2185126     
 0.9916665E-01  0.1034483     
 0.1008333      0.7284172E-01 
 0.1025000      0.1271847     
 0.1041667      0.1841719     
 0.1058333      0.2414460     
 0.1075000      0.1767026     
 0.1091667      0.1140392     
 0.1108333      0.4482141E-01 
 0.1125000      0.1403279     
 0.1141667      0.1858340     
 0.1158333      0.1797193     
 0.1175000      0.1089923     
 0.1191667      0.5708740E-01 
 0.1208333      0.8907357E-01 
 0.1225000      0.1573683     
 0.1241667      0.1669952     
 0.1258333      0.1070512     
 0.1275000      0.7484321E-01 
 0.1291667      0.8944578E-01 
 0.1308333      0.1321773     
 0.1325000      0.1368063     
 0.1341667      0.8079363E-01 
 0.1358333      0.4121746E-01 
 0.1375000      0.1033071     
 0.1391667      0.1410376     
 0.1408333      0.1075680     
 0.1425000      0.6569100E-01 
 0.1441667      0.8249027E-01 
 0.1458333      0.1054121     
 0.1475000      0.9907638E-01 
 0.1491667      0.6836674E-01 
 0.1508333      0.6127530E-01 
 0.1525000      0.9979788E-01 
 0.1541667      0.9161948E-01 
 0.1558333      0.6872827E-01 
 0.1575000      0.4570055E-01 
 0.1591667      0.8703239E-01 
 0.1608333      0.9588892E-01 
 0.1625000      0.4559162E-01 
 0.1641667      0.5944758E-01 
 0.1658333      0.1325896     
