# SumMovie FRC for input stack : stack16.mrc
# Number of micrographs: 1
# Number of frames per movie: 50
# Pixel size (A): 3.0000
# 1/(A)          FRC
# -----------------------
# 
# Micrograph 1 of 1. Score: .527
 0.8333334E-03  0.9999994     
 0.2500000E-02  0.9669449     
 0.4166666E-02  0.9458785     
 0.5833333E-02  0.9107879     
 0.7499999E-02  0.8942046     
 0.9166666E-02  0.8408936     
 0.1083333E-01  0.7709737     
 0.1250000E-01  0.8779673     
 0.1416667E-01  0.9330809     
 0.1583333E-01  0.9634002     
 0.1750000E-01  0.9430814     
 0.1916667E-01  0.7631551     
 0.2083333E-01  0.7986667     
 0.2250000E-01  0.8910055     
 0.2416667E-01  0.9329787     
 0.2583333E-01  0.9235252     
 0.2750000E-01  0.8106627     
 0.2916667E-01  0.6756391     
 0.3083333E-01  0.7284490     
 0.3250000E-01  0.7732801     
 0.3416666E-01  0.6939144     
 0.3583334E-01  0.5498581     
 0.3750000E-01  0.4232757     
 0.3916667E-01  0.3580601     
 0.4083334E-01  0.2921124     
 0.4250000E-01  0.1155383     
 0.4416666E-01  0.1226838     
 0.4583333E-01  0.1082168     
 0.4750000E-01  0.1371278     
 0.4916666E-01  0.2679903     
 0.5083333E-01  0.3251331     
 0.5250000E-01  0.3517224     
 0.5416667E-01  0.3534021     
 0.5583333E-01  0.3999223     
 0.5750000E-01  0.3373534     
 0.5916666E-01  0.2593501     
 0.6083334E-01  0.1675978     
 0.6250000E-01  0.9161242E-01 
 0.6416667E-01  0.1172034     
 0.6583333E-01  0.1392029     
 0.6750000E-01  0.1832780     
 0.6916667E-01  0.2923991     
 0.7083333E-01  0.3795677     
 0.7250000E-01  0.3280911     
 0.7416667E-01  0.2629944     
 0.7583334E-01  0.1605148     
 0.7749999E-01  0.1124410     
 0.7916667E-01  0.9100638E-01 
 0.8083334E-01  0.2406552     
 0.8250000E-01  0.2385121     
 0.8416667E-01  0.3174479     
 0.8583333E-01  0.2719907     
 0.8750000E-01  0.1814243     
 0.8916666E-01  0.1181790     
 0.9083333E-01  0.9855096E-01 
 0.9250000E-01  0.1842305     
 0.9416667E-01  0.2370270     
 0.9583333E-01  0.2463121     
 0.9750000E-01  0.2010181     
 0.9916665E-01  0.1302233     
 0.1008333      0.1121974     
 0.1025000      0.1330321     
 0.1041667      0.1866733     
 0.1058333      0.2211325     
 0.1075000      0.1841457     
 0.1091667      0.1279329     
 0.1108333      0.6856729E-01 
 0.1125000      0.1538932     
 0.1141667      0.1830598     
 0.1158333      0.1738764     
 0.1175000      0.1359985     
 0.1191667      0.8587613E-01 
 0.1208333      0.1177217     
 0.1225000      0.1502704     
 0.1241667      0.1739736     
 0.1258333      0.1274898     
 0.1275000      0.9201282E-01 
 0.1291667      0.1185512     
 0.1308333      0.1367608     
 0.1325000      0.1361821     
 0.1341667      0.1128715     
 0.1358333      0.7519937E-01 
 0.1375000      0.1326859     
 0.1391667      0.1381771     
 0.1408333      0.1439077     
 0.1425000      0.1024971     
 0.1441667      0.1210098     
 0.1458333      0.1204926     
 0.1475000      0.1188294     
 0.1491667      0.1228374     
 0.1508333      0.9602848E-01 
 0.1525000      0.1341619     
 0.1541667      0.1159570     
 0.1558333      0.9998047E-01 
 0.1575000      0.9668057E-01 
 0.1591667      0.1079988     
 0.1608333      0.1232877     
 0.1625000      0.7309144E-01 
 0.1641667      0.9842770E-01 
 0.1658333      0.1362583     
