# SumMovie FRC for input stack : stack16.mrc
# Number of micrographs: 1
# Number of frames per movie: 50
# Pixel size (A): 3.0000
# 1/(A)          FRC
# -----------------------
# 
# Micrograph 1 of 1. Score: .528
 0.8333334E-03  0.9999994     
 0.2500000E-02  0.9669952     
 0.4166666E-02  0.9459152     
 0.5833333E-02  0.9109642     
 0.7499999E-02  0.8943070     
 0.9166666E-02  0.8411373     
 0.1083333E-01  0.7715923     
 0.1250000E-01  0.8785247     
 0.1416667E-01  0.9333242     
 0.1583333E-01  0.9637267     
 0.1750000E-01  0.9435610     
 0.1916667E-01  0.7647151     
 0.2083333E-01  0.8000101     
 0.2250000E-01  0.8927634     
 0.2416667E-01  0.9343575     
 0.2583333E-01  0.9253084     
 0.2750000E-01  0.8142028     
 0.2916667E-01  0.6799511     
 0.3083333E-01  0.7318502     
 0.3250000E-01  0.7772297     
 0.3416666E-01  0.6982704     
 0.3583334E-01  0.5587557     
 0.3750000E-01  0.4258240     
 0.3916667E-01  0.3591129     
 0.4083334E-01  0.2954924     
 0.4250000E-01  0.1142509     
 0.4416666E-01  0.1226515     
 0.4583333E-01  0.1056806     
 0.4750000E-01  0.1365912     
 0.4916666E-01  0.2707592     
 0.5083333E-01  0.3312239     
 0.5250000E-01  0.3598218     
 0.5416667E-01  0.3584780     
 0.5583333E-01  0.4064188     
 0.5750000E-01  0.3453304     
 0.5916666E-01  0.2636341     
 0.6083334E-01  0.1759240     
 0.6250000E-01  0.9107482E-01 
 0.6416667E-01  0.1126199     
 0.6583333E-01  0.1420370     
 0.6750000E-01  0.1919009     
 0.6916667E-01  0.3000797     
 0.7083333E-01  0.3911066     
 0.7250000E-01  0.3336565     
 0.7416667E-01  0.2708991     
 0.7583334E-01  0.1645978     
 0.7749999E-01  0.1121027     
 0.7916667E-01  0.9306896E-01 
 0.8083334E-01  0.2463256     
 0.8250000E-01  0.2493010     
 0.8416667E-01  0.3276105     
 0.8583333E-01  0.2793876     
 0.8750000E-01  0.1849446     
 0.8916666E-01  0.1168384     
 0.9083333E-01  0.9837385E-01 
 0.9250000E-01  0.1832498     
 0.9416667E-01  0.2413360     
 0.9583333E-01  0.2570650     
 0.9750000E-01  0.2071157     
 0.9916665E-01  0.1257323     
 0.1008333      0.1041670     
 0.1025000      0.1340975     
 0.1041667      0.1902368     
 0.1058333      0.2293138     
 0.1075000      0.1876351     
 0.1091667      0.1302877     
 0.1108333      0.6826863E-01 
 0.1125000      0.1529929     
 0.1141667      0.1824896     
 0.1158333      0.1721174     
 0.1175000      0.1339736     
 0.1191667      0.9128031E-01 
 0.1208333      0.1143503     
 0.1225000      0.1492770     
 0.1241667      0.1699253     
 0.1258333      0.1291332     
 0.1275000      0.8939272E-01 
 0.1291667      0.1070323     
 0.1308333      0.1395789     
 0.1325000      0.1351425     
 0.1341667      0.1082916     
 0.1358333      0.6432957E-01 
 0.1375000      0.1201002     
 0.1391667      0.1343203     
 0.1408333      0.1337922     
 0.1425000      0.8999374E-01 
 0.1441667      0.1156934     
 0.1458333      0.1193682     
 0.1475000      0.1138821     
 0.1491667      0.1182351     
 0.1508333      0.9923504E-01 
 0.1525000      0.1210537     
 0.1541667      0.1121720     
 0.1558333      0.9044436E-01 
 0.1575000      0.9115278E-01 
 0.1591667      0.1081917     
 0.1608333      0.1133817     
 0.1625000      0.6975445E-01 
 0.1641667      0.9182024E-01 
 0.1658333      0.1369895     
