# SumMovie FRC for input stack : stack11.mrc
# Number of micrographs: 1
# Number of frames per movie: 50
# Pixel size (A): 3.0000
# 1/(A)          FRC
# -----------------------
# 
# Micrograph 1 of 1. Score: .577
 0.8333334E-03  0.9999998     
 0.2500000E-02  0.8506520     
 0.4166666E-02  0.8709637     
 0.5833333E-02  0.8516058     
 0.7499999E-02  0.8579685     
 0.9166666E-02  0.7376975     
 0.1083333E-01  0.6257688     
 0.1250000E-01  0.8540542     
 0.1416667E-01  0.9155475     
 0.1583333E-01  0.9441649     
 0.1750000E-01  0.9083475     
 0.1916667E-01  0.6541356     
 0.2083333E-01  0.7417749     
 0.2250000E-01  0.8761057     
 0.2416667E-01  0.9249801     
 0.2583333E-01  0.8932780     
 0.2750000E-01  0.7467918     
 0.2916667E-01  0.6524037     
 0.3083333E-01  0.7209795     
 0.3250000E-01  0.7783957     
 0.3416666E-01  0.7325429     
 0.3583334E-01  0.5953148     
 0.3750000E-01  0.5329561     
 0.3916667E-01  0.5113801     
 0.4083334E-01  0.5213586     
 0.4250000E-01  0.4076028     
 0.4416666E-01  0.3423662     
 0.4583333E-01  0.3002223     
 0.4750000E-01  0.2174870     
 0.4916666E-01  0.1027565     
 0.5083333E-01  0.7476767E-01 
 0.5250000E-01  0.1385425     
 0.5416667E-01  0.1444568     
 0.5583333E-01  0.2169544     
 0.5750000E-01  0.2995265     
 0.5916666E-01  0.3851543     
 0.6083334E-01  0.3619175     
 0.6250000E-01  0.4234820     
 0.6416667E-01  0.4061876     
 0.6583333E-01  0.3280506     
 0.6750000E-01  0.3026055     
 0.6916667E-01  0.1801684     
 0.7083333E-01  0.1060071     
 0.7250000E-01  0.6172751E-01 
 0.7416667E-01  0.1086118     
 0.7583334E-01  0.2006925     
 0.7749999E-01  0.2846444     
 0.7916667E-01  0.3245537     
 0.8083334E-01  0.3795056     
 0.8250000E-01  0.3379155     
 0.8416667E-01  0.3178485     
 0.8583333E-01  0.2059279     
 0.8750000E-01  0.1002896     
 0.8916666E-01  0.6500370E-01 
 0.9083333E-01  0.1329551     
 0.9250000E-01  0.2397086     
 0.9416667E-01  0.2892825     
 0.9583333E-01  0.2959646     
 0.9750000E-01  0.2672034     
 0.9916665E-01  0.2148122     
 0.1008333      0.1045285     
 0.1025000      0.3565132E-01 
 0.1041667      0.1091099     
 0.1058333      0.1860585     
 0.1075000      0.2355897     
 0.1091667      0.2328054     
 0.1108333      0.1972357     
 0.1125000      0.1278885     
 0.1141667      0.5755254E-01 
 0.1158333      0.7920479E-01 
 0.1175000      0.1368091     
 0.1191667      0.1682556     
 0.1208333      0.1610342     
 0.1225000      0.1299354     
 0.1241667      0.7245056E-01 
 0.1258333      0.5967192E-01 
 0.1275000      0.8831017E-01 
 0.1291667      0.1398650     
 0.1308333      0.1655896     
 0.1325000      0.1597061     
 0.1341667      0.8443027E-01 
 0.1358333      0.4617746E-01 
 0.1375000      0.8646068E-01 
 0.1391667      0.9722968E-01 
 0.1408333      0.1251964     
 0.1425000      0.9836397E-01 
 0.1441667      0.6544255E-01 
 0.1458333      0.4020641E-01 
 0.1475000      0.5601762E-01 
 0.1491667      0.1094554     
 0.1508333      0.9712142E-01 
 0.1525000      0.7784137E-01 
 0.1541667      0.6136254E-01 
 0.1558333      0.5908529E-01 
 0.1575000      0.1119721     
 0.1591667      0.6789013E-01 
 0.1608333      0.5932922E-01 
 0.1625000      0.5655942E-01 
 0.1641667      0.6638848E-01 
 0.1658333      0.8921579E-01 
