# SumMovie FRC for input stack : stack11.mrc
# Number of micrographs: 1
# Number of frames per movie: 50
# Pixel size (A): 3.0000
# 1/(A)          FRC
# -----------------------
# 
# Micrograph 1 of 1. Score: .572
 0.8333334E-03  0.9999998     
 0.2500000E-02  0.8501542     
 0.4166666E-02  0.8702834     
 0.5833333E-02  0.8519533     
 0.7499999E-02  0.8573835     
 0.9166666E-02  0.7366996     
 0.1083333E-01  0.6257974     
 0.1250000E-01  0.8520599     
 0.1416667E-01  0.9140231     
 0.1583333E-01  0.9437997     
 0.1750000E-01  0.9070151     
 0.1916667E-01  0.6584042     
 0.2083333E-01  0.7389340     
 0.2250000E-01  0.8749492     
 0.2416667E-01  0.9215334     
 0.2583333E-01  0.8921145     
 0.2750000E-01  0.7413596     
 0.2916667E-01  0.6403592     
 0.3083333E-01  0.7096496     
 0.3250000E-01  0.7704022     
 0.3416666E-01  0.7188793     
 0.3583334E-01  0.5883782     
 0.3750000E-01  0.5215249     
 0.3916667E-01  0.4973962     
 0.4083334E-01  0.5155683     
 0.4250000E-01  0.4003711     
 0.4416666E-01  0.3358300     
 0.4583333E-01  0.2883850     
 0.4750000E-01  0.2205361     
 0.4916666E-01  0.1080486     
 0.5083333E-01  0.7616843E-01 
 0.5250000E-01  0.1370799     
 0.5416667E-01  0.1381720     
 0.5583333E-01  0.2219298     
 0.5750000E-01  0.2957644     
 0.5916666E-01  0.3575468     
 0.6083334E-01  0.3537727     
 0.6250000E-01  0.3982370     
 0.6416667E-01  0.3876908     
 0.6583333E-01  0.3069412     
 0.6750000E-01  0.2969007     
 0.6916667E-01  0.1890285     
 0.7083333E-01  0.1115794     
 0.7250000E-01  0.8552845E-01 
 0.7416667E-01  0.1094791     
 0.7583334E-01  0.1962571     
 0.7749999E-01  0.2640456     
 0.7916667E-01  0.3097783     
 0.8083334E-01  0.3493461     
 0.8250000E-01  0.3175049     
 0.8416667E-01  0.2922036     
 0.8583333E-01  0.2041935     
 0.8750000E-01  0.9496091E-01 
 0.8916666E-01  0.7819010E-01 
 0.9083333E-01  0.1297241     
 0.9250000E-01  0.2205016     
 0.9416667E-01  0.2831905     
 0.9583333E-01  0.3024571     
 0.9750000E-01  0.2543092     
 0.9916665E-01  0.2333454     
 0.1008333      0.1129024     
 0.1025000      0.8172861E-01 
 0.1041667      0.1395758     
 0.1058333      0.2174485     
 0.1075000      0.2178224     
 0.1091667      0.2480732     
 0.1108333      0.2085276     
 0.1125000      0.1528891     
 0.1141667      0.9916623E-01 
 0.1158333      0.9375983E-01 
 0.1175000      0.1647276     
 0.1191667      0.1929618     
 0.1208333      0.1643422     
 0.1225000      0.1462071     
 0.1241667      0.9162038E-01 
 0.1258333      0.1012073     
 0.1275000      0.1113432     
 0.1291667      0.1651546     
 0.1308333      0.1635129     
 0.1325000      0.1835909     
 0.1341667      0.1096886     
 0.1358333      0.6927174E-01 
 0.1375000      0.1304970     
 0.1391667      0.1151571     
 0.1408333      0.1525473     
 0.1425000      0.1161331     
 0.1441667      0.1130483     
 0.1458333      0.1003561     
 0.1475000      0.9769709E-01 
 0.1491667      0.1200205     
 0.1508333      0.1468224     
 0.1525000      0.1082676     
 0.1541667      0.9663131E-01 
 0.1558333      0.1099700     
 0.1575000      0.1441236     
 0.1591667      0.1048113     
 0.1608333      0.1155233     
 0.1625000      0.9364063E-01 
 0.1641667      0.1235421     
 0.1658333      0.1397877     
