# SumMovie FRC for input stack : stack1.mrc
# Number of micrographs: 1
# Number of frames per movie: 50
# Pixel size (A): 3.0000
# 1/(A)          FRC
# -----------------------
# 
# Micrograph 1 of 1. Score: .546
 0.8333334E-03  0.9999993     
 0.2500000E-02  0.9744560     
 0.4166666E-02  0.9570083     
 0.5833333E-02  0.9207194     
 0.7499999E-02  0.9047996     
 0.9166666E-02  0.7499791     
 0.1083333E-01  0.7274090     
 0.1250000E-01  0.8560000     
 0.1416667E-01  0.9222955     
 0.1583333E-01  0.9261729     
 0.1750000E-01  0.8739961     
 0.1916667E-01  0.6748433     
 0.2083333E-01  0.7636919     
 0.2250000E-01  0.8703421     
 0.2416667E-01  0.9034193     
 0.2583333E-01  0.8719082     
 0.2750000E-01  0.7480607     
 0.2916667E-01  0.6444748     
 0.3083333E-01  0.7091319     
 0.3250000E-01  0.7377259     
 0.3416666E-01  0.6840953     
 0.3583334E-01  0.5449634     
 0.3750000E-01  0.4820827     
 0.3916667E-01  0.4613932     
 0.4083334E-01  0.4486461     
 0.4250000E-01  0.4008605     
 0.4416666E-01  0.2589571     
 0.4583333E-01  0.1701632     
 0.4750000E-01  0.1880322     
 0.4916666E-01  0.9724763E-01 
 0.5083333E-01  0.6288619E-01 
 0.5250000E-01  0.6775023E-01 
 0.5416667E-01  0.1274405     
 0.5583333E-01  0.1860329     
 0.5750000E-01  0.2520162     
 0.5916666E-01  0.3148524     
 0.6083334E-01  0.3424301     
 0.6250000E-01  0.3282825     
 0.6416667E-01  0.2988267     
 0.6583333E-01  0.2708609     
 0.6750000E-01  0.1616797     
 0.6916667E-01  0.1347250     
 0.7083333E-01  0.8557402E-01 
 0.7250000E-01  0.7034525E-01 
 0.7416667E-01  0.1058674     
 0.7583334E-01  0.1645859     
 0.7749999E-01  0.2468121     
 0.7916667E-01  0.2986141     
 0.8083334E-01  0.2869920     
 0.8250000E-01  0.2830979     
 0.8416667E-01  0.2240444     
 0.8583333E-01  0.1227442     
 0.8750000E-01  0.6141076E-01 
 0.8916666E-01  0.3171801E-01 
 0.9083333E-01  0.1289173     
 0.9250000E-01  0.1932363     
 0.9416667E-01  0.2360029     
 0.9583333E-01  0.2469116     
 0.9750000E-01  0.1966999     
 0.9916665E-01  0.1082936     
 0.1008333      0.6565453E-01 
 0.1025000      0.4360716E-01 
 0.1041667      0.1203884     
 0.1058333      0.1520842     
 0.1075000      0.1587404     
 0.1091667      0.1733010     
 0.1108333      0.1296342     
 0.1125000      0.1223143     
 0.1141667      0.3673753E-01 
 0.1158333      0.6404149E-01 
 0.1175000      0.1092625     
 0.1191667      0.1075748     
 0.1208333      0.1124135     
 0.1225000      0.9814636E-01 
 0.1241667      0.4558506E-01 
 0.1258333      0.3848494E-01 
 0.1275000      0.5742094E-01 
 0.1291667      0.1089955     
 0.1308333      0.1201170     
 0.1325000      0.6544475E-01 
 0.1341667      0.4678207E-01 
 0.1358333      0.3061688E-01 
 0.1375000      0.1021417     
 0.1391667      0.6141715E-01 
 0.1408333      0.1080850     
 0.1425000      0.6574369E-01 
 0.1441667      0.3046495E-01 
 0.1458333      0.2947217E-01 
 0.1475000      0.7166066E-01 
 0.1491667      0.5487893E-01 
 0.1508333      0.6258877E-01 
 0.1525000      0.2741396E-01 
 0.1541667      0.5459844E-01 
 0.1558333      0.8546697E-01 
 0.1575000      0.4507980E-01 
 0.1591667      0.2137450E-01 
 0.1608333      0.2954222E-01 
 0.1625000      0.4730219E-01 
 0.1641667      0.3696045E-01 
 0.1658333      0.3067867E-01 
