# SumMovie FRC for input stack : stack16.mrc
# Number of micrographs: 1
# Number of frames per movie: 50
# Pixel size (A): 3.0000
# 1/(A)          FRC
# -----------------------
# 
# Micrograph 1 of 1. Score: .534
 0.8333334E-03  0.9999994     
 0.2500000E-02  0.9671430     
 0.4166666E-02  0.9458628     
 0.5833333E-02  0.9115163     
 0.7499999E-02  0.8950377     
 0.9166666E-02  0.8419590     
 0.1083333E-01  0.7739519     
 0.1250000E-01  0.8807000     
 0.1416667E-01  0.9341577     
 0.1583333E-01  0.9649970     
 0.1750000E-01  0.9451072     
 0.1916667E-01  0.7703116     
 0.2083333E-01  0.8036433     
 0.2250000E-01  0.8987171     
 0.2416667E-01  0.9384953     
 0.2583333E-01  0.9302946     
 0.2750000E-01  0.8246781     
 0.2916667E-01  0.6933067     
 0.3083333E-01  0.7413346     
 0.3250000E-01  0.7896865     
 0.3416666E-01  0.7150461     
 0.3583334E-01  0.5874293     
 0.3750000E-01  0.4340069     
 0.3916667E-01  0.3640011     
 0.4083334E-01  0.2949805     
 0.4250000E-01  0.1144157     
 0.4416666E-01  0.1246186     
 0.4583333E-01  0.9854652E-01 
 0.4750000E-01  0.1369274     
 0.4916666E-01  0.2707301     
 0.5083333E-01  0.3407877     
 0.5250000E-01  0.3773331     
 0.5416667E-01  0.3686677     
 0.5583333E-01  0.4151298     
 0.5750000E-01  0.3592416     
 0.5916666E-01  0.2700716     
 0.6083334E-01  0.1919243     
 0.6250000E-01  0.8598864E-01 
 0.6416667E-01  0.9981096E-01 
 0.6583333E-01  0.1405380     
 0.6750000E-01  0.2149285     
 0.6916667E-01  0.3147200     
 0.7083333E-01  0.4027384     
 0.7250000E-01  0.3518116     
 0.7416667E-01  0.2807647     
 0.7583334E-01  0.1768592     
 0.7749999E-01  0.1095290     
 0.7916667E-01  0.9063444E-01 
 0.8083334E-01  0.2424261     
 0.8250000E-01  0.2680471     
 0.8416667E-01  0.3499964     
 0.8583333E-01  0.2898903     
 0.8750000E-01  0.1823828     
 0.8916666E-01  0.1069326     
 0.9083333E-01  0.7321968E-01 
 0.9250000E-01  0.1817196     
 0.9416667E-01  0.2427028     
 0.9583333E-01  0.2805258     
 0.9750000E-01  0.2190720     
 0.9916665E-01  0.1035082     
 0.1008333      0.7596987E-01 
 0.1025000      0.1230320     
 0.1041667      0.1813453     
 0.1058333      0.2338862     
 0.1075000      0.1837125     
 0.1091667      0.1170077     
 0.1108333      0.4241115E-01 
 0.1125000      0.1463765     
 0.1141667      0.1824375     
 0.1158333      0.1812257     
 0.1175000      0.1160131     
 0.1191667      0.6049514E-01 
 0.1208333      0.8614737E-01 
 0.1225000      0.1562438     
 0.1241667      0.1642914     
 0.1258333      0.1156811     
 0.1275000      0.7462488E-01 
 0.1291667      0.8789516E-01 
 0.1308333      0.1410275     
 0.1325000      0.1366703     
 0.1341667      0.8621503E-01 
 0.1358333      0.5024090E-01 
 0.1375000      0.9960523E-01 
 0.1391667      0.1278362     
 0.1408333      0.1060747     
 0.1425000      0.6480403E-01 
 0.1441667      0.8136475E-01 
 0.1458333      0.1086841     
 0.1475000      0.9950655E-01 
 0.1491667      0.7776121E-01 
 0.1508333      0.8029982E-01 
 0.1525000      0.1114446     
 0.1541667      0.9889010E-01 
 0.1558333      0.7600830E-01 
 0.1575000      0.5020769E-01 
 0.1591667      0.9288437E-01 
 0.1608333      0.9302003E-01 
 0.1625000      0.4376698E-01 
 0.1641667      0.5884869E-01 
 0.1658333      0.1335869     
