# SumMovie FRC for input stack : stack16.mrc
# Number of micrographs: 1
# Number of frames per movie: 50
# Pixel size (A): 3.0000
# 1/(A)          FRC
# -----------------------
# 
# Micrograph 1 of 1. Score: .527
 0.8333334E-03  0.9999994     
 0.2500000E-02  0.9669684     
 0.4166666E-02  0.9458955     
 0.5833333E-02  0.9108706     
 0.7499999E-02  0.8942614     
 0.9166666E-02  0.8409974     
 0.1083333E-01  0.7712277     
 0.1250000E-01  0.8782075     
 0.1416667E-01  0.9331873     
 0.1583333E-01  0.9635341     
 0.1750000E-01  0.9432945     
 0.1916667E-01  0.7638576     
 0.2083333E-01  0.7992607     
 0.2250000E-01  0.8917747     
 0.2416667E-01  0.9335908     
 0.2583333E-01  0.9243449     
 0.2750000E-01  0.8122705     
 0.2916667E-01  0.6776201     
 0.3083333E-01  0.7298909     
 0.3250000E-01  0.7750976     
 0.3416666E-01  0.6957498     
 0.3583334E-01  0.5536893     
 0.3750000E-01  0.4242238     
 0.3916667E-01  0.3586082     
 0.4083334E-01  0.2939165     
 0.4250000E-01  0.1149212     
 0.4416666E-01  0.1227467     
 0.4583333E-01  0.1072597     
 0.4750000E-01  0.1370896     
 0.4916666E-01  0.2693229     
 0.5083333E-01  0.3280362     
 0.5250000E-01  0.3553450     
 0.5416667E-01  0.3556198     
 0.5583333E-01  0.4027735     
 0.5750000E-01  0.3409743     
 0.5916666E-01  0.2612921     
 0.6083334E-01  0.1715015     
 0.6250000E-01  0.9122746E-01 
 0.6416667E-01  0.1150775     
 0.6583333E-01  0.1407969     
 0.6750000E-01  0.1870986     
 0.6916667E-01  0.2960468     
 0.7083333E-01  0.3848453     
 0.7250000E-01  0.3304584     
 0.7416667E-01  0.2665705     
 0.7583334E-01  0.1625165     
 0.7749999E-01  0.1126383     
 0.7916667E-01  0.9205512E-01 
 0.8083334E-01  0.2434836     
 0.8250000E-01  0.2435921     
 0.8416667E-01  0.3223156     
 0.8583333E-01  0.2752109     
 0.8750000E-01  0.1831782     
 0.8916666E-01  0.1173337     
 0.9083333E-01  0.9918546E-01 
 0.9250000E-01  0.1841597     
 0.9416667E-01  0.2388283     
 0.9583333E-01  0.2511716     
 0.9750000E-01  0.2036363     
 0.9916665E-01  0.1285992     
 0.1008333      0.1091236     
 0.1025000      0.1339012     
 0.1041667      0.1888800     
 0.1058333      0.2253726     
 0.1075000      0.1860641     
 0.1091667      0.1295606     
 0.1108333      0.6906410E-01 
 0.1125000      0.1538786     
 0.1141667      0.1834632     
 0.1158333      0.1730101     
 0.1175000      0.1364963     
 0.1191667      0.8912901E-01 
 0.1208333      0.1165951     
 0.1225000      0.1503743     
 0.1241667      0.1729672     
 0.1258333      0.1288241     
 0.1275000      0.9178787E-01 
 0.1291667      0.1139223     
 0.1308333      0.1387758     
 0.1325000      0.1363163     
 0.1341667      0.1114268     
 0.1358333      0.7137550E-01 
 0.1375000      0.1273649     
 0.1391667      0.1364592     
 0.1408333      0.1401233     
 0.1425000      0.9761921E-01 
 0.1441667      0.1194840     
 0.1458333      0.1201289     
 0.1475000      0.1164899     
 0.1491667      0.1220950     
 0.1508333      0.9796327E-01 
 0.1525000      0.1287423     
 0.1541667      0.1157158     
 0.1558333      0.9721835E-01 
 0.1575000      0.9488849E-01 
 0.1591667      0.1088158     
 0.1608333      0.1194595     
 0.1625000      0.7236508E-01 
 0.1641667      0.9613285E-01 
 0.1658333      0.1369724     
