# SumMovie FRC for input stack : stack11.mrc
# Number of micrographs: 1
# Number of frames per movie: 50
# Pixel size (A): 3.0000
# 1/(A)          FRC
# -----------------------
# 
# Micrograph 1 of 1. Score: .570
 0.8333334E-03  0.9999998     
 0.2500000E-02  0.8500732     
 0.4166666E-02  0.8701590     
 0.5833333E-02  0.8519631     
 0.7499999E-02  0.8572719     
 0.9166666E-02  0.7364318     
 0.1083333E-01  0.6257528     
 0.1250000E-01  0.8517101     
 0.1416667E-01  0.9137840     
 0.1583333E-01  0.9436844     
 0.1750000E-01  0.9066808     
 0.1916667E-01  0.6586298     
 0.2083333E-01  0.7381696     
 0.2250000E-01  0.8744680     
 0.2416667E-01  0.9208349     
 0.2583333E-01  0.8915954     
 0.2750000E-01  0.7399454     
 0.2916667E-01  0.6373382     
 0.3083333E-01  0.7073810     
 0.3250000E-01  0.7686617     
 0.3416666E-01  0.7161722     
 0.3583334E-01  0.5862660     
 0.3750000E-01  0.5187370     
 0.3916667E-01  0.4941584     
 0.4083334E-01  0.5129814     
 0.4250000E-01  0.3981102     
 0.4416666E-01  0.3334431     
 0.4583333E-01  0.2847884     
 0.4750000E-01  0.2198213     
 0.4916666E-01  0.1073390     
 0.5083333E-01  0.7577151E-01 
 0.5250000E-01  0.1361753     
 0.5416667E-01  0.1350990     
 0.5583333E-01  0.2211901     
 0.5750000E-01  0.2931250     
 0.5916666E-01  0.3529776     
 0.6083334E-01  0.3511718     
 0.6250000E-01  0.3920439     
 0.6416667E-01  0.3830381     
 0.6583333E-01  0.3006018     
 0.6750000E-01  0.2929818     
 0.6916667E-01  0.1880151     
 0.7083333E-01  0.1110341     
 0.7250000E-01  0.8703411E-01 
 0.7416667E-01  0.1087561     
 0.7583334E-01  0.1931013     
 0.7749999E-01  0.2600359     
 0.7916667E-01  0.3057382     
 0.8083334E-01  0.3430336     
 0.8250000E-01  0.3123267     
 0.8416667E-01  0.2869120     
 0.8583333E-01  0.2005885     
 0.8750000E-01  0.9201218E-01 
 0.8916666E-01  0.7715297E-01 
 0.9083333E-01  0.1284499     
 0.9250000E-01  0.2157790     
 0.9416667E-01  0.2777886     
 0.9583333E-01  0.3011341     
 0.9750000E-01  0.2495945     
 0.9916665E-01  0.2302159     
 0.1008333      0.1130983     
 0.1025000      0.8432950E-01 
 0.1041667      0.1418414     
 0.1058333      0.2156360     
 0.1075000      0.2109008     
 0.1091667      0.2461052     
 0.1108333      0.2078433     
 0.1125000      0.1530737     
 0.1141667      0.1014499     
 0.1158333      0.9285509E-01 
 0.1175000      0.1634754     
 0.1191667      0.1920967     
 0.1208333      0.1648795     
 0.1225000      0.1458231     
 0.1241667      0.9285020E-01 
 0.1258333      0.1039077     
 0.1275000      0.1128710     
 0.1291667      0.1651385     
 0.1308333      0.1592868     
 0.1325000      0.1846797     
 0.1341667      0.1107768     
 0.1358333      0.7115942E-01 
 0.1375000      0.1316331     
 0.1391667      0.1147248     
 0.1408333      0.1496127     
 0.1425000      0.1145791     
 0.1441667      0.1164351     
 0.1458333      0.1028049     
 0.1475000      0.1027275     
 0.1491667      0.1176515     
 0.1508333      0.1499460     
 0.1525000      0.1073697     
 0.1541667      0.9688269E-01 
 0.1558333      0.1145686     
 0.1575000      0.1458445     
 0.1591667      0.1074713     
 0.1608333      0.1198580     
 0.1625000      0.9833576E-01 
 0.1641667      0.1246360     
 0.1658333      0.1444908     
