# SumMovie FRC for input stack : stack11.mrc
# Number of micrographs: 1
# Number of frames per movie: 50
# Pixel size (A): 3.0000
# 1/(A)          FRC
# -----------------------
# 
# Micrograph 1 of 1. Score: .577
 0.8333334E-03  0.9999998     
 0.2500000E-02  0.8506193     
 0.4166666E-02  0.8709115     
 0.5833333E-02  0.8516496     
 0.7499999E-02  0.8579594     
 0.9166666E-02  0.7377766     
 0.1083333E-01  0.6257157     
 0.1250000E-01  0.8539617     
 0.1416667E-01  0.9154913     
 0.1583333E-01  0.9442028     
 0.1750000E-01  0.9083205     
 0.1916667E-01  0.6544549     
 0.2083333E-01  0.7417094     
 0.2250000E-01  0.8761448     
 0.2416667E-01  0.9248610     
 0.2583333E-01  0.8932992     
 0.2750000E-01  0.7468038     
 0.2916667E-01  0.6523257     
 0.3083333E-01  0.7207381     
 0.3250000E-01  0.7784028     
 0.3416666E-01  0.7321087     
 0.3583334E-01  0.5954862     
 0.3750000E-01  0.5332319     
 0.3916667E-01  0.5114228     
 0.4083334E-01  0.5213525     
 0.4250000E-01  0.4077173     
 0.4416666E-01  0.3418867     
 0.4583333E-01  0.2999587     
 0.4750000E-01  0.2181295     
 0.4916666E-01  0.1030882     
 0.5083333E-01  0.7651926E-01 
 0.5250000E-01  0.1387428     
 0.5416667E-01  0.1447388     
 0.5583333E-01  0.2178007     
 0.5750000E-01  0.2996106     
 0.5916666E-01  0.3840729     
 0.6083334E-01  0.3615355     
 0.6250000E-01  0.4228751     
 0.6416667E-01  0.4056909     
 0.6583333E-01  0.3278544     
 0.6750000E-01  0.3036919     
 0.6916667E-01  0.1807619     
 0.7083333E-01  0.1057159     
 0.7250000E-01  0.6402399E-01 
 0.7416667E-01  0.1079625     
 0.7583334E-01  0.2014167     
 0.7749999E-01  0.2836550     
 0.7916667E-01  0.3230266     
 0.8083334E-01  0.3784539     
 0.8250000E-01  0.3373031     
 0.8416667E-01  0.3169472     
 0.8583333E-01  0.2082185     
 0.8750000E-01  0.9959710E-01 
 0.8916666E-01  0.6651980E-01 
 0.9083333E-01  0.1335392     
 0.9250000E-01  0.2390855     
 0.9416667E-01  0.2900680     
 0.9583333E-01  0.2967266     
 0.9750000E-01  0.2671795     
 0.9916665E-01  0.2166109     
 0.1008333      0.1044219     
 0.1025000      0.3874248E-01 
 0.1041667      0.1118485     
 0.1058333      0.1870122     
 0.1075000      0.2361814     
 0.1091667      0.2344752     
 0.1108333      0.1966525     
 0.1125000      0.1298197     
 0.1141667      0.6024094E-01 
 0.1158333      0.8110551E-01 
 0.1175000      0.1378712     
 0.1191667      0.1705884     
 0.1208333      0.1611419     
 0.1225000      0.1302651     
 0.1241667      0.7281549E-01 
 0.1258333      0.6156017E-01 
 0.1275000      0.8975878E-01 
 0.1291667      0.1415656     
 0.1308333      0.1656085     
 0.1325000      0.1612120     
 0.1341667      0.8598430E-01 
 0.1358333      0.4787088E-01 
 0.1375000      0.8953017E-01 
 0.1391667      0.9910860E-01 
 0.1408333      0.1260872     
 0.1425000      0.9979658E-01 
 0.1441667      0.6712439E-01 
 0.1458333      0.4244089E-01 
 0.1475000      0.5693337E-01 
 0.1491667      0.1098453     
 0.1508333      0.9988103E-01 
 0.1525000      0.7928820E-01 
 0.1541667      0.6326392E-01 
 0.1558333      0.6117851E-01 
 0.1575000      0.1134992     
 0.1591667      0.6969374E-01 
 0.1608333      0.6038921E-01 
 0.1625000      0.5848692E-01 
 0.1641667      0.6887814E-01 
 0.1658333      0.8949113E-01 
