# SumMovie FRC for input stack : stack1.mrc
# Number of micrographs: 1
# Number of frames per movie: 50
# Pixel size (A): 3.0000
# 1/(A)          FRC
# -----------------------
# 
# Micrograph 1 of 1. Score: .545
 0.8333334E-03  0.9999993     
 0.2500000E-02  0.9744445     
 0.4166666E-02  0.9570780     
 0.5833333E-02  0.9208079     
 0.7499999E-02  0.9048512     
 0.9166666E-02  0.7492464     
 0.1083333E-01  0.7273797     
 0.1250000E-01  0.8555226     
 0.1416667E-01  0.9223128     
 0.1583333E-01  0.9253351     
 0.1750000E-01  0.8738055     
 0.1916667E-01  0.6734295     
 0.2083333E-01  0.7636207     
 0.2250000E-01  0.8708633     
 0.2416667E-01  0.9033188     
 0.2583333E-01  0.8719836     
 0.2750000E-01  0.7479895     
 0.2916667E-01  0.6417266     
 0.3083333E-01  0.7083034     
 0.3250000E-01  0.7388014     
 0.3416666E-01  0.6858115     
 0.3583334E-01  0.5482625     
 0.3750000E-01  0.4835658     
 0.3916667E-01  0.4592385     
 0.4083334E-01  0.4502184     
 0.4250000E-01  0.3958983     
 0.4416666E-01  0.2541772     
 0.4583333E-01  0.1675343     
 0.4750000E-01  0.1839087     
 0.4916666E-01  0.9390593E-01 
 0.5083333E-01  0.6084529E-01 
 0.5250000E-01  0.7038373E-01 
 0.5416667E-01  0.1196180     
 0.5583333E-01  0.1878720     
 0.5750000E-01  0.2546479     
 0.5916666E-01  0.3185974     
 0.6083334E-01  0.3467921     
 0.6250000E-01  0.3289104     
 0.6416667E-01  0.2983560     
 0.6583333E-01  0.2727908     
 0.6750000E-01  0.1613412     
 0.6916667E-01  0.1324550     
 0.7083333E-01  0.8848216E-01 
 0.7250000E-01  0.6806609E-01 
 0.7416667E-01  0.1020574     
 0.7583334E-01  0.1609396     
 0.7749999E-01  0.2485657     
 0.7916667E-01  0.2980347     
 0.8083334E-01  0.2902320     
 0.8250000E-01  0.2921051     
 0.8416667E-01  0.2216906     
 0.8583333E-01  0.1221653     
 0.8750000E-01  0.5834245E-01 
 0.8916666E-01  0.3926366E-01 
 0.9083333E-01  0.1314715     
 0.9250000E-01  0.1960992     
 0.9416667E-01  0.2364586     
 0.9583333E-01  0.2481202     
 0.9750000E-01  0.1938354     
 0.9916665E-01  0.1129901     
 0.1008333      0.7081177E-01 
 0.1025000      0.4511274E-01 
 0.1041667      0.1235420     
 0.1058333      0.1591855     
 0.1075000      0.1558601     
 0.1091667      0.1776420     
 0.1108333      0.1333212     
 0.1125000      0.1295277     
 0.1141667      0.4488164E-01 
 0.1158333      0.6579497E-01 
 0.1175000      0.1055070     
 0.1191667      0.1164454     
 0.1208333      0.1129387     
 0.1225000      0.9771280E-01 
 0.1241667      0.5087473E-01 
 0.1258333      0.4127339E-01 
 0.1275000      0.5634836E-01 
 0.1291667      0.1147920     
 0.1308333      0.1290495     
 0.1325000      0.7202304E-01 
 0.1341667      0.4145994E-01 
 0.1358333      0.3305598E-01 
 0.1375000      0.9603640E-01 
 0.1391667      0.7439664E-01 
 0.1408333      0.1023153     
 0.1425000      0.7024033E-01 
 0.1441667      0.4028727E-01 
 0.1458333      0.4701118E-01 
 0.1475000      0.7277664E-01 
 0.1491667      0.7228719E-01 
 0.1508333      0.7289401E-01 
 0.1525000      0.3514531E-01 
 0.1541667      0.5957816E-01 
 0.1558333      0.7145146E-01 
 0.1575000      0.4514398E-01 
 0.1591667      0.2792142E-01 
 0.1608333      0.5255546E-01 
 0.1625000      0.5637453E-01 
 0.1641667      0.3329621E-01 
 0.1658333      0.2792714E-01 
