# SumMovie FRC for input stack : stack11.mrc
# Number of micrographs: 1
# Number of frames per movie: 50
# Pixel size (A): 3.0000
# 1/(A)          FRC
# -----------------------
# 
# Micrograph 1 of 1. Score: .577
 0.8333334E-03  0.9999998     
 0.2500000E-02  0.8505334     
 0.4166666E-02  0.8707616     
 0.5833333E-02  0.8517253     
 0.7499999E-02  0.8577692     
 0.9166666E-02  0.7372351     
 0.1083333E-01  0.6260144     
 0.1250000E-01  0.8535333     
 0.1416667E-01  0.9152384     
 0.1583333E-01  0.9441426     
 0.1750000E-01  0.9081308     
 0.1916667E-01  0.6557888     
 0.2083333E-01  0.7415581     
 0.2250000E-01  0.8760962     
 0.2416667E-01  0.9242049     
 0.2583333E-01  0.8934981     
 0.2750000E-01  0.7459264     
 0.2916667E-01  0.6502446     
 0.3083333E-01  0.7182325     
 0.3250000E-01  0.7767143     
 0.3416666E-01  0.7293984     
 0.3583334E-01  0.5945981     
 0.3750000E-01  0.5316094     
 0.3916667E-01  0.5095523     
 0.4083334E-01  0.5218934     
 0.4250000E-01  0.4076716     
 0.4416666E-01  0.3429039     
 0.4583333E-01  0.2992833     
 0.4750000E-01  0.2194144     
 0.4916666E-01  0.1059125     
 0.5083333E-01  0.7474577E-01 
 0.5250000E-01  0.1386922     
 0.5416667E-01  0.1457973     
 0.5583333E-01  0.2197720     
 0.5750000E-01  0.3004490     
 0.5916666E-01  0.3787940     
 0.6083334E-01  0.3612666     
 0.6250000E-01  0.4205095     
 0.6416667E-01  0.4035158     
 0.6583333E-01  0.3276270     
 0.6750000E-01  0.3064044     
 0.6916667E-01  0.1879904     
 0.7083333E-01  0.1092490     
 0.7250000E-01  0.7164898E-01 
 0.7416667E-01  0.1122422     
 0.7583334E-01  0.2018328     
 0.7749999E-01  0.2824004     
 0.7916667E-01  0.3235725     
 0.8083334E-01  0.3750571     
 0.8250000E-01  0.3355519     
 0.8416667E-01  0.3145377     
 0.8583333E-01  0.2110596     
 0.8750000E-01  0.1025186     
 0.8916666E-01  0.7031233E-01 
 0.9083333E-01  0.1360205     
 0.9250000E-01  0.2381899     
 0.9416667E-01  0.2951066     
 0.9583333E-01  0.3021160     
 0.9750000E-01  0.2702072     
 0.9916665E-01  0.2313314     
 0.1008333      0.1088764     
 0.1025000      0.5169454E-01 
 0.1041667      0.1191638     
 0.1058333      0.2039399     
 0.1075000      0.2397448     
 0.1091667      0.2432015     
 0.1108333      0.2050309     
 0.1125000      0.1401078     
 0.1141667      0.7353328E-01 
 0.1158333      0.8545773E-01 
 0.1175000      0.1498999     
 0.1191667      0.1803195     
 0.1208333      0.1657661     
 0.1225000      0.1393291     
 0.1241667      0.7719362E-01 
 0.1258333      0.7303166E-01 
 0.1275000      0.9370606E-01 
 0.1291667      0.1521702     
 0.1308333      0.1725564     
 0.1325000      0.1702139     
 0.1341667      0.9372730E-01 
 0.1358333      0.5649904E-01 
 0.1375000      0.1042636     
 0.1391667      0.1088480     
 0.1408333      0.1411901     
 0.1425000      0.1093263     
 0.1441667      0.7925685E-01 
 0.1458333      0.5910252E-01 
 0.1475000      0.6167075E-01 
 0.1491667      0.1169689     
 0.1508333      0.1148595     
 0.1525000      0.8999801E-01 
 0.1541667      0.7387285E-01 
 0.1558333      0.7429799E-01 
 0.1575000      0.1233311     
 0.1591667      0.7898407E-01 
 0.1608333      0.7449757E-01 
 0.1625000      0.6031682E-01 
 0.1641667      0.8670127E-01 
 0.1658333      0.1086796     
