# SumMovie FRC for input stack : stack11.mrc
# Number of micrographs: 1
# Number of frames per movie: 50
# Pixel size (A): 3.0000
# 1/(A)          FRC
# -----------------------
# 
# Micrograph 1 of 1. Score: .572
 0.8333334E-03  0.9999998     
 0.2500000E-02  0.8502091     
 0.4166666E-02  0.8702819     
 0.5833333E-02  0.8519204     
 0.7499999E-02  0.8573891     
 0.9166666E-02  0.7367847     
 0.1083333E-01  0.6258915     
 0.1250000E-01  0.8521894     
 0.1416667E-01  0.9141140     
 0.1583333E-01  0.9438331     
 0.1750000E-01  0.9071306     
 0.1916667E-01  0.6582515     
 0.2083333E-01  0.7393178     
 0.2250000E-01  0.8750951     
 0.2416667E-01  0.9217829     
 0.2583333E-01  0.8923008     
 0.2750000E-01  0.7419826     
 0.2916667E-01  0.6413454     
 0.3083333E-01  0.7105186     
 0.3250000E-01  0.7711754     
 0.3416666E-01  0.7198838     
 0.3583334E-01  0.5889106     
 0.3750000E-01  0.5229331     
 0.3916667E-01  0.4986628     
 0.4083334E-01  0.5166757     
 0.4250000E-01  0.4011803     
 0.4416666E-01  0.3367654     
 0.4583333E-01  0.2903846     
 0.4750000E-01  0.2204208     
 0.4916666E-01  0.1081415     
 0.5083333E-01  0.7607548E-01 
 0.5250000E-01  0.1368768     
 0.5416667E-01  0.1389358     
 0.5583333E-01  0.2218875     
 0.5750000E-01  0.2961646     
 0.5916666E-01  0.3598840     
 0.6083334E-01  0.3551063     
 0.6250000E-01  0.4007116     
 0.6416667E-01  0.3892340     
 0.6583333E-01  0.3100126     
 0.6750000E-01  0.2986919     
 0.6916667E-01  0.1899424     
 0.7083333E-01  0.1116452     
 0.7250000E-01  0.8471047E-01 
 0.7416667E-01  0.1101665     
 0.7583334E-01  0.1971189     
 0.7749999E-01  0.2665274     
 0.7916667E-01  0.3114934     
 0.8083334E-01  0.3518418     
 0.8250000E-01  0.3194282     
 0.8416667E-01  0.2950507     
 0.8583333E-01  0.2060491     
 0.8750000E-01  0.9612471E-01 
 0.8916666E-01  0.7667074E-01 
 0.9083333E-01  0.1304660     
 0.9250000E-01  0.2233007     
 0.9416667E-01  0.2858409     
 0.9583333E-01  0.3032227     
 0.9750000E-01  0.2556468     
 0.9916665E-01  0.2357979     
 0.1008333      0.1125643     
 0.1025000      0.8021431E-01 
 0.1041667      0.1378825     
 0.1058333      0.2176715     
 0.1075000      0.2206094     
 0.1091667      0.2490701     
 0.1108333      0.2095400     
 0.1125000      0.1530727     
 0.1141667      0.9837835E-01 
 0.1158333      0.9309553E-01 
 0.1175000      0.1645283     
 0.1191667      0.1931495     
 0.1208333      0.1647461     
 0.1225000      0.1473024     
 0.1241667      0.9099694E-01 
 0.1258333      0.9901460E-01 
 0.1275000      0.1093672     
 0.1291667      0.1662270     
 0.1308333      0.1662040     
 0.1325000      0.1834041     
 0.1341667      0.1088100     
 0.1358333      0.6904395E-01 
 0.1375000      0.1300266     
 0.1391667      0.1162314     
 0.1408333      0.1536650     
 0.1425000      0.1165124     
 0.1441667      0.1111559     
 0.1458333      0.9806675E-01 
 0.1475000      0.9553135E-01 
 0.1491667      0.1208945     
 0.1508333      0.1451076     
 0.1525000      0.1078467     
 0.1541667      0.9651285E-01 
 0.1558333      0.1080912     
 0.1575000      0.1429450     
 0.1591667      0.1041049     
 0.1608333      0.1125070     
 0.1625000      0.9198198E-01 
 0.1641667      0.1225238     
 0.1658333      0.1387289     
