# SumMovie FRC for input stack : stack6.mrc
# Number of micrographs: 1
# Number of frames per movie: 50
# Pixel size (A): 3.0000
# 1/(A)          FRC
# -----------------------
# 
# Micrograph 1 of 1. Score: .574
 0.8333334E-03  0.9999999     
 0.2500000E-02  0.9513486     
 0.4166666E-02  0.9316604     
 0.5833333E-02  0.8461899     
 0.7499999E-02  0.8649452     
 0.9166666E-02  0.6726161     
 0.1083333E-01  0.6542596     
 0.1250000E-01  0.8459249     
 0.1416667E-01  0.8829643     
 0.1583333E-01  0.9309729     
 0.1750000E-01  0.8906593     
 0.1916667E-01  0.6001096     
 0.2083333E-01  0.6604022     
 0.2250000E-01  0.8275974     
 0.2416667E-01  0.8909778     
 0.2583333E-01  0.8430225     
 0.2750000E-01  0.7196687     
 0.2916667E-01  0.6136146     
 0.3083333E-01  0.6733380     
 0.3250000E-01  0.7162841     
 0.3416666E-01  0.6825844     
 0.3583334E-01  0.5740802     
 0.3750000E-01  0.5215459     
 0.3916667E-01  0.5041751     
 0.4083334E-01  0.5363861     
 0.4250000E-01  0.4350150     
 0.4416666E-01  0.3676887     
 0.4583333E-01  0.3362202     
 0.4750000E-01  0.2850012     
 0.4916666E-01  0.2121878     
 0.5083333E-01  0.1183457     
 0.5250000E-01  0.1426088     
 0.5416667E-01  0.8944735E-01 
 0.5583333E-01  0.1292124     
 0.5750000E-01  0.1297611     
 0.5916666E-01  0.2086082     
 0.6083334E-01  0.2685586     
 0.6250000E-01  0.2884120     
 0.6416667E-01  0.3308221     
 0.6583333E-01  0.3287512     
 0.6750000E-01  0.3338741     
 0.6916667E-01  0.3162560     
 0.7083333E-01  0.2679251     
 0.7250000E-01  0.2136129     
 0.7416667E-01  0.1440122     
 0.7583334E-01  0.1019012     
 0.7749999E-01  0.8944458E-01 
 0.7916667E-01  0.9481396E-01 
 0.8083334E-01  0.1719045     
 0.8250000E-01  0.2110755     
 0.8416667E-01  0.2666873     
 0.8583333E-01  0.2854788     
 0.8750000E-01  0.2629589     
 0.8916666E-01  0.2529182     
 0.9083333E-01  0.1327134     
 0.9250000E-01  0.1271520     
 0.9416667E-01  0.8383063E-01 
 0.9583333E-01  0.1269592     
 0.9750000E-01  0.1276440     
 0.9916665E-01  0.1662447     
 0.1008333      0.1906286     
 0.1025000      0.2117097     
 0.1041667      0.1951346     
 0.1058333      0.1437625     
 0.1075000      0.1062445     
 0.1091667      0.5488482E-01 
 0.1108333      0.8158511E-01 
 0.1125000      0.1350940     
 0.1141667      0.1726635     
 0.1158333      0.1953323     
 0.1175000      0.1572583     
 0.1191667      0.1393520     
 0.1208333      0.9435648E-01 
 0.1225000      0.6827524E-01 
 0.1241667      0.8938637E-01 
 0.1258333      0.9729360E-01 
 0.1275000      0.1480055     
 0.1291667      0.1380842     
 0.1308333      0.1348152     
 0.1325000      0.6450470E-01 
 0.1341667      0.5353373E-01 
 0.1358333      0.1108270     
 0.1375000      0.8933746E-01 
 0.1391667      0.9370759E-01 
 0.1408333      0.1179350     
 0.1425000      0.1029567     
 0.1441667      0.7924310E-01 
 0.1458333      0.7838814E-01 
 0.1475000      0.8723188E-01 
 0.1491667      0.1160175     
 0.1508333      0.1260418     
 0.1525000      0.9682298E-01 
 0.1541667      0.6364417E-01 
 0.1558333      0.9214193E-01 
 0.1575000      0.8301260E-01 
 0.1591667      0.9643145E-01 
 0.1608333      0.1154321     
 0.1625000      0.8543473E-01 
 0.1641667      0.8145661E-01 
 0.1658333      0.5817365E-01 
