# SumMovie FRC for input stack : stack16.mrc
# Number of micrographs: 1
# Number of frames per movie: 50
# Pixel size (A): 3.0000
# 1/(A)          FRC
# -----------------------
# 
# Micrograph 1 of 1. Score: .527
 0.8333334E-03  0.9999994     
 0.2500000E-02  0.9669560     
 0.4166666E-02  0.9458893     
 0.5833333E-02  0.9108286     
 0.7499999E-02  0.8942329     
 0.9166666E-02  0.8409357     
 0.1083333E-01  0.7711122     
 0.1250000E-01  0.8780885     
 0.1416667E-01  0.9331321     
 0.1583333E-01  0.9634680     
 0.1750000E-01  0.9431876     
 0.1916667E-01  0.7634803     
 0.2083333E-01  0.7989587     
 0.2250000E-01  0.8913929     
 0.2416667E-01  0.9332872     
 0.2583333E-01  0.9239419     
 0.2750000E-01  0.8114564     
 0.2916667E-01  0.6766018     
 0.3083333E-01  0.7291728     
 0.3250000E-01  0.7741584     
 0.3416666E-01  0.6947837     
 0.3583334E-01  0.5517753     
 0.3750000E-01  0.4237522     
 0.3916667E-01  0.3583114     
 0.4083334E-01  0.2930294     
 0.4250000E-01  0.1151150     
 0.4416666E-01  0.1227298     
 0.4583333E-01  0.1076334     
 0.4750000E-01  0.1371257     
 0.4916666E-01  0.2686432     
 0.5083333E-01  0.3266253     
 0.5250000E-01  0.3535292     
 0.5416667E-01  0.3544177     
 0.5583333E-01  0.4013848     
 0.5750000E-01  0.3391303     
 0.5916666E-01  0.2604062     
 0.6083334E-01  0.1695327     
 0.6250000E-01  0.9149140E-01 
 0.6416667E-01  0.1160882     
 0.6583333E-01  0.1400179     
 0.6750000E-01  0.1851829     
 0.6916667E-01  0.2941928     
 0.7083333E-01  0.3821864     
 0.7250000E-01  0.3293041     
 0.7416667E-01  0.2648023     
 0.7583334E-01  0.1613770     
 0.7749999E-01  0.1126627     
 0.7916667E-01  0.9170513E-01 
 0.8083334E-01  0.2421243     
 0.8250000E-01  0.2410938     
 0.8416667E-01  0.3198840     
 0.8583333E-01  0.2734839     
 0.8750000E-01  0.1823810     
 0.8916666E-01  0.1176500     
 0.9083333E-01  0.9904389E-01 
 0.9250000E-01  0.1841689     
 0.9416667E-01  0.2378397     
 0.9583333E-01  0.2487992     
 0.9750000E-01  0.2025057     
 0.9916665E-01  0.1296209     
 0.1008333      0.1107730     
 0.1025000      0.1336580     
 0.1041667      0.1877875     
 0.1058333      0.2231805     
 0.1075000      0.1851027     
 0.1091667      0.1286201     
 0.1108333      0.6892117E-01 
 0.1125000      0.1540029     
 0.1141667      0.1834161     
 0.1158333      0.1733148     
 0.1175000      0.1363474     
 0.1191667      0.8762396E-01 
 0.1208333      0.1172682     
 0.1225000      0.1503916     
 0.1241667      0.1733168     
 0.1258333      0.1285446     
 0.1275000      0.9230155E-01 
 0.1291667      0.1164470     
 0.1308333      0.1378935     
 0.1325000      0.1365371     
 0.1341667      0.1121773     
 0.1358333      0.7341811E-01 
 0.1375000      0.1299750     
 0.1391667      0.1372187     
 0.1408333      0.1420689     
 0.1425000      0.9991413E-01 
 0.1441667      0.1204413     
 0.1458333      0.1204125     
 0.1475000      0.1175928     
 0.1491667      0.1230127     
 0.1508333      0.9715291E-01 
 0.1525000      0.1316877     
 0.1541667      0.1161957     
 0.1558333      0.9891645E-01 
 0.1575000      0.9603131E-01 
 0.1591667      0.1084163     
 0.1608333      0.1217421     
 0.1625000      0.7272410E-01 
 0.1641667      0.9750820E-01 
 0.1658333      0.1364758     
