# SumMovie FRC for input stack : stack16.mrc
# Number of micrographs: 1
# Number of frames per movie: 50
# Pixel size (A): 3.0000
# 1/(A)          FRC
# -----------------------
# 
# Micrograph 1 of 1. Score: .538
 0.8333334E-03  0.9999994     
 0.2500000E-02  0.9672197     
 0.4166666E-02  0.9454253     
 0.5833333E-02  0.9120662     
 0.7499999E-02  0.8964753     
 0.9166666E-02  0.8416284     
 0.1083333E-01  0.7768267     
 0.1250000E-01  0.8840374     
 0.1416667E-01  0.9355134     
 0.1583333E-01  0.9656217     
 0.1750000E-01  0.9458922     
 0.1916667E-01  0.7765098     
 0.2083333E-01  0.8029048     
 0.2250000E-01  0.9024661     
 0.2416667E-01  0.9435362     
 0.2583333E-01  0.9341254     
 0.2750000E-01  0.8305777     
 0.2916667E-01  0.7051504     
 0.3083333E-01  0.7542672     
 0.3250000E-01  0.7966195     
 0.3416666E-01  0.7330431     
 0.3583334E-01  0.6088258     
 0.3750000E-01  0.4391318     
 0.3916667E-01  0.3789308     
 0.4083334E-01  0.2912113     
 0.4250000E-01  0.1220359     
 0.4416666E-01  0.1180048     
 0.4583333E-01  0.8267092E-01 
 0.4750000E-01  0.1473915     
 0.4916666E-01  0.2679426     
 0.5083333E-01  0.3442308     
 0.5250000E-01  0.3890964     
 0.5416667E-01  0.3823793     
 0.5583333E-01  0.4239827     
 0.5750000E-01  0.3619731     
 0.5916666E-01  0.2761695     
 0.6083334E-01  0.1857220     
 0.6250000E-01  0.7819798E-01 
 0.6416667E-01  0.1018690     
 0.6583333E-01  0.1373977     
 0.6750000E-01  0.2070420     
 0.6916667E-01  0.3150214     
 0.7083333E-01  0.4056446     
 0.7250000E-01  0.3728564     
 0.7416667E-01  0.3074245     
 0.7583334E-01  0.1805188     
 0.7749999E-01  0.1179905     
 0.7916667E-01  0.9223445E-01 
 0.8083334E-01  0.2485152     
 0.8250000E-01  0.2748347     
 0.8416667E-01  0.3589708     
 0.8583333E-01  0.3012875     
 0.8750000E-01  0.1823276     
 0.8916666E-01  0.1195320     
 0.9083333E-01  0.7788256E-01 
 0.9250000E-01  0.1837412     
 0.9416667E-01  0.2608815     
 0.9583333E-01  0.2793617     
 0.9750000E-01  0.2061408     
 0.9916665E-01  0.9487458E-01 
 0.1008333      0.5589072E-01 
 0.1025000      0.1192964     
 0.1041667      0.1910295     
 0.1058333      0.2388867     
 0.1075000      0.1772195     
 0.1091667      0.1082538     
 0.1108333      0.5481950E-01 
 0.1125000      0.1369469     
 0.1141667      0.1965775     
 0.1158333      0.1875054     
 0.1175000      0.1105394     
 0.1191667      0.4638210E-01 
 0.1208333      0.8767966E-01 
 0.1225000      0.1549162     
 0.1241667      0.1731473     
 0.1258333      0.1070119     
 0.1275000      0.6493682E-01 
 0.1291667      0.8631878E-01 
 0.1308333      0.1196503     
 0.1325000      0.1340911     
 0.1341667      0.6296197E-01 
 0.1358333      0.4431937E-01 
 0.1375000      0.1119290     
 0.1391667      0.1342155     
 0.1408333      0.9259203E-01 
 0.1425000      0.7426138E-01 
 0.1441667      0.7249977E-01 
 0.1458333      0.1129249     
 0.1475000      0.9188049E-01 
 0.1491667      0.6158500E-01 
 0.1508333      0.7091411E-01 
 0.1525000      0.9989523E-01 
 0.1541667      0.8379757E-01 
 0.1558333      0.7524798E-01 
 0.1575000      0.4203661E-01 
 0.1591667      0.8219597E-01 
 0.1608333      0.8433624E-01 
 0.1625000      0.4121989E-01 
 0.1641667      0.6331453E-01 
 0.1658333      0.1282286     
