# SumMovie FRC for input stack : stack1.mrc
# Number of micrographs: 1
# Number of frames per movie: 50
# Pixel size (A): 3.0000
# 1/(A)          FRC
# -----------------------
# 
# Micrograph 1 of 1. Score: .521
 0.8333334E-03  0.9999990     
 0.2500000E-02  0.9744980     
 0.4166666E-02  0.9568024     
 0.5833333E-02  0.9214359     
 0.7499999E-02  0.9028894     
 0.9166666E-02  0.7464300     
 0.1083333E-01  0.7149053     
 0.1250000E-01  0.8452832     
 0.1416667E-01  0.9139521     
 0.1583333E-01  0.9169478     
 0.1750000E-01  0.8656809     
 0.1916667E-01  0.6578376     
 0.2083333E-01  0.7463847     
 0.2250000E-01  0.8570336     
 0.2416667E-01  0.8933330     
 0.2583333E-01  0.8569162     
 0.2750000E-01  0.7156579     
 0.2916667E-01  0.5997825     
 0.3083333E-01  0.6824539     
 0.3250000E-01  0.7029581     
 0.3416666E-01  0.6481332     
 0.3583334E-01  0.5114698     
 0.3750000E-01  0.4456283     
 0.3916667E-01  0.4166610     
 0.4083334E-01  0.4189997     
 0.4250000E-01  0.3610561     
 0.4416666E-01  0.2216326     
 0.4583333E-01  0.1277242     
 0.4750000E-01  0.1881993     
 0.4916666E-01  0.9223483E-01 
 0.5083333E-01  0.8598847E-01 
 0.5250000E-01  0.7849111E-01 
 0.5416667E-01  0.1033282     
 0.5583333E-01  0.1735964     
 0.5750000E-01  0.2078611     
 0.5916666E-01  0.2844694     
 0.6083334E-01  0.3007947     
 0.6250000E-01  0.2613176     
 0.6416667E-01  0.2252869     
 0.6583333E-01  0.2272962     
 0.6750000E-01  0.1344276     
 0.6916667E-01  0.1198854     
 0.7083333E-01  0.9670102E-01 
 0.7250000E-01  0.5470957E-01 
 0.7416667E-01  0.6785380E-01 
 0.7583334E-01  0.1298272     
 0.7749999E-01  0.1839100     
 0.7916667E-01  0.2425838     
 0.8083334E-01  0.2351155     
 0.8250000E-01  0.2109457     
 0.8416667E-01  0.1452226     
 0.8583333E-01  0.8939736E-01 
 0.8750000E-01  0.6285387E-01 
 0.8916666E-01  0.2421170E-01 
 0.9083333E-01  0.7956405E-01 
 0.9250000E-01  0.1289232     
 0.9416667E-01  0.1843418     
 0.9583333E-01  0.2072862     
 0.9750000E-01  0.1481180     
 0.9916665E-01  0.9200562E-01 
 0.1008333      0.6259711E-01 
 0.1025000      0.2927895E-01 
 0.1041667      0.7572261E-01 
 0.1058333      0.1403773     
 0.1075000      0.1627077     
 0.1091667      0.1365249     
 0.1108333      0.1153080     
 0.1125000      0.1177612     
 0.1141667      0.5905609E-01 
 0.1158333      0.4302813E-01 
 0.1175000      0.8822861E-01 
 0.1191667      0.1094470     
 0.1208333      0.8160853E-01 
 0.1225000      0.9012737E-01 
 0.1241667      0.6176908E-01 
 0.1258333      0.3958264E-01 
 0.1275000      0.3762450E-01 
 0.1291667      0.1102440     
 0.1308333      0.7616620E-01 
 0.1325000      0.5703196E-01 
 0.1341667      0.3938250E-01 
 0.1358333      0.2757465E-01 
 0.1375000      0.4922941E-01 
 0.1391667      0.7319354E-01 
 0.1408333      0.8254826E-01 
 0.1425000      0.5488809E-01 
 0.1441667      0.4255645E-01 
 0.1458333      0.3911865E-01 
 0.1475000      0.6784042E-01 
 0.1491667      0.5999067E-01 
 0.1508333      0.6975159E-01 
 0.1525000      0.2868065E-01 
 0.1541667      0.4689400E-01 
 0.1558333      0.7051314E-01 
 0.1575000      0.4103933E-01 
 0.1591667      0.2131854E-01 
 0.1608333      0.3180817E-01 
 0.1625000      0.5712453E-01 
 0.1641667      0.5267785E-01 
 0.1658333      0.2852946E-01 
