# SumMovie FRC for input stack : stack11.mrc
# Number of micrographs: 1
# Number of frames per movie: 50
# Pixel size (A): 3.0000
# 1/(A)          FRC
# -----------------------
# 
# Micrograph 1 of 1. Score: .570
 0.8333334E-03  0.9999998     
 0.2500000E-02  0.8500590     
 0.4166666E-02  0.8701462     
 0.5833333E-02  0.8519642     
 0.7499999E-02  0.8572534     
 0.9166666E-02  0.7363915     
 0.1083333E-01  0.6257230     
 0.1250000E-01  0.8516474     
 0.1416667E-01  0.9137481     
 0.1583333E-01  0.9436605     
 0.1750000E-01  0.9066390     
 0.1916667E-01  0.6586448     
 0.2083333E-01  0.7380183     
 0.2250000E-01  0.8743837     
 0.2416667E-01  0.9207119     
 0.2583333E-01  0.8915002     
 0.2750000E-01  0.7396820     
 0.2916667E-01  0.6368539     
 0.3083333E-01  0.7070444     
 0.3250000E-01  0.7683603     
 0.3416666E-01  0.7156979     
 0.3583334E-01  0.5859510     
 0.3750000E-01  0.5182773     
 0.3916667E-01  0.4936179     
 0.4083334E-01  0.5125749     
 0.4250000E-01  0.3977229     
 0.4416666E-01  0.3330088     
 0.4583333E-01  0.2841511     
 0.4750000E-01  0.2196859     
 0.4916666E-01  0.1071806     
 0.5083333E-01  0.7560898E-01 
 0.5250000E-01  0.1360274     
 0.5416667E-01  0.1344374     
 0.5583333E-01  0.2211428     
 0.5750000E-01  0.2926347     
 0.5916666E-01  0.3522999     
 0.6083334E-01  0.3507891     
 0.6250000E-01  0.3910300     
 0.6416667E-01  0.3822550     
 0.6583333E-01  0.2993683     
 0.6750000E-01  0.2922936     
 0.6916667E-01  0.1877721     
 0.7083333E-01  0.1108749     
 0.7250000E-01  0.8713554E-01 
 0.7416667E-01  0.1086008     
 0.7583334E-01  0.1926476     
 0.7749999E-01  0.2594365     
 0.7916667E-01  0.3050653     
 0.8083334E-01  0.3421040     
 0.8250000E-01  0.3116204     
 0.8416667E-01  0.2862529     
 0.8583333E-01  0.1998308     
 0.8750000E-01  0.9163505E-01 
 0.8916666E-01  0.7708763E-01 
 0.9083333E-01  0.1283975     
 0.9250000E-01  0.2151662     
 0.9416667E-01  0.2769498     
 0.9583333E-01  0.3008072     
 0.9750000E-01  0.2490002     
 0.9916665E-01  0.2293399     
 0.1008333      0.1131534     
 0.1025000      0.8463132E-01 
 0.1041667      0.1421795     
 0.1058333      0.2153023     
 0.1075000      0.2095280     
 0.1091667      0.2455420     
 0.1108333      0.2075765     
 0.1125000      0.1529069     
 0.1141667      0.1015021     
 0.1158333      0.9249635E-01 
 0.1175000      0.1632318     
 0.1191667      0.1918873     
 0.1208333      0.1651265     
 0.1225000      0.1456168     
 0.1241667      0.9288651E-01 
 0.1258333      0.1042634     
 0.1275000      0.1129736     
 0.1291667      0.1649931     
 0.1308333      0.1584739     
 0.1325000      0.1845437     
 0.1341667      0.1110054     
 0.1358333      0.7130112E-01 
 0.1375000      0.1316323     
 0.1391667      0.1142326     
 0.1408333      0.1489355     
 0.1425000      0.1143531     
 0.1441667      0.1166838     
 0.1458333      0.1030546     
 0.1475000      0.1034613     
 0.1491667      0.1170229     
 0.1508333      0.1502071     
 0.1525000      0.1070956     
 0.1541667      0.9650665E-01 
 0.1558333      0.1149605     
 0.1575000      0.1460883     
 0.1591667      0.1073499     
 0.1608333      0.1200452     
 0.1625000      0.9885986E-01 
 0.1641667      0.1244503     
 0.1658333      0.1453251     
