# SumMovie FRC for input stack : stack6.mrc
# Number of micrographs: 1
# Number of frames per movie: 50
# Pixel size (A): 3.0000
# 1/(A)          FRC
# -----------------------
# 
# Micrograph 1 of 1. Score: .563
 0.8333334E-03  0.9999998     
 0.2500000E-02  0.9512922     
 0.4166666E-02  0.9316366     
 0.5833333E-02  0.8460239     
 0.7499999E-02  0.8641985     
 0.9166666E-02  0.6704392     
 0.1083333E-01  0.6516601     
 0.1250000E-01  0.8448429     
 0.1416667E-01  0.8805702     
 0.1583333E-01  0.9292004     
 0.1750000E-01  0.8885162     
 0.1916667E-01  0.5976231     
 0.2083333E-01  0.6546564     
 0.2250000E-01  0.8211798     
 0.2416667E-01  0.8859225     
 0.2583333E-01  0.8358879     
 0.2750000E-01  0.7111478     
 0.2916667E-01  0.6013821     
 0.3083333E-01  0.6592657     
 0.3250000E-01  0.7019004     
 0.3416666E-01  0.6711591     
 0.3583334E-01  0.5600291     
 0.3750000E-01  0.5029478     
 0.3916667E-01  0.4852642     
 0.4083334E-01  0.5105571     
 0.4250000E-01  0.4209335     
 0.4416666E-01  0.3587491     
 0.4583333E-01  0.3173094     
 0.4750000E-01  0.2752720     
 0.4916666E-01  0.2009902     
 0.5083333E-01  0.1185266     
 0.5250000E-01  0.1490758     
 0.5416667E-01  0.9396667E-01 
 0.5583333E-01  0.1388104     
 0.5750000E-01  0.1288173     
 0.5916666E-01  0.1960025     
 0.6083334E-01  0.2516945     
 0.6250000E-01  0.2802894     
 0.6416667E-01  0.3087384     
 0.6583333E-01  0.3080123     
 0.6750000E-01  0.3180951     
 0.6916667E-01  0.3074656     
 0.7083333E-01  0.2506087     
 0.7250000E-01  0.2072259     
 0.7416667E-01  0.1472437     
 0.7583334E-01  0.1027334     
 0.7749999E-01  0.8539874E-01 
 0.7916667E-01  0.1084794     
 0.8083334E-01  0.1690466     
 0.8250000E-01  0.2048848     
 0.8416667E-01  0.2501326     
 0.8583333E-01  0.2755187     
 0.8750000E-01  0.2498888     
 0.8916666E-01  0.2591728     
 0.9083333E-01  0.1288865     
 0.9250000E-01  0.1368850     
 0.9416667E-01  0.9159777E-01 
 0.9583333E-01  0.1368574     
 0.9750000E-01  0.1408943     
 0.9916665E-01  0.1723288     
 0.1008333      0.1865151     
 0.1025000      0.2029563     
 0.1041667      0.2001026     
 0.1058333      0.1368133     
 0.1075000      0.1185691     
 0.1091667      0.7625712E-01 
 0.1108333      0.9139378E-01 
 0.1125000      0.1458630     
 0.1141667      0.1625843     
 0.1158333      0.2013695     
 0.1175000      0.1712036     
 0.1191667      0.1493244     
 0.1208333      0.1227903     
 0.1225000      0.8931411E-01 
 0.1241667      0.1151524     
 0.1258333      0.1132897     
 0.1275000      0.1680544     
 0.1291667      0.1512394     
 0.1308333      0.1611223     
 0.1325000      0.8579156E-01 
 0.1341667      0.8097477E-01 
 0.1358333      0.1215364     
 0.1375000      0.1122755     
 0.1391667      0.1121547     
 0.1408333      0.1392727     
 0.1425000      0.1113117     
 0.1441667      0.1024689     
 0.1458333      0.1001428     
 0.1475000      0.1237560     
 0.1491667      0.1395801     
 0.1508333      0.1473539     
 0.1525000      0.1286270     
 0.1541667      0.8704740E-01 
 0.1558333      0.1200132     
 0.1575000      0.1087498     
 0.1591667      0.1288940     
 0.1608333      0.1431958     
 0.1625000      0.1111171     
 0.1641667      0.1002963     
 0.1658333      0.8861893E-01 
