# SumMovie FRC for input stack : stack11.mrc
# Number of micrographs: 1
# Number of frames per movie: 50
# Pixel size (A): 3.0000
# 1/(A)          FRC
# -----------------------
# 
# Micrograph 1 of 1. Score: .577
 0.8333334E-03  0.9999998     
 0.2500000E-02  0.8506008     
 0.4166666E-02  0.8708762     
 0.5833333E-02  0.8516479     
 0.7499999E-02  0.8578947     
 0.9166666E-02  0.7374750     
 0.1083333E-01  0.6258501     
 0.1250000E-01  0.8538378     
 0.1416667E-01  0.9154375     
 0.1583333E-01  0.9441888     
 0.1750000E-01  0.9082928     
 0.1916667E-01  0.6545901     
 0.2083333E-01  0.7417980     
 0.2250000E-01  0.8762016     
 0.2416667E-01  0.9247604     
 0.2583333E-01  0.8935052     
 0.2750000E-01  0.7466666     
 0.2916667E-01  0.6521249     
 0.3083333E-01  0.7202155     
 0.3250000E-01  0.7779040     
 0.3416666E-01  0.7317508     
 0.3583334E-01  0.5954494     
 0.3750000E-01  0.5330169     
 0.3916667E-01  0.5110677     
 0.4083334E-01  0.5213451     
 0.4250000E-01  0.4081441     
 0.4416666E-01  0.3428641     
 0.4583333E-01  0.3001702     
 0.4750000E-01  0.2176442     
 0.4916666E-01  0.1034457     
 0.5083333E-01  0.7517270E-01 
 0.5250000E-01  0.1380769     
 0.5416667E-01  0.1446498     
 0.5583333E-01  0.2173671     
 0.5750000E-01  0.3001280     
 0.5916666E-01  0.3833904     
 0.6083334E-01  0.3611529     
 0.6250000E-01  0.4228424     
 0.6416667E-01  0.4054252     
 0.6583333E-01  0.3297179     
 0.6750000E-01  0.3053023     
 0.6916667E-01  0.1837848     
 0.7083333E-01  0.1071768     
 0.7250000E-01  0.6570664E-01 
 0.7416667E-01  0.1100647     
 0.7583334E-01  0.2006826     
 0.7749999E-01  0.2841490     
 0.7916667E-01  0.3243993     
 0.8083334E-01  0.3785932     
 0.8250000E-01  0.3371052     
 0.8416667E-01  0.3163770     
 0.8583333E-01  0.2088607     
 0.8750000E-01  0.1009655     
 0.8916666E-01  0.6622460E-01 
 0.9083333E-01  0.1346539     
 0.9250000E-01  0.2396993     
 0.9416667E-01  0.2917791     
 0.9583333E-01  0.2985250     
 0.9750000E-01  0.2677038     
 0.9916665E-01  0.2204047     
 0.1008333      0.1053002     
 0.1025000      0.4004321E-01 
 0.1041667      0.1124349     
 0.1058333      0.1914120     
 0.1075000      0.2375768     
 0.1091667      0.2356052     
 0.1108333      0.1992984     
 0.1125000      0.1325511     
 0.1141667      0.6227157E-01 
 0.1158333      0.8180368E-01 
 0.1175000      0.1400016     
 0.1191667      0.1717857     
 0.1208333      0.1632358     
 0.1225000      0.1335161     
 0.1241667      0.7235193E-01 
 0.1258333      0.6427884E-01 
 0.1275000      0.8852350E-01 
 0.1291667      0.1437569     
 0.1308333      0.1685268     
 0.1325000      0.1634395     
 0.1341667      0.8712453E-01 
 0.1358333      0.5022808E-01 
 0.1375000      0.9222338E-01 
 0.1391667      0.1014228     
 0.1408333      0.1303405     
 0.1425000      0.1009830     
 0.1441667      0.6838086E-01 
 0.1458333      0.4468560E-01 
 0.1475000      0.5652259E-01 
 0.1491667      0.1122663     
 0.1508333      0.1005695     
 0.1525000      0.8155537E-01 
 0.1541667      0.6505659E-01 
 0.1558333      0.6281795E-01 
 0.1575000      0.1162161     
 0.1591667      0.7237947E-01 
 0.1608333      0.6264554E-01 
 0.1625000      0.5672358E-01 
 0.1641667      0.7174598E-01 
 0.1658333      0.9418295E-01 
