# SumMovie FRC for input stack : stack1.mrc
# Number of micrographs: 1
# Number of frames per movie: 50
# Pixel size (A): 3.0000
# 1/(A)          FRC
# -----------------------
# 
# Micrograph 1 of 1. Score: .521
 0.8333334E-03  0.9999990     
 0.2500000E-02  0.9745006     
 0.4166666E-02  0.9568068     
 0.5833333E-02  0.9214268     
 0.7499999E-02  0.9028786     
 0.9166666E-02  0.7465480     
 0.1083333E-01  0.7148604     
 0.1250000E-01  0.8453023     
 0.1416667E-01  0.9139778     
 0.1583333E-01  0.9170111     
 0.1750000E-01  0.8657066     
 0.1916667E-01  0.6580012     
 0.2083333E-01  0.7463499     
 0.2250000E-01  0.8569453     
 0.2416667E-01  0.8933628     
 0.2583333E-01  0.8568656     
 0.2750000E-01  0.7155764     
 0.2916667E-01  0.6001191     
 0.3083333E-01  0.6825371     
 0.3250000E-01  0.7031131     
 0.3416666E-01  0.6480311     
 0.3583334E-01  0.5110596     
 0.3750000E-01  0.4451550     
 0.3916667E-01  0.4168215     
 0.4083334E-01  0.4191749     
 0.4250000E-01  0.3608935     
 0.4416666E-01  0.2213556     
 0.4583333E-01  0.1278076     
 0.4750000E-01  0.1878441     
 0.4916666E-01  0.9162293E-01 
 0.5083333E-01  0.8565149E-01 
 0.5250000E-01  0.7823280E-01 
 0.5416667E-01  0.1031371     
 0.5583333E-01  0.1734592     
 0.5750000E-01  0.2070100     
 0.5916666E-01  0.2840939     
 0.6083334E-01  0.3003225     
 0.6250000E-01  0.2614767     
 0.6416667E-01  0.2244156     
 0.6583333E-01  0.2267122     
 0.6750000E-01  0.1343555     
 0.6916667E-01  0.1190716     
 0.7083333E-01  0.9658201E-01 
 0.7250000E-01  0.5483869E-01 
 0.7416667E-01  0.6755336E-01 
 0.7583334E-01  0.1288946     
 0.7749999E-01  0.1837720     
 0.7916667E-01  0.2426858     
 0.8083334E-01  0.2349252     
 0.8250000E-01  0.2107922     
 0.8416667E-01  0.1442318     
 0.8583333E-01  0.8951965E-01 
 0.8750000E-01  0.6290688E-01 
 0.8916666E-01  0.2468489E-01 
 0.9083333E-01  0.7995357E-01 
 0.9250000E-01  0.1284286     
 0.9416667E-01  0.1840592     
 0.9583333E-01  0.2071982     
 0.9750000E-01  0.1477010     
 0.9916665E-01  0.9148788E-01 
 0.1008333      0.6214607E-01 
 0.1025000      0.2950053E-01 
 0.1041667      0.7646964E-01 
 0.1058333      0.1401185     
 0.1075000      0.1623190     
 0.1091667      0.1353648     
 0.1108333      0.1143276     
 0.1125000      0.1175147     
 0.1141667      0.5855985E-01 
 0.1158333      0.4210899E-01 
 0.1175000      0.8834708E-01 
 0.1191667      0.1095731     
 0.1208333      0.8185923E-01 
 0.1225000      0.8926749E-01 
 0.1241667      0.6106102E-01 
 0.1258333      0.3931867E-01 
 0.1275000      0.3711241E-01 
 0.1291667      0.1088394     
 0.1308333      0.7467861E-01 
 0.1325000      0.5458673E-01 
 0.1341667      0.3870475E-01 
 0.1358333      0.2788571E-01 
 0.1375000      0.4757157E-01 
 0.1391667      0.7186810E-01 
 0.1408333      0.8180558E-01 
 0.1425000      0.5407675E-01 
 0.1441667      0.4145548E-01 
 0.1458333      0.3858837E-01 
 0.1475000      0.6738091E-01 
 0.1491667      0.5998832E-01 
 0.1508333      0.7008394E-01 
 0.1525000      0.2930987E-01 
 0.1541667      0.4628839E-01 
 0.1558333      0.7095778E-01 
 0.1575000      0.4072507E-01 
 0.1591667      0.2165803E-01 
 0.1608333      0.3055849E-01 
 0.1625000      0.5791277E-01 
 0.1641667      0.5185020E-01 
 0.1658333      0.2800260E-01 
