# SumMovie FRC for input stack : stack16.mrc
# Number of micrographs: 1
# Number of frames per movie: 50
# Pixel size (A): 3.0000
# 1/(A)          FRC
# -----------------------
# 
# Micrograph 1 of 1. Score: .539
 0.8333334E-03  0.9999994     
 0.2500000E-02  0.9671997     
 0.4166666E-02  0.9454806     
 0.5833333E-02  0.9119990     
 0.7499999E-02  0.8963587     
 0.9166666E-02  0.8417206     
 0.1083333E-01  0.7763683     
 0.1250000E-01  0.8836304     
 0.1416667E-01  0.9354219     
 0.1583333E-01  0.9656628     
 0.1750000E-01  0.9459481     
 0.1916667E-01  0.7762054     
 0.2083333E-01  0.8034948     
 0.2250000E-01  0.9024505     
 0.2416667E-01  0.9430214     
 0.2583333E-01  0.9340383     
 0.2750000E-01  0.8306882     
 0.2916667E-01  0.7044767     
 0.3083333E-01  0.7531838     
 0.3250000E-01  0.7967839     
 0.3416666E-01  0.7322694     
 0.3583334E-01  0.6077123     
 0.3750000E-01  0.4401489     
 0.3916667E-01  0.3791184     
 0.4083334E-01  0.2915092     
 0.4250000E-01  0.1223995     
 0.4416666E-01  0.1220676     
 0.4583333E-01  0.8565717E-01 
 0.4750000E-01  0.1491753     
 0.4916666E-01  0.2685051     
 0.5083333E-01  0.3433224     
 0.5250000E-01  0.3895241     
 0.5416667E-01  0.3805861     
 0.5583333E-01  0.4241796     
 0.5750000E-01  0.3626246     
 0.5916666E-01  0.2790068     
 0.6083334E-01  0.1874458     
 0.6250000E-01  0.8162531E-01 
 0.6416667E-01  0.1045617     
 0.6583333E-01  0.1383741     
 0.6750000E-01  0.2084212     
 0.6916667E-01  0.3160420     
 0.7083333E-01  0.4079033     
 0.7250000E-01  0.3706073     
 0.7416667E-01  0.3026219     
 0.7583334E-01  0.1828110     
 0.7749999E-01  0.1174038     
 0.7916667E-01  0.9625868E-01 
 0.8083334E-01  0.2512491     
 0.8250000E-01  0.2764305     
 0.8416667E-01  0.3620557     
 0.8583333E-01  0.3010667     
 0.8750000E-01  0.1854908     
 0.8916666E-01  0.1187433     
 0.9083333E-01  0.7710807E-01 
 0.9250000E-01  0.1888827     
 0.9416667E-01  0.2615293     
 0.9583333E-01  0.2767462     
 0.9750000E-01  0.2112278     
 0.9916665E-01  0.9653568E-01 
 0.1008333      0.5966228E-01 
 0.1025000      0.1229745     
 0.1041667      0.1897627     
 0.1058333      0.2405325     
 0.1075000      0.1820665     
 0.1091667      0.1095459     
 0.1108333      0.5464154E-01 
 0.1125000      0.1380954     
 0.1141667      0.1981068     
 0.1158333      0.1893529     
 0.1175000      0.1140442     
 0.1191667      0.4694794E-01 
 0.1208333      0.8868638E-01 
 0.1225000      0.1592895     
 0.1241667      0.1719410     
 0.1258333      0.1090681     
 0.1275000      0.6367256E-01 
 0.1291667      0.9126211E-01 
 0.1308333      0.1210610     
 0.1325000      0.1354429     
 0.1341667      0.7084534E-01 
 0.1358333      0.5017212E-01 
 0.1375000      0.1094882     
 0.1391667      0.1370813     
 0.1408333      0.9138711E-01 
 0.1425000      0.7296285E-01 
 0.1441667      0.7183998E-01 
 0.1458333      0.1107214     
 0.1475000      0.9469787E-01 
 0.1491667      0.5722848E-01 
 0.1508333      0.6481875E-01 
 0.1525000      0.9767042E-01 
 0.1541667      0.8584219E-01 
 0.1558333      0.6895564E-01 
 0.1575000      0.4570289E-01 
 0.1591667      0.8427922E-01 
 0.1608333      0.8764243E-01 
 0.1625000      0.4585016E-01 
 0.1641667      0.6025435E-01 
 0.1658333      0.1312031     
