# SumMovie FRC for input stack : stack1.mrc
# Number of micrographs: 1
# Number of frames per movie: 50
# Pixel size (A): 3.0000
# 1/(A)          FRC
# -----------------------
# 
# Micrograph 1 of 1. Score: .544
 0.8333334E-03  0.9999993     
 0.2500000E-02  0.9744791     
 0.4166666E-02  0.9570951     
 0.5833333E-02  0.9208435     
 0.7499999E-02  0.9049633     
 0.9166666E-02  0.7502118     
 0.1083333E-01  0.7271411     
 0.1250000E-01  0.8561989     
 0.1416667E-01  0.9224041     
 0.1583333E-01  0.9255756     
 0.1750000E-01  0.8742255     
 0.1916667E-01  0.6735165     
 0.2083333E-01  0.7632498     
 0.2250000E-01  0.8703935     
 0.2416667E-01  0.9035733     
 0.2583333E-01  0.8718020     
 0.2750000E-01  0.7484779     
 0.2916667E-01  0.6422729     
 0.3083333E-01  0.7084796     
 0.3250000E-01  0.7395544     
 0.3416666E-01  0.6851315     
 0.3583334E-01  0.5451378     
 0.3750000E-01  0.4803940     
 0.3916667E-01  0.4572193     
 0.4083334E-01  0.4491074     
 0.4250000E-01  0.3958018     
 0.4416666E-01  0.2507166     
 0.4583333E-01  0.1626664     
 0.4750000E-01  0.1812544     
 0.4916666E-01  0.9491732E-01 
 0.5083333E-01  0.5758889E-01 
 0.5250000E-01  0.6815414E-01 
 0.5416667E-01  0.1139077     
 0.5583333E-01  0.1869617     
 0.5750000E-01  0.2476807     
 0.5916666E-01  0.3185807     
 0.6083334E-01  0.3420121     
 0.6250000E-01  0.3291275     
 0.6416667E-01  0.2942539     
 0.6583333E-01  0.2690597     
 0.6750000E-01  0.1614419     
 0.6916667E-01  0.1254383     
 0.7083333E-01  0.8642616E-01 
 0.7250000E-01  0.6142941E-01 
 0.7416667E-01  0.9853473E-01 
 0.7583334E-01  0.1534156     
 0.7749999E-01  0.2505185     
 0.7916667E-01  0.2963517     
 0.8083334E-01  0.2844746     
 0.8250000E-01  0.2845795     
 0.8416667E-01  0.2149679     
 0.8583333E-01  0.1184694     
 0.8750000E-01  0.5651110E-01 
 0.8916666E-01  0.3487885E-01 
 0.9083333E-01  0.1201089     
 0.9250000E-01  0.1861014     
 0.9416667E-01  0.2344721     
 0.9583333E-01  0.2430147     
 0.9750000E-01  0.1974989     
 0.9916665E-01  0.1082337     
 0.1008333      0.6439894E-01 
 0.1025000      0.4350089E-01 
 0.1041667      0.1242859     
 0.1058333      0.1553542     
 0.1075000      0.1541184     
 0.1091667      0.1674679     
 0.1108333      0.1234298     
 0.1125000      0.1280702     
 0.1141667      0.4360489E-01 
 0.1158333      0.5966423E-01 
 0.1175000      0.1075788     
 0.1191667      0.1049181     
 0.1208333      0.1046524     
 0.1225000      0.9498445E-01 
 0.1241667      0.4343088E-01 
 0.1258333      0.3679087E-01 
 0.1275000      0.5429118E-01 
 0.1291667      0.1059929     
 0.1308333      0.1263957     
 0.1325000      0.6596477E-01 
 0.1341667      0.3809636E-01 
 0.1358333      0.3852427E-01 
 0.1375000      0.9123670E-01 
 0.1391667      0.6354927E-01 
 0.1408333      0.9646662E-01 
 0.1425000      0.7057843E-01 
 0.1441667      0.2437481E-01 
 0.1458333      0.3885627E-01 
 0.1475000      0.7675937E-01 
 0.1491667      0.6254961E-01 
 0.1508333      0.6632657E-01 
 0.1525000      0.4352380E-01 
 0.1541667      0.5393773E-01 
 0.1558333      0.8057255E-01 
 0.1575000      0.4081159E-01 
 0.1591667      0.2486064E-01 
 0.1608333      0.3722846E-01 
 0.1625000      0.5026680E-01 
 0.1641667      0.3451245E-01 
 0.1658333      0.3164105E-01 
