# SumMovie FRC for input stack : stack11.mrc
# Number of micrographs: 1
# Number of frames per movie: 50
# Pixel size (A): 3.0000
# 1/(A)          FRC
# -----------------------
# 
# Micrograph 1 of 1. Score: .569
 0.8333334E-03  0.9999998     
 0.2500000E-02  0.8500395     
 0.4166666E-02  0.8701240     
 0.5833333E-02  0.8519580     
 0.7499999E-02  0.8572318     
 0.9166666E-02  0.7363277     
 0.1083333E-01  0.6257110     
 0.1250000E-01  0.8515772     
 0.1416667E-01  0.9137021     
 0.1583333E-01  0.9436345     
 0.1750000E-01  0.9065795     
 0.1916667E-01  0.6586459     
 0.2083333E-01  0.7378576     
 0.2250000E-01  0.8742773     
 0.2416667E-01  0.9205762     
 0.2583333E-01  0.8913817     
 0.2750000E-01  0.7393952     
 0.2916667E-01  0.6362939     
 0.3083333E-01  0.7066038     
 0.3250000E-01  0.7680213     
 0.3416666E-01  0.7151924     
 0.3583334E-01  0.5855265     
 0.3750000E-01  0.5177210     
 0.3916667E-01  0.4929814     
 0.4083334E-01  0.5120023     
 0.4250000E-01  0.3972590     
 0.4416666E-01  0.3324695     
 0.4583333E-01  0.2834398     
 0.4750000E-01  0.2195274     
 0.4916666E-01  0.1069913     
 0.5083333E-01  0.7547412E-01 
 0.5250000E-01  0.1357679     
 0.5416667E-01  0.1337641     
 0.5583333E-01  0.2209435     
 0.5750000E-01  0.2921025     
 0.5916666E-01  0.3514380     
 0.6083334E-01  0.3502317     
 0.6250000E-01  0.3897549     
 0.6416667E-01  0.3813246     
 0.6583333E-01  0.2980497     
 0.6750000E-01  0.2914696     
 0.6916667E-01  0.1874865     
 0.7083333E-01  0.1107152     
 0.7250000E-01  0.8716062E-01 
 0.7416667E-01  0.1083918     
 0.7583334E-01  0.1920916     
 0.7749999E-01  0.2585854     
 0.7916667E-01  0.3042518     
 0.8083334E-01  0.3408895     
 0.8250000E-01  0.3107090     
 0.8416667E-01  0.2854060     
 0.8583333E-01  0.1991321     
 0.8750000E-01  0.9108839E-01 
 0.8916666E-01  0.7697130E-01 
 0.9083333E-01  0.1283034     
 0.9250000E-01  0.2142495     
 0.9416667E-01  0.2758408     
 0.9583333E-01  0.3004067     
 0.9750000E-01  0.2481678     
 0.9916665E-01  0.2285175     
 0.1008333      0.1132316     
 0.1025000      0.8493066E-01 
 0.1041667      0.1425556     
 0.1058333      0.2147461     
 0.1075000      0.2080841     
 0.1091667      0.2450106     
 0.1108333      0.2072869     
 0.1125000      0.1529108     
 0.1141667      0.1016825     
 0.1158333      0.9208933E-01 
 0.1175000      0.1627780     
 0.1191667      0.1916305     
 0.1208333      0.1653497     
 0.1225000      0.1453496     
 0.1241667      0.9282386E-01 
 0.1258333      0.1046225     
 0.1275000      0.1131050     
 0.1291667      0.1647732     
 0.1308333      0.1576219     
 0.1325000      0.1845996     
 0.1341667      0.1109798     
 0.1358333      0.7154632E-01 
 0.1375000      0.1316481     
 0.1391667      0.1139480     
 0.1408333      0.1478827     
 0.1425000      0.1139988     
 0.1441667      0.1170802     
 0.1458333      0.1031471     
 0.1475000      0.1042777     
 0.1491667      0.1164934     
 0.1508333      0.1505550     
 0.1525000      0.1068791     
 0.1541667      0.9608668E-01 
 0.1558333      0.1154451     
 0.1575000      0.1460902     
 0.1591667      0.1074768     
 0.1608333      0.1203236     
 0.1625000      0.9927234E-01 
 0.1641667      0.1240418     
 0.1658333      0.1459715     
