# SumMovie FRC for input stack : stack6.mrc
# Number of micrographs: 1
# Number of frames per movie: 50
# Pixel size (A): 3.0000
# 1/(A)          FRC
# -----------------------
# 
# Micrograph 1 of 1. Score: .563
 0.8333334E-03  0.9999998     
 0.2500000E-02  0.9512945     
 0.4166666E-02  0.9316376     
 0.5833333E-02  0.8460283     
 0.7499999E-02  0.8642235     
 0.9166666E-02  0.6705064     
 0.1083333E-01  0.6517387     
 0.1250000E-01  0.8448755     
 0.1416667E-01  0.8806429     
 0.1583333E-01  0.9292535     
 0.1750000E-01  0.8885816     
 0.1916667E-01  0.5977176     
 0.2083333E-01  0.6548445     
 0.2250000E-01  0.8213838     
 0.2416667E-01  0.8860760     
 0.2583333E-01  0.8361080     
 0.2750000E-01  0.7114289     
 0.2916667E-01  0.6017680     
 0.3083333E-01  0.6597061     
 0.3250000E-01  0.7023701     
 0.3416666E-01  0.6715014     
 0.3583334E-01  0.5604511     
 0.3750000E-01  0.5035213     
 0.3916667E-01  0.4858799     
 0.4083334E-01  0.5113578     
 0.4250000E-01  0.4213421     
 0.4416666E-01  0.3590011     
 0.4583333E-01  0.3178683     
 0.4750000E-01  0.2755262     
 0.4916666E-01  0.2013916     
 0.5083333E-01  0.1185591     
 0.5250000E-01  0.1489547     
 0.5416667E-01  0.9394270E-01 
 0.5583333E-01  0.1385965     
 0.5750000E-01  0.1288705     
 0.5916666E-01  0.1964320     
 0.6083334E-01  0.2523245     
 0.6250000E-01  0.2806013     
 0.6416667E-01  0.3093930     
 0.6583333E-01  0.3086454     
 0.6750000E-01  0.3186105     
 0.6916667E-01  0.3078178     
 0.7083333E-01  0.2511595     
 0.7250000E-01  0.2074285     
 0.7416667E-01  0.1472491     
 0.7583334E-01  0.1027793     
 0.7749999E-01  0.8557727E-01 
 0.7916667E-01  0.1081015     
 0.8083334E-01  0.1691709     
 0.8250000E-01  0.2050655     
 0.8416667E-01  0.2507800     
 0.8583333E-01  0.2759565     
 0.8750000E-01  0.2504067     
 0.8916666E-01  0.2591227     
 0.9083333E-01  0.1289628     
 0.9250000E-01  0.1367462     
 0.9416667E-01  0.9160719E-01 
 0.9583333E-01  0.1367937     
 0.9750000E-01  0.1407816     
 0.9916665E-01  0.1724023     
 0.1008333      0.1866723     
 0.1025000      0.2029650     
 0.1041667      0.2002804     
 0.1058333      0.1372158     
 0.1075000      0.1183530     
 0.1091667      0.7562985E-01 
 0.1108333      0.9115456E-01 
 0.1125000      0.1460667     
 0.1141667      0.1631057     
 0.1158333      0.2012821     
 0.1175000      0.1710602     
 0.1191667      0.1491278     
 0.1208333      0.1222023     
 0.1225000      0.8889773E-01 
 0.1241667      0.1149219     
 0.1258333      0.1129798     
 0.1275000      0.1676446     
 0.1291667      0.1508774     
 0.1308333      0.1605523     
 0.1325000      0.8522574E-01 
 0.1341667      0.8038010E-01 
 0.1358333      0.1214811     
 0.1375000      0.1118220     
 0.1391667      0.1118637     
 0.1408333      0.1387960     
 0.1425000      0.1113724     
 0.1441667      0.1019283     
 0.1458333      0.9996504E-01 
 0.1475000      0.1228809     
 0.1491667      0.1392616     
 0.1508333      0.1470848     
 0.1525000      0.1279677     
 0.1541667      0.8667529E-01 
 0.1558333      0.1195884     
 0.1575000      0.1081403     
 0.1591667      0.1279321     
 0.1608333      0.1430300     
 0.1625000      0.1108471     
 0.1641667      0.9984741E-01 
 0.1658333      0.8798852E-01 
