# SumMovie FRC for input stack : stack16.mrc
# Number of micrographs: 1
# Number of frames per movie: 50
# Pixel size (A): 3.0000
# 1/(A)          FRC
# -----------------------
# 
# Micrograph 1 of 1. Score: .537
 0.8333334E-03  0.9999994     
 0.2500000E-02  0.9671827     
 0.4166666E-02  0.9457362     
 0.5833333E-02  0.9117031     
 0.7499999E-02  0.8955974     
 0.9166666E-02  0.8420834     
 0.1083333E-01  0.7749122     
 0.1250000E-01  0.8820232     
 0.1416667E-01  0.9347474     
 0.1583333E-01  0.9654471     
 0.1750000E-01  0.9456466     
 0.1916667E-01  0.7732804     
 0.2083333E-01  0.8041247     
 0.2250000E-01  0.9008836     
 0.2416667E-01  0.9404688     
 0.2583333E-01  0.9323042     
 0.2750000E-01  0.8282562     
 0.2916667E-01  0.6988012     
 0.3083333E-01  0.7463278     
 0.3250000E-01  0.7940222     
 0.3416666E-01  0.7239117     
 0.3583334E-01  0.5973846     
 0.3750000E-01  0.4385649     
 0.3916667E-01  0.3707506     
 0.4083334E-01  0.2932636     
 0.4250000E-01  0.1178057     
 0.4416666E-01  0.1272344     
 0.4583333E-01  0.9599940E-01 
 0.4750000E-01  0.1440005     
 0.4916666E-01  0.2676076     
 0.5083333E-01  0.3412549     
 0.5250000E-01  0.3842596     
 0.5416667E-01  0.3693723     
 0.5583333E-01  0.4152486     
 0.5750000E-01  0.3617736     
 0.5916666E-01  0.2753993     
 0.6083334E-01  0.1940278     
 0.6250000E-01  0.8600938E-01 
 0.6416667E-01  0.1011702     
 0.6583333E-01  0.1392381     
 0.6750000E-01  0.2155877     
 0.6916667E-01  0.3176582     
 0.7083333E-01  0.4037625     
 0.7250000E-01  0.3599441     
 0.7416667E-01  0.2830679     
 0.7583334E-01  0.1822473     
 0.7749999E-01  0.1181593     
 0.7916667E-01  0.9677856E-01 
 0.8083334E-01  0.2418349     
 0.8250000E-01  0.2692901     
 0.8416667E-01  0.3588012     
 0.8583333E-01  0.2924482     
 0.8750000E-01  0.1847680     
 0.8916666E-01  0.1155429     
 0.9083333E-01  0.8303846E-01 
 0.9250000E-01  0.1901911     
 0.9416667E-01  0.2543037     
 0.9583333E-01  0.2810961     
 0.9750000E-01  0.2189099     
 0.9916665E-01  0.1040980     
 0.1008333      0.7398707E-01 
 0.1025000      0.1274025     
 0.1041667      0.1841066     
 0.1058333      0.2415811     
 0.1075000      0.1769833     
 0.1091667      0.1144669     
 0.1108333      0.4512304E-01 
 0.1125000      0.1408508     
 0.1141667      0.1854743     
 0.1158333      0.1798067     
 0.1175000      0.1098203     
 0.1191667      0.5750866E-01 
 0.1208333      0.8970544E-01 
 0.1225000      0.1575820     
 0.1241667      0.1674220     
 0.1258333      0.1076575     
 0.1275000      0.7527377E-01 
 0.1291667      0.8942821E-01 
 0.1308333      0.1324637     
 0.1325000      0.1365439     
 0.1341667      0.8189481E-01 
 0.1358333      0.4127513E-01 
 0.1375000      0.1030852     
 0.1391667      0.1408873     
 0.1408333      0.1083959     
 0.1425000      0.6533153E-01 
 0.1441667      0.8339614E-01 
 0.1458333      0.1058781     
 0.1475000      0.9963141E-01 
 0.1491667      0.6904172E-01 
 0.1508333      0.6188368E-01 
 0.1525000      0.1001009     
 0.1541667      0.9220742E-01 
 0.1558333      0.6917924E-01 
 0.1575000      0.4662790E-01 
 0.1591667      0.8755664E-01 
 0.1608333      0.9654788E-01 
 0.1625000      0.4592118E-01 
 0.1641667      0.5993760E-01 
 0.1658333      0.1332434     
