# SumMovie FRC for input stack : stack16.mrc
# Number of micrographs: 1
# Number of frames per movie: 50
# Pixel size (A): 3.0000
# 1/(A)          FRC
# -----------------------
# 
# Micrograph 1 of 1. Score: .539
 0.8333334E-03  0.9999994     
 0.2500000E-02  0.9672136     
 0.4166666E-02  0.9454416     
 0.5833333E-02  0.9120532     
 0.7499999E-02  0.8964900     
 0.9166666E-02  0.8416808     
 0.1083333E-01  0.7765975     
 0.1250000E-01  0.8838969     
 0.1416667E-01  0.9355062     
 0.1583333E-01  0.9656487     
 0.1750000E-01  0.9459302     
 0.1916667E-01  0.7765695     
 0.2083333E-01  0.8031431     
 0.2250000E-01  0.9023639     
 0.2416667E-01  0.9433047     
 0.2583333E-01  0.9340959     
 0.2750000E-01  0.8307170     
 0.2916667E-01  0.7049332     
 0.3083333E-01  0.7538785     
 0.3250000E-01  0.7966701     
 0.3416666E-01  0.7330101     
 0.3583334E-01  0.6079569     
 0.3750000E-01  0.4397259     
 0.3916667E-01  0.3796219     
 0.4083334E-01  0.2921348     
 0.4250000E-01  0.1232158     
 0.4416666E-01  0.1201744     
 0.4583333E-01  0.8455125E-01 
 0.4750000E-01  0.1485890     
 0.4916666E-01  0.2691694     
 0.5083333E-01  0.3443875     
 0.5250000E-01  0.3902382     
 0.5416667E-01  0.3821582     
 0.5583333E-01  0.4242310     
 0.5750000E-01  0.3623529     
 0.5916666E-01  0.2787411     
 0.6083334E-01  0.1857395     
 0.6250000E-01  0.8114088E-01 
 0.6416667E-01  0.1043222     
 0.6583333E-01  0.1389609     
 0.6750000E-01  0.2088824     
 0.6916667E-01  0.3150901     
 0.7083333E-01  0.4071692     
 0.7250000E-01  0.3719568     
 0.7416667E-01  0.3066073     
 0.7583334E-01  0.1820169     
 0.7749999E-01  0.1185474     
 0.7916667E-01  0.9439156E-01 
 0.8083334E-01  0.2505461     
 0.8250000E-01  0.2761271     
 0.8416667E-01  0.3610309     
 0.8583333E-01  0.3021406     
 0.8750000E-01  0.1860253     
 0.8916666E-01  0.1189580     
 0.9083333E-01  0.7788301E-01 
 0.9250000E-01  0.1869150     
 0.9416667E-01  0.2603548     
 0.9583333E-01  0.2802669     
 0.9750000E-01  0.2102822     
 0.9916665E-01  0.9712205E-01 
 0.1008333      0.6002050E-01 
 0.1025000      0.1213600     
 0.1041667      0.1915005     
 0.1058333      0.2414589     
 0.1075000      0.1806851     
 0.1091667      0.1098271     
 0.1108333      0.5686688E-01 
 0.1125000      0.1393059     
 0.1141667      0.1979839     
 0.1158333      0.1894710     
 0.1175000      0.1127375     
 0.1191667      0.4777510E-01 
 0.1208333      0.9056965E-01 
 0.1225000      0.1581914     
 0.1241667      0.1741044     
 0.1258333      0.1082381     
 0.1275000      0.6535915E-01 
 0.1291667      0.8859282E-01 
 0.1308333      0.1187580     
 0.1325000      0.1338263     
 0.1341667      0.6944097E-01 
 0.1358333      0.4524788E-01 
 0.1375000      0.1114973     
 0.1391667      0.1361516     
 0.1408333      0.9285632E-01 
 0.1425000      0.7464676E-01 
 0.1441667      0.7499672E-01 
 0.1458333      0.1135492     
 0.1475000      0.9451223E-01 
 0.1491667      0.6188299E-01 
 0.1508333      0.6854883E-01 
 0.1525000      0.9930381E-01 
 0.1541667      0.8351362E-01 
 0.1558333      0.7411449E-01 
 0.1575000      0.4497701E-01 
 0.1591667      0.8365691E-01 
 0.1608333      0.8788511E-01 
 0.1625000      0.4528419E-01 
 0.1641667      0.6321380E-01 
 0.1658333      0.1312240     
