# SumMovie FRC for input stack : stack1.mrc
# Number of micrographs: 1
# Number of frames per movie: 50
# Pixel size (A): 3.0000
# 1/(A)          FRC
# -----------------------
# 
# Micrograph 1 of 1. Score: .535
 0.8333334E-03  0.9999990     
 0.2500000E-02  0.9744343     
 0.4166666E-02  0.9567640     
 0.5833333E-02  0.9213712     
 0.7499999E-02  0.9030426     
 0.9166666E-02  0.7489700     
 0.1083333E-01  0.7186864     
 0.1250000E-01  0.8496278     
 0.1416667E-01  0.9168391     
 0.1583333E-01  0.9193694     
 0.1750000E-01  0.8707026     
 0.1916667E-01  0.6683896     
 0.2083333E-01  0.7559147     
 0.2250000E-01  0.8648359     
 0.2416667E-01  0.9002561     
 0.2583333E-01  0.8677643     
 0.2750000E-01  0.7350192     
 0.2916667E-01  0.6298444     
 0.3083333E-01  0.7014019     
 0.3250000E-01  0.7292392     
 0.3416666E-01  0.6744844     
 0.3583334E-01  0.5343923     
 0.3750000E-01  0.4672935     
 0.3916667E-01  0.4416581     
 0.4083334E-01  0.4463675     
 0.4250000E-01  0.3806340     
 0.4416666E-01  0.2381159     
 0.4583333E-01  0.1435610     
 0.4750000E-01  0.1738426     
 0.4916666E-01  0.8876416E-01 
 0.5083333E-01  0.6191695E-01 
 0.5250000E-01  0.7374050E-01 
 0.5416667E-01  0.1033319     
 0.5583333E-01  0.1850127     
 0.5750000E-01  0.2293285     
 0.5916666E-01  0.3228649     
 0.6083334E-01  0.3254561     
 0.6250000E-01  0.3106156     
 0.6416667E-01  0.2692073     
 0.6583333E-01  0.2569553     
 0.6750000E-01  0.1536238     
 0.6916667E-01  0.1110975     
 0.7083333E-01  0.7909061E-01 
 0.7250000E-01  0.5946045E-01 
 0.7416667E-01  0.9145260E-01 
 0.7583334E-01  0.1466727     
 0.7749999E-01  0.2388373     
 0.7916667E-01  0.2886911     
 0.8083334E-01  0.2766692     
 0.8250000E-01  0.2737769     
 0.8416667E-01  0.2023041     
 0.8583333E-01  0.1108305     
 0.8750000E-01  0.4663042E-01 
 0.8916666E-01  0.4480889E-01 
 0.9083333E-01  0.1183282     
 0.9250000E-01  0.1703965     
 0.9416667E-01  0.2217354     
 0.9583333E-01  0.2318430     
 0.9750000E-01  0.1848459     
 0.9916665E-01  0.1158162     
 0.1008333      0.6397637E-01 
 0.1025000      0.5715466E-01 
 0.1041667      0.1002085     
 0.1058333      0.1448122     
 0.1075000      0.1547307     
 0.1091667      0.1591585     
 0.1108333      0.1051887     
 0.1125000      0.1225733     
 0.1141667      0.4643131E-01 
 0.1158333      0.4015035E-01 
 0.1175000      0.8939942E-01 
 0.1191667      0.1070562     
 0.1208333      0.1033137     
 0.1225000      0.9883295E-01 
 0.1241667      0.4097556E-01 
 0.1258333      0.3629181E-01 
 0.1275000      0.5177037E-01 
 0.1291667      0.9917960E-01 
 0.1308333      0.1154097     
 0.1325000      0.5951880E-01 
 0.1341667      0.4449364E-01 
 0.1358333      0.3528021E-01 
 0.1375000      0.7373202E-01 
 0.1391667      0.6478912E-01 
 0.1408333      0.7854892E-01 
 0.1425000      0.6058864E-01 
 0.1441667      0.1843404E-01 
 0.1458333      0.4555287E-01 
 0.1475000      0.7627866E-01 
 0.1491667      0.6876374E-01 
 0.1508333      0.6218569E-01 
 0.1525000      0.5037200E-01 
 0.1541667      0.4523351E-01 
 0.1558333      0.6751968E-01 
 0.1575000      0.3528107E-01 
 0.1591667      0.2843219E-01 
 0.1608333      0.3149424E-01 
 0.1625000      0.5413209E-01 
 0.1641667      0.4509442E-01 
 0.1658333      0.2645264E-01 
