# SumMovie FRC for input stack : stack1.mrc
# Number of micrographs: 1
# Number of frames per movie: 50
# Pixel size (A): 3.0000
# 1/(A)          FRC
# -----------------------
# 
# Micrograph 1 of 1. Score: .514
 0.8333334E-03  0.9999990     
 0.2500000E-02  0.9745072     
 0.4166666E-02  0.9567733     
 0.5833333E-02  0.9213983     
 0.7499999E-02  0.9026752     
 0.9166666E-02  0.7447876     
 0.1083333E-01  0.7128038     
 0.1250000E-01  0.8426689     
 0.1416667E-01  0.9120992     
 0.1583333E-01  0.9154944     
 0.1750000E-01  0.8623899     
 0.1916667E-01  0.6507857     
 0.2083333E-01  0.7405148     
 0.2250000E-01  0.8523097     
 0.2416667E-01  0.8892310     
 0.2583333E-01  0.8505088     
 0.2750000E-01  0.7049814     
 0.2916667E-01  0.5831103     
 0.3083333E-01  0.6711493     
 0.3250000E-01  0.6864931     
 0.3416666E-01  0.6295931     
 0.3583334E-01  0.4988553     
 0.3750000E-01  0.4364862     
 0.3916667E-01  0.4011626     
 0.4083334E-01  0.4020593     
 0.4250000E-01  0.3516542     
 0.4416666E-01  0.2183930     
 0.4583333E-01  0.1304186     
 0.4750000E-01  0.1916994     
 0.4916666E-01  0.9926026E-01 
 0.5083333E-01  0.9310154E-01 
 0.5250000E-01  0.8696793E-01 
 0.5416667E-01  0.1087029     
 0.5583333E-01  0.1699204     
 0.5750000E-01  0.2107546     
 0.5916666E-01  0.2652753     
 0.6083334E-01  0.2904920     
 0.6250000E-01  0.2473955     
 0.6416667E-01  0.2227138     
 0.6583333E-01  0.2235438     
 0.6750000E-01  0.1349488     
 0.6916667E-01  0.1351319     
 0.7083333E-01  0.1081910     
 0.7250000E-01  0.6021750E-01 
 0.7416667E-01  0.7368141E-01 
 0.7583334E-01  0.1294444     
 0.7749999E-01  0.1804940     
 0.7916667E-01  0.2197878     
 0.8083334E-01  0.2207631     
 0.8250000E-01  0.1991358     
 0.8416667E-01  0.1457218     
 0.8583333E-01  0.9001926E-01 
 0.8750000E-01  0.6029917E-01 
 0.8916666E-01  0.1401007E-01 
 0.9083333E-01  0.7785635E-01 
 0.9250000E-01  0.1186304     
 0.9416667E-01  0.1726094     
 0.9583333E-01  0.1960074     
 0.9750000E-01  0.1463701     
 0.9916665E-01  0.8458746E-01 
 0.1008333      0.6481799E-01 
 0.1025000      0.2388994E-01 
 0.1041667      0.9718467E-01 
 0.1058333      0.1405439     
 0.1075000      0.1536540     
 0.1091667      0.1326806     
 0.1108333      0.1148268     
 0.1125000      0.1141157     
 0.1141667      0.5959422E-01 
 0.1158333      0.4287468E-01 
 0.1175000      0.8068408E-01 
 0.1191667      0.1133564     
 0.1208333      0.8147865E-01 
 0.1225000      0.7292226E-01 
 0.1241667      0.5896435E-01 
 0.1258333      0.3938815E-01 
 0.1275000      0.2279603E-01 
 0.1291667      0.1159989     
 0.1308333      0.7734305E-01 
 0.1325000      0.6616601E-01 
 0.1341667      0.2827237E-01 
 0.1358333      0.4130165E-01 
 0.1375000      0.5382694E-01 
 0.1391667      0.7071866E-01 
 0.1408333      0.7964305E-01 
 0.1425000      0.7018754E-01 
 0.1441667      0.3830669E-01 
 0.1458333      0.4074195E-01 
 0.1475000      0.7643095E-01 
 0.1491667      0.6154427E-01 
 0.1508333      0.5226223E-01 
 0.1525000      0.3786400E-01 
 0.1541667      0.5690222E-01 
 0.1558333      0.5897423E-01 
 0.1575000      0.4133162E-01 
 0.1591667      0.1875650E-01 
 0.1608333      0.3832843E-01 
 0.1625000      0.5753953E-01 
 0.1641667      0.6942882E-01 
 0.1658333      0.4222336E-01 
