# SumMovie FRC for input stack : stack1.mrc
# Number of micrographs: 1
# Number of frames per movie: 50
# Pixel size (A): 3.0000
# 1/(A)          FRC
# -----------------------
# 
# Micrograph 1 of 1. Score: .522
 0.8333334E-03  0.9999990     
 0.2500000E-02  0.9744959     
 0.4166666E-02  0.9568043     
 0.5833333E-02  0.9214512     
 0.7499999E-02  0.9029396     
 0.9166666E-02  0.7464148     
 0.1083333E-01  0.7152827     
 0.1250000E-01  0.8455766     
 0.1416667E-01  0.9141609     
 0.1583333E-01  0.9170305     
 0.1750000E-01  0.8660591     
 0.1916667E-01  0.6584735     
 0.2083333E-01  0.7470497     
 0.2250000E-01  0.8577265     
 0.2416667E-01  0.8937616     
 0.2583333E-01  0.8577245     
 0.2750000E-01  0.7172588     
 0.2916667E-01  0.6015914     
 0.3083333E-01  0.6837685     
 0.3250000E-01  0.7048288     
 0.3416666E-01  0.6504561     
 0.3583334E-01  0.5136390     
 0.3750000E-01  0.4477773     
 0.3916667E-01  0.4186666     
 0.4083334E-01  0.4212117     
 0.4250000E-01  0.3623151     
 0.4416666E-01  0.2230014     
 0.4583333E-01  0.1269717     
 0.4750000E-01  0.1878006     
 0.4916666E-01  0.9205670E-01 
 0.5083333E-01  0.8584820E-01 
 0.5250000E-01  0.7773826E-01 
 0.5416667E-01  0.1032868     
 0.5583333E-01  0.1743475     
 0.5750000E-01  0.2098283     
 0.5916666E-01  0.2880869     
 0.6083334E-01  0.3026756     
 0.6250000E-01  0.2636786     
 0.6416667E-01  0.2280516     
 0.6583333E-01  0.2289735     
 0.6750000E-01  0.1348630     
 0.6916667E-01  0.1191031     
 0.7083333E-01  0.9460703E-01 
 0.7250000E-01  0.5425971E-01 
 0.7416667E-01  0.6820217E-01 
 0.7583334E-01  0.1318663     
 0.7749999E-01  0.1860892     
 0.7916667E-01  0.2462529     
 0.8083334E-01  0.2383550     
 0.8250000E-01  0.2143276     
 0.8416667E-01  0.1487567     
 0.8583333E-01  0.9070111E-01 
 0.8750000E-01  0.6344651E-01 
 0.8916666E-01  0.2616660E-01 
 0.9083333E-01  0.8041251E-01 
 0.9250000E-01  0.1320665     
 0.9416667E-01  0.1879028     
 0.9583333E-01  0.2095601     
 0.9750000E-01  0.1499601     
 0.9916665E-01  0.9517443E-01 
 0.1008333      0.6378935E-01 
 0.1025000      0.3137600E-01 
 0.1041667      0.7239535E-01 
 0.1058333      0.1416722     
 0.1075000      0.1637817     
 0.1091667      0.1403892     
 0.1108333      0.1166653     
 0.1125000      0.1195363     
 0.1141667      0.6007405E-01 
 0.1158333      0.4434641E-01 
 0.1175000      0.8886370E-01 
 0.1191667      0.1086821     
 0.1208333      0.8321300E-01 
 0.1225000      0.9340640E-01 
 0.1241667      0.6401946E-01 
 0.1258333      0.4093119E-01 
 0.1275000      0.4131272E-01 
 0.1291667      0.1111256     
 0.1308333      0.8108209E-01 
 0.1325000      0.6109568E-01 
 0.1341667      0.4123719E-01 
 0.1358333      0.2604036E-01 
 0.1375000      0.5217127E-01 
 0.1391667      0.7615270E-01 
 0.1408333      0.8424956E-01 
 0.1425000      0.5362812E-01 
 0.1441667      0.4362834E-01 
 0.1458333      0.4058149E-01 
 0.1475000      0.6832217E-01 
 0.1491667      0.5911504E-01 
 0.1508333      0.7123016E-01 
 0.1525000      0.2815192E-01 
 0.1541667      0.4556923E-01 
 0.1558333      0.7106718E-01 
 0.1575000      0.4285579E-01 
 0.1591667      0.2113839E-01 
 0.1608333      0.3445872E-01 
 0.1625000      0.5521725E-01 
 0.1641667      0.5138735E-01 
 0.1658333      0.2709327E-01 
