# SumMovie FRC for input stack : stack16.mrc
# Number of micrographs: 1
# Number of frames per movie: 50
# Pixel size (A): 3.0000
# 1/(A)          FRC
# -----------------------
# 
# Micrograph 1 of 1. Score: .539
 0.8333334E-03  0.9999994     
 0.2500000E-02  0.9672148     
 0.4166666E-02  0.9454452     
 0.5833333E-02  0.9120581     
 0.7499999E-02  0.8964827     
 0.9166666E-02  0.8416855     
 0.1083333E-01  0.7766191     
 0.1250000E-01  0.8838996     
 0.1416667E-01  0.9355039     
 0.1583333E-01  0.9656482     
 0.1750000E-01  0.9459308     
 0.1916667E-01  0.7765417     
 0.2083333E-01  0.8031455     
 0.2250000E-01  0.9023851     
 0.2416667E-01  0.9433216     
 0.2583333E-01  0.9341025     
 0.2750000E-01  0.8307198     
 0.2916667E-01  0.7049409     
 0.3083333E-01  0.7539175     
 0.3250000E-01  0.7966563     
 0.3416666E-01  0.7330153     
 0.3583334E-01  0.6081252     
 0.3750000E-01  0.4396668     
 0.3916667E-01  0.3796189     
 0.4083334E-01  0.2919961     
 0.4250000E-01  0.1231113     
 0.4416666E-01  0.1199696     
 0.4583333E-01  0.8443365E-01 
 0.4750000E-01  0.1485365     
 0.4916666E-01  0.2689686     
 0.5083333E-01  0.3443607     
 0.5250000E-01  0.3900981     
 0.5416667E-01  0.3821673     
 0.5583333E-01  0.4242713     
 0.5750000E-01  0.3624271     
 0.5916666E-01  0.2786329     
 0.6083334E-01  0.1859019     
 0.6250000E-01  0.8078855E-01 
 0.6416667E-01  0.1039787     
 0.6583333E-01  0.1386452     
 0.6750000E-01  0.2084877     
 0.6916667E-01  0.3152854     
 0.7083333E-01  0.4071303     
 0.7250000E-01  0.3720201     
 0.7416667E-01  0.3065470     
 0.7583334E-01  0.1819352     
 0.7749999E-01  0.1182900     
 0.7916667E-01  0.9413754E-01 
 0.8083334E-01  0.2503356     
 0.8250000E-01  0.2758999     
 0.8416667E-01  0.3607719     
 0.8583333E-01  0.3021187     
 0.8750000E-01  0.1853268     
 0.8916666E-01  0.1189930     
 0.9083333E-01  0.7760333E-01 
 0.9250000E-01  0.1865815     
 0.9416667E-01  0.2603675     
 0.9583333E-01  0.2798762     
 0.9750000E-01  0.2095419     
 0.9916665E-01  0.9651450E-01 
 0.1008333      0.5946914E-01 
 0.1025000      0.1210678     
 0.1041667      0.1913910     
 0.1058333      0.2410316     
 0.1075000      0.1802359     
 0.1091667      0.1095067     
 0.1108333      0.5637582E-01 
 0.1125000      0.1387034     
 0.1141667      0.1978191     
 0.1158333      0.1891886     
 0.1175000      0.1125218     
 0.1191667      0.4745220E-01 
 0.1208333      0.8989655E-01 
 0.1225000      0.1577740     
 0.1241667      0.1738094     
 0.1258333      0.1082175     
 0.1275000      0.6498302E-01 
 0.1291667      0.8846988E-01 
 0.1308333      0.1186336     
 0.1325000      0.1337782     
 0.1341667      0.6860123E-01 
 0.1358333      0.4525035E-01 
 0.1375000      0.1112740     
 0.1391667      0.1360104     
 0.1408333      0.9245682E-01 
 0.1425000      0.7432199E-01 
 0.1441667      0.7445859E-01 
 0.1458333      0.1131178     
 0.1475000      0.9384281E-01 
 0.1491667      0.6119131E-01 
 0.1508333      0.6840320E-01 
 0.1525000      0.9904367E-01 
 0.1541667      0.8328414E-01 
 0.1558333      0.7387672E-01 
 0.1575000      0.4432106E-01 
 0.1591667      0.8328093E-01 
 0.1608333      0.8724625E-01 
 0.1625000      0.4499767E-01 
 0.1641667      0.6302990E-01 
 0.1658333      0.1307486     
