# SumMovie FRC for input stack : stack6.mrc
# Number of micrographs: 1
# Number of frames per movie: 50
# Pixel size (A): 3.0000
# 1/(A)          FRC
# -----------------------
# 
# Micrograph 1 of 1. Score: .592
 0.8333334E-03  0.9999999     
 0.2500000E-02  0.9512848     
 0.4166666E-02  0.9319434     
 0.5833333E-02  0.8475131     
 0.7499999E-02  0.8653345     
 0.9166666E-02  0.6785327     
 0.1083333E-01  0.6579741     
 0.1250000E-01  0.8498816     
 0.1416667E-01  0.8880311     
 0.1583333E-01  0.9352673     
 0.1750000E-01  0.8938944     
 0.1916667E-01  0.6006591     
 0.2083333E-01  0.6728637     
 0.2250000E-01  0.8435081     
 0.2416667E-01  0.9027258     
 0.2583333E-01  0.8573520     
 0.2750000E-01  0.7354398     
 0.2916667E-01  0.6256802     
 0.3083333E-01  0.6982798     
 0.3250000E-01  0.7291222     
 0.3416666E-01  0.7026550     
 0.3583334E-01  0.6010904     
 0.3750000E-01  0.5385411     
 0.3916667E-01  0.5309836     
 0.4083334E-01  0.5750535     
 0.4250000E-01  0.4582474     
 0.4416666E-01  0.3963256     
 0.4583333E-01  0.3652645     
 0.4750000E-01  0.3045570     
 0.4916666E-01  0.2232443     
 0.5083333E-01  0.1344011     
 0.5250000E-01  0.1169188     
 0.5416667E-01  0.6087510E-01 
 0.5583333E-01  0.9927193E-01 
 0.5750000E-01  0.1216534     
 0.5916666E-01  0.1972468     
 0.6083334E-01  0.2703623     
 0.6250000E-01  0.2905465     
 0.6416667E-01  0.3451784     
 0.6583333E-01  0.3743893     
 0.6750000E-01  0.3483587     
 0.6916667E-01  0.3458224     
 0.7083333E-01  0.2921097     
 0.7250000E-01  0.2227033     
 0.7416667E-01  0.1229066     
 0.7583334E-01  0.7654931E-01 
 0.7749999E-01  0.6669472E-01 
 0.7916667E-01  0.7773161E-01 
 0.8083334E-01  0.1847368     
 0.8250000E-01  0.2317227     
 0.8416667E-01  0.2956400     
 0.8583333E-01  0.3108801     
 0.8750000E-01  0.2917762     
 0.8916666E-01  0.2433448     
 0.9083333E-01  0.1632607     
 0.9250000E-01  0.8634730E-01 
 0.9416667E-01  0.4654293E-01 
 0.9583333E-01  0.8608589E-01 
 0.9750000E-01  0.8666288E-01 
 0.9916665E-01  0.1436946     
 0.1008333      0.2200407     
 0.1025000      0.2395051     
 0.1041667      0.1715783     
 0.1058333      0.1479565     
 0.1075000      0.8004601E-01 
 0.1091667      0.7793454E-01 
 0.1108333      0.4327897E-01 
 0.1125000      0.8833905E-01 
 0.1141667      0.1413131     
 0.1158333      0.1924437     
 0.1175000      0.1702530     
 0.1191667      0.1292850     
 0.1208333      0.4216657E-01 
 0.1225000      0.4421843E-01 
 0.1241667      0.3771219E-01 
 0.1258333      0.1041166     
 0.1275000      0.1214374     
 0.1291667      0.1265219     
 0.1308333      0.1115347     
 0.1325000      0.5647056E-01 
 0.1341667      0.4585743E-01 
 0.1358333      0.7363786E-01 
 0.1375000      0.7090615E-01 
 0.1391667      0.1018090     
 0.1408333      0.9003942E-01 
 0.1425000      0.6901098E-01 
 0.1441667      0.5681727E-01 
 0.1458333      0.3944252E-01 
 0.1475000      0.4744518E-01 
 0.1491667      0.7656322E-01 
 0.1508333      0.9299507E-01 
 0.1525000      0.6866602E-01 
 0.1541667      0.4563370E-01 
 0.1558333      0.3521307E-01 
 0.1575000      0.7337439E-01 
 0.1591667      0.8212069E-01 
 0.1608333      0.7819006E-01 
 0.1625000      0.7595448E-01 
 0.1641667      0.6251538E-01 
 0.1658333      0.2876397E-01 
