# SumMovie FRC for input stack : stack16.mrc
# Number of micrographs: 1
# Number of frames per movie: 50
# Pixel size (A): 3.0000
# 1/(A)          FRC
# -----------------------
# 
# Micrograph 1 of 1. Score: .539
 0.8333334E-03  0.9999994     
 0.2500000E-02  0.9671743     
 0.4166666E-02  0.9455060     
 0.5833333E-02  0.9118443     
 0.7499999E-02  0.8962412     
 0.9166666E-02  0.8418893     
 0.1083333E-01  0.7757993     
 0.1250000E-01  0.8832187     
 0.1416667E-01  0.9353405     
 0.1583333E-01  0.9656052     
 0.1750000E-01  0.9457936     
 0.1916667E-01  0.7757760     
 0.2083333E-01  0.8035529     
 0.2250000E-01  0.9017460     
 0.2416667E-01  0.9421432     
 0.2583333E-01  0.9334872     
 0.2750000E-01  0.8299251     
 0.2916667E-01  0.7026463     
 0.3083333E-01  0.7508947     
 0.3250000E-01  0.7959484     
 0.3416666E-01  0.7301331     
 0.3583334E-01  0.6018240     
 0.3750000E-01  0.4402848     
 0.3916667E-01  0.3782151     
 0.4083334E-01  0.2938716     
 0.4250000E-01  0.1229095     
 0.4416666E-01  0.1274047     
 0.4583333E-01  0.9199316E-01 
 0.4750000E-01  0.1503299     
 0.4916666E-01  0.2703540     
 0.5083333E-01  0.3422756     
 0.5250000E-01  0.3889839     
 0.5416667E-01  0.3759801     
 0.5583333E-01  0.4215572     
 0.5750000E-01  0.3608133     
 0.5916666E-01  0.2819070     
 0.6083334E-01  0.1885234     
 0.6250000E-01  0.8679456E-01 
 0.6416667E-01  0.1099969     
 0.6583333E-01  0.1418181     
 0.6750000E-01  0.2113259     
 0.6916667E-01  0.3169777     
 0.7083333E-01  0.4070970     
 0.7250000E-01  0.3645964     
 0.7416667E-01  0.2957219     
 0.7583334E-01  0.1837261     
 0.7749999E-01  0.1165831     
 0.7916667E-01  0.1000165     
 0.8083334E-01  0.2531053     
 0.8250000E-01  0.2746220     
 0.8416667E-01  0.3636009     
 0.8583333E-01  0.2977092     
 0.8750000E-01  0.1917623     
 0.8916666E-01  0.1169168     
 0.9083333E-01  0.8559059E-01 
 0.9250000E-01  0.1929267     
 0.9416667E-01  0.2598590     
 0.9583333E-01  0.2755847     
 0.9750000E-01  0.2193206     
 0.9916665E-01  0.1041553     
 0.1008333      0.7170211E-01 
 0.1025000      0.1264333     
 0.1041667      0.1873021     
 0.1058333      0.2450226     
 0.1075000      0.1890194     
 0.1091667      0.1140469     
 0.1108333      0.5332172E-01 
 0.1125000      0.1447487     
 0.1141667      0.1924118     
 0.1158333      0.1913093     
 0.1175000      0.1177141     
 0.1191667      0.5519963E-01 
 0.1208333      0.9528488E-01 
 0.1225000      0.1606753     
 0.1241667      0.1696062     
 0.1258333      0.1093739     
 0.1275000      0.6876209E-01 
 0.1291667      0.9357581E-01 
 0.1308333      0.1326400     
 0.1325000      0.1362860     
 0.1341667      0.8519076E-01 
 0.1358333      0.5690367E-01 
 0.1375000      0.1091134     
 0.1391667      0.1376417     
 0.1408333      0.1020767     
 0.1425000      0.7281297E-01 
 0.1441667      0.8329072E-01 
 0.1458333      0.1072580     
 0.1475000      0.1031911     
 0.1491667      0.6994117E-01 
 0.1508333      0.6701701E-01 
 0.1525000      0.1052117     
 0.1541667      0.9843366E-01 
 0.1558333      0.6406715E-01 
 0.1575000      0.5419444E-01 
 0.1591667      0.8896265E-01 
 0.1608333      0.9905858E-01 
 0.1625000      0.4697441E-01 
 0.1641667      0.6358710E-01 
 0.1658333      0.1375989     
