# SumMovie FRC for input stack : stack16.mrc
# Number of micrographs: 1
# Number of frames per movie: 50
# Pixel size (A): 3.0000
# 1/(A)          FRC
# -----------------------
# 
# Micrograph 1 of 1. Score: .538
 0.8333334E-03  0.9999994     
 0.2500000E-02  0.9672220     
 0.4166666E-02  0.9454305     
 0.5833333E-02  0.9120685     
 0.7499999E-02  0.8964930     
 0.9166666E-02  0.8416319     
 0.1083333E-01  0.7767776     
 0.1250000E-01  0.8840307     
 0.1416667E-01  0.9355193     
 0.1583333E-01  0.9656220     
 0.1750000E-01  0.9459025     
 0.1916667E-01  0.7765414     
 0.2083333E-01  0.8029211     
 0.2250000E-01  0.9024311     
 0.2416667E-01  0.9435011     
 0.2583333E-01  0.9341226     
 0.2750000E-01  0.8306183     
 0.2916667E-01  0.7051330     
 0.3083333E-01  0.7542449     
 0.3250000E-01  0.7966239     
 0.3416666E-01  0.7330879     
 0.3583334E-01  0.6086663     
 0.3750000E-01  0.4392860     
 0.3916667E-01  0.3791350     
 0.4083334E-01  0.2916184     
 0.4250000E-01  0.1223873     
 0.4416666E-01  0.1183069     
 0.4583333E-01  0.8305730E-01 
 0.4750000E-01  0.1476329     
 0.4916666E-01  0.2683447     
 0.5083333E-01  0.3444210     
 0.5250000E-01  0.3896964     
 0.5416667E-01  0.3824905     
 0.5583333E-01  0.4240523     
 0.5750000E-01  0.3621386     
 0.5916666E-01  0.2768832     
 0.6083334E-01  0.1856560     
 0.6250000E-01  0.7878812E-01 
 0.6416667E-01  0.1023800     
 0.6583333E-01  0.1380846     
 0.6750000E-01  0.2076695     
 0.6916667E-01  0.3150439     
 0.7083333E-01  0.4059284     
 0.7250000E-01  0.3727930     
 0.7416667E-01  0.3075363     
 0.7583334E-01  0.1808789     
 0.7749999E-01  0.1181987     
 0.7916667E-01  0.9252724E-01 
 0.8083334E-01  0.2488689     
 0.8250000E-01  0.2752680     
 0.8416667E-01  0.3594154     
 0.8583333E-01  0.3015642     
 0.8750000E-01  0.1833609     
 0.8916666E-01  0.1196485     
 0.9083333E-01  0.7791714E-01 
 0.9250000E-01  0.1843096     
 0.9416667E-01  0.2605188     
 0.9583333E-01  0.2800362     
 0.9750000E-01  0.2073632     
 0.9916665E-01  0.9547649E-01 
 0.1008333      0.5681023E-01 
 0.1025000      0.1197280     
 0.1041667      0.1912103     
 0.1058333      0.2396491     
 0.1075000      0.1781507     
 0.1091667      0.1087535     
 0.1108333      0.5559476E-01 
 0.1125000      0.1377237     
 0.1141667      0.1965388     
 0.1158333      0.1879068     
 0.1175000      0.1107585     
 0.1191667      0.4709494E-01 
 0.1208333      0.8856139E-01 
 0.1225000      0.1554700     
 0.1241667      0.1738287     
 0.1258333      0.1072802     
 0.1275000      0.6487489E-01 
 0.1291667      0.8635882E-01 
 0.1308333      0.1194870     
 0.1325000      0.1337754     
 0.1341667      0.6446228E-01 
 0.1358333      0.4384871E-01 
 0.1375000      0.1119205     
 0.1391667      0.1346038     
 0.1408333      0.9278049E-01 
 0.1425000      0.7418923E-01 
 0.1441667      0.7308807E-01 
 0.1458333      0.1132201     
 0.1475000      0.9314505E-01 
 0.1491667      0.6232135E-01 
 0.1508333      0.7077806E-01 
 0.1525000      0.1003622     
 0.1541667      0.8369483E-01 
 0.1558333      0.7489192E-01 
 0.1575000      0.4276014E-01 
 0.1591667      0.8276789E-01 
 0.1608333      0.8477423E-01 
 0.1625000      0.4214712E-01 
 0.1641667      0.6346955E-01 
 0.1658333      0.1289598     
