# SumMovie FRC for input stack : stack16.mrc
# Number of micrographs: 1
# Number of frames per movie: 50
# Pixel size (A): 3.0000
# 1/(A)          FRC
# -----------------------
# 
# Micrograph 1 of 1. Score: .531
 0.8333334E-03  0.9999994     
 0.2500000E-02  0.9670750     
 0.4166666E-02  0.9459331     
 0.5833333E-02  0.9112346     
 0.7499999E-02  0.8945491     
 0.9166666E-02  0.8415704     
 0.1083333E-01  0.7727088     
 0.1250000E-01  0.8794787     
 0.1416667E-01  0.9337038     
 0.1583333E-01  0.9643413     
 0.1750000E-01  0.9443813     
 0.1916667E-01  0.7672936     
 0.2083333E-01  0.8021111     
 0.2250000E-01  0.8958278     
 0.2416667E-01  0.9364917     
 0.2583333E-01  0.9279509     
 0.2750000E-01  0.8197159     
 0.2916667E-01  0.6868246     
 0.3083333E-01  0.7369029     
 0.3250000E-01  0.7836158     
 0.3416666E-01  0.7058167     
 0.3583334E-01  0.5736201     
 0.3750000E-01  0.4294603     
 0.3916667E-01  0.3599299     
 0.4083334E-01  0.2972939     
 0.4250000E-01  0.1121826     
 0.4416666E-01  0.1228221     
 0.4583333E-01  0.1019071     
 0.4750000E-01  0.1348021     
 0.4916666E-01  0.2723870     
 0.5083333E-01  0.3385035     
 0.5250000E-01  0.3695420     
 0.5416667E-01  0.3656613     
 0.5583333E-01  0.4137168     
 0.5750000E-01  0.3548920     
 0.5916666E-01  0.2675818     
 0.6083334E-01  0.1849224     
 0.6250000E-01  0.8996503E-01 
 0.6416667E-01  0.1046040     
 0.6583333E-01  0.1432309     
 0.6750000E-01  0.2046473     
 0.6916667E-01  0.3094419     
 0.7083333E-01  0.4028645     
 0.7250000E-01  0.3425657     
 0.7416667E-01  0.2798111     
 0.7583334E-01  0.1703721     
 0.7749999E-01  0.1086753     
 0.7916667E-01  0.9289695E-01 
 0.8083334E-01  0.2481285     
 0.8250000E-01  0.2632552     
 0.8416667E-01  0.3405946     
 0.8583333E-01  0.2884630     
 0.8750000E-01  0.1860430     
 0.8916666E-01  0.1117552     
 0.9083333E-01  0.8588589E-01 
 0.9250000E-01  0.1794659     
 0.9416667E-01  0.2444657     
 0.9583333E-01  0.2703708     
 0.9750000E-01  0.2152577     
 0.9916665E-01  0.1127373     
 0.1008333      0.8419452E-01 
 0.1025000      0.1267295     
 0.1041667      0.1877297     
 0.1058333      0.2353446     
 0.1075000      0.1893817     
 0.1091667      0.1263477     
 0.1108333      0.5503918E-01 
 0.1125000      0.1491820     
 0.1141667      0.1774568     
 0.1158333      0.1749337     
 0.1175000      0.1163527     
 0.1191667      0.8480205E-01 
 0.1208333      0.9768076E-01 
 0.1225000      0.1462931     
 0.1241667      0.1605867     
 0.1258333      0.1198007     
 0.1275000      0.7794425E-01 
 0.1291667      0.8839264E-01 
 0.1308333      0.1402180     
 0.1325000      0.1344346     
 0.1341667      0.9520624E-01 
 0.1358333      0.4810248E-01 
 0.1375000      0.1014237     
 0.1391667      0.1272167     
 0.1408333      0.1173303     
 0.1425000      0.7333359E-01 
 0.1441667      0.9521988E-01 
 0.1458333      0.1130214     
 0.1475000      0.1054336     
 0.1491667      0.9052954E-01 
 0.1508333      0.9143157E-01 
 0.1525000      0.1038274     
 0.1541667      0.9133910E-01 
 0.1558333      0.7891335E-01 
 0.1575000      0.6519695E-01 
 0.1591667      0.9807213E-01 
 0.1608333      0.1003839     
 0.1625000      0.5873790E-01 
 0.1641667      0.6648257E-01 
 0.1658333      0.1394373     
