# SumMovie FRC for input stack : stack1.mrc
# Number of micrographs: 1
# Number of frames per movie: 50
# Pixel size (A): 3.0000
# 1/(A)          FRC
# -----------------------
# 
# Micrograph 1 of 1. Score: .539
 0.8333334E-03  0.9999990     
 0.2500000E-02  0.9744117     
 0.4166666E-02  0.9567574     
 0.5833333E-02  0.9213584     
 0.7499999E-02  0.9030102     
 0.9166666E-02  0.7494462     
 0.1083333E-01  0.7196587     
 0.1250000E-01  0.8503495     
 0.1416667E-01  0.9174296     
 0.1583333E-01  0.9195896     
 0.1750000E-01  0.8712395     
 0.1916667E-01  0.6692799     
 0.2083333E-01  0.7581202     
 0.2250000E-01  0.8662924     
 0.2416667E-01  0.9014717     
 0.2583333E-01  0.8699175     
 0.2750000E-01  0.7381759     
 0.2916667E-01  0.6353916     
 0.3083333E-01  0.7049418     
 0.3250000E-01  0.7324780     
 0.3416666E-01  0.6769626     
 0.3583334E-01  0.5393007     
 0.3750000E-01  0.4741293     
 0.3916667E-01  0.4453094     
 0.4083334E-01  0.4491744     
 0.4250000E-01  0.3866024     
 0.4416666E-01  0.2470667     
 0.4583333E-01  0.1541855     
 0.4750000E-01  0.1740611     
 0.4916666E-01  0.8959513E-01 
 0.5083333E-01  0.5691555E-01 
 0.5250000E-01  0.7567704E-01 
 0.5416667E-01  0.1055908     
 0.5583333E-01  0.1871083     
 0.5750000E-01  0.2413872     
 0.5916666E-01  0.3278689     
 0.6083334E-01  0.3316278     
 0.6250000E-01  0.3205239     
 0.6416667E-01  0.2831366     
 0.6583333E-01  0.2685133     
 0.6750000E-01  0.1573364     
 0.6916667E-01  0.1163616     
 0.7083333E-01  0.7936454E-01 
 0.7250000E-01  0.6435255E-01 
 0.7416667E-01  0.9999912E-01 
 0.7583334E-01  0.1531533     
 0.7749999E-01  0.2494243     
 0.7916667E-01  0.2874331     
 0.8083334E-01  0.2809595     
 0.8250000E-01  0.2848619     
 0.8416667E-01  0.2173326     
 0.8583333E-01  0.1166550     
 0.8750000E-01  0.4973470E-01 
 0.8916666E-01  0.4041554E-01 
 0.9083333E-01  0.1228362     
 0.9250000E-01  0.1759938     
 0.9416667E-01  0.2323503     
 0.9583333E-01  0.2409514     
 0.9750000E-01  0.1977891     
 0.9916665E-01  0.1117402     
 0.1008333      0.6756527E-01 
 0.1025000      0.5013649E-01 
 0.1041667      0.1198896     
 0.1058333      0.1565456     
 0.1075000      0.1610655     
 0.1091667      0.1631820     
 0.1108333      0.1168573     
 0.1125000      0.1178404     
 0.1141667      0.3697440E-01 
 0.1158333      0.5285096E-01 
 0.1175000      0.1043034     
 0.1191667      0.1081645     
 0.1208333      0.1028686     
 0.1225000      0.1000370     
 0.1241667      0.3259302E-01 
 0.1258333      0.3965515E-01 
 0.1275000      0.6003378E-01 
 0.1291667      0.1153289     
 0.1308333      0.1163099     
 0.1325000      0.5997130E-01 
 0.1341667      0.4658387E-01 
 0.1358333      0.3787103E-01 
 0.1375000      0.8630861E-01 
 0.1391667      0.6303973E-01 
 0.1408333      0.9472263E-01 
 0.1425000      0.5846491E-01 
 0.1441667      0.2603756E-01 
 0.1458333      0.3981658E-01 
 0.1475000      0.7571577E-01 
 0.1491667      0.6125311E-01 
 0.1508333      0.5609316E-01 
 0.1525000      0.4220133E-01 
 0.1541667      0.5198902E-01 
 0.1558333      0.7132065E-01 
 0.1575000      0.2700580E-01 
 0.1591667      0.2250731E-01 
 0.1608333      0.3441226E-01 
 0.1625000      0.5249549E-01 
 0.1641667      0.4302206E-01 
 0.1658333      0.3563280E-01 
