# SumMovie FRC for input stack : stack11.mrc
# Number of micrographs: 1
# Number of frames per movie: 50
# Pixel size (A): 3.0000
# 1/(A)          FRC
# -----------------------
# 
# Micrograph 1 of 1. Score: .572
 0.8333334E-03  0.9999998     
 0.2500000E-02  0.8501655     
 0.4166666E-02  0.8703030     
 0.5833333E-02  0.8519562     
 0.7499999E-02  0.8574074     
 0.9166666E-02  0.7367311     
 0.1083333E-01  0.6257694     
 0.1250000E-01  0.8521020     
 0.1416667E-01  0.9140519     
 0.1583333E-01  0.9438128     
 0.1750000E-01  0.9070478     
 0.1916667E-01  0.6583790     
 0.2083333E-01  0.7390044     
 0.2250000E-01  0.8750073     
 0.2416667E-01  0.9216200     
 0.2583333E-01  0.8921682     
 0.2750000E-01  0.7415132     
 0.2916667E-01  0.6406856     
 0.3083333E-01  0.7098939     
 0.3250000E-01  0.7706035     
 0.3416666E-01  0.7191858     
 0.3583334E-01  0.5886676     
 0.3750000E-01  0.5218320     
 0.3916667E-01  0.4977724     
 0.4083334E-01  0.5158867     
 0.4250000E-01  0.4005904     
 0.4416666E-01  0.3360603     
 0.4583333E-01  0.2886726     
 0.4750000E-01  0.2206390     
 0.4916666E-01  0.1081885     
 0.5083333E-01  0.7624406E-01 
 0.5250000E-01  0.1372732     
 0.5416667E-01  0.1386126     
 0.5583333E-01  0.2219894     
 0.5750000E-01  0.2961069     
 0.5916666E-01  0.3580770     
 0.6083334E-01  0.3540157     
 0.6250000E-01  0.3990178     
 0.6416667E-01  0.3882287     
 0.6583333E-01  0.3075369     
 0.6750000E-01  0.2972795     
 0.6916667E-01  0.1890905     
 0.7083333E-01  0.1116249     
 0.7250000E-01  0.8537917E-01 
 0.7416667E-01  0.1095450     
 0.7583334E-01  0.1966832     
 0.7749999E-01  0.2643749     
 0.7916667E-01  0.3102148     
 0.8083334E-01  0.3501695     
 0.8250000E-01  0.3180643     
 0.8416667E-01  0.2927790     
 0.8583333E-01  0.2044767     
 0.8750000E-01  0.9530327E-01 
 0.8916666E-01  0.7843835E-01 
 0.9083333E-01  0.1299616     
 0.9250000E-01  0.2208213     
 0.9416667E-01  0.2836787     
 0.9583333E-01  0.3025244     
 0.9750000E-01  0.2548533     
 0.9916665E-01  0.2335428     
 0.1008333      0.1128901     
 0.1025000      0.8136078E-01 
 0.1041667      0.1391875     
 0.1058333      0.2175673     
 0.1075000      0.2186803     
 0.1091667      0.2482520     
 0.1108333      0.2085157     
 0.1125000      0.1527088     
 0.1141667      0.9881722E-01 
 0.1158333      0.9382484E-01 
 0.1175000      0.1647966     
 0.1191667      0.1931159     
 0.1208333      0.1642732     
 0.1225000      0.1460381     
 0.1241667      0.9133404E-01 
 0.1258333      0.1008620     
 0.1275000      0.1113016     
 0.1291667      0.1651099     
 0.1308333      0.1636991     
 0.1325000      0.1833890     
 0.1341667      0.1096201     
 0.1358333      0.6901540E-01 
 0.1375000      0.1302432     
 0.1391667      0.1150392     
 0.1408333      0.1526301     
 0.1425000      0.1162296     
 0.1441667      0.1125986     
 0.1458333      0.9989221E-01 
 0.1475000      0.9687117E-01 
 0.1491667      0.1201514     
 0.1508333      0.1463133     
 0.1525000      0.1080576     
 0.1541667      0.9623184E-01 
 0.1558333      0.1093216     
 0.1575000      0.1438199     
 0.1591667      0.1042612     
 0.1608333      0.1149437     
 0.1625000      0.9282739E-01 
 0.1641667      0.1232842     
 0.1658333      0.1388436     
