# SumMovie FRC for input stack : stack1.mrc
# Number of micrographs: 1
# Number of frames per movie: 50
# Pixel size (A): 3.0000
# 1/(A)          FRC
# -----------------------
# 
# Micrograph 1 of 1. Score: .510
 0.8333334E-03  0.9999990     
 0.2500000E-02  0.9745017     
 0.4166666E-02  0.9567432     
 0.5833333E-02  0.9213837     
 0.7499999E-02  0.9025207     
 0.9166666E-02  0.7434654     
 0.1083333E-01  0.7114629     
 0.1250000E-01  0.8408750     
 0.1416667E-01  0.9107060     
 0.1583333E-01  0.9143212     
 0.1750000E-01  0.8599871     
 0.1916667E-01  0.6455173     
 0.2083333E-01  0.7362515     
 0.2250000E-01  0.8489942     
 0.2416667E-01  0.8862509     
 0.2583333E-01  0.8460249     
 0.2750000E-01  0.6977960     
 0.2916667E-01  0.5714026     
 0.3083333E-01  0.6633534     
 0.3250000E-01  0.6745121     
 0.3416666E-01  0.6172833     
 0.3583334E-01  0.4914524     
 0.3750000E-01  0.4319243     
 0.3916667E-01  0.3904132     
 0.4083334E-01  0.3899779     
 0.4250000E-01  0.3451169     
 0.4416666E-01  0.2164710     
 0.4583333E-01  0.1346468     
 0.4750000E-01  0.1917650     
 0.4916666E-01  0.1052228     
 0.5083333E-01  0.9547759E-01 
 0.5250000E-01  0.9419657E-01 
 0.5416667E-01  0.1118503     
 0.5583333E-01  0.1694372     
 0.5750000E-01  0.2151041     
 0.5916666E-01  0.2557650     
 0.6083334E-01  0.2859952     
 0.6250000E-01  0.2421276     
 0.6416667E-01  0.2275282     
 0.6583333E-01  0.2241066     
 0.6750000E-01  0.1375164     
 0.6916667E-01  0.1451790     
 0.7083333E-01  0.1162169     
 0.7250000E-01  0.6568298E-01 
 0.7416667E-01  0.8216164E-01 
 0.7583334E-01  0.1337197     
 0.7749999E-01  0.1847588     
 0.7916667E-01  0.2114512     
 0.8083334E-01  0.2143039     
 0.8250000E-01  0.1995537     
 0.8416667E-01  0.1538565     
 0.8583333E-01  0.9587643E-01 
 0.8750000E-01  0.5972268E-01 
 0.8916666E-01  0.1633586E-01 
 0.9083333E-01  0.8594146E-01 
 0.9250000E-01  0.1207116     
 0.9416667E-01  0.1729642     
 0.9583333E-01  0.1893116     
 0.9750000E-01  0.1503512     
 0.9916665E-01  0.8778895E-01 
 0.1008333      0.7417497E-01 
 0.1025000      0.2940198E-01 
 0.1041667      0.1070407     
 0.1058333      0.1448126     
 0.1075000      0.1456362     
 0.1091667      0.1350859     
 0.1108333      0.1103173     
 0.1125000      0.1137628     
 0.1141667      0.6617052E-01 
 0.1158333      0.4500537E-01 
 0.1175000      0.7437980E-01 
 0.1191667      0.1103889     
 0.1208333      0.9002182E-01 
 0.1225000      0.6344033E-01 
 0.1241667      0.6603406E-01 
 0.1258333      0.4293994E-01 
 0.1275000      0.2421436E-01 
 0.1291667      0.1164274     
 0.1308333      0.8436960E-01 
 0.1325000      0.7606759E-01 
 0.1341667      0.2511186E-01 
 0.1358333      0.5170900E-01 
 0.1375000      0.5893185E-01 
 0.1391667      0.7252082E-01 
 0.1408333      0.8406907E-01 
 0.1425000      0.6590475E-01 
 0.1441667      0.3591727E-01 
 0.1458333      0.4975658E-01 
 0.1475000      0.8193323E-01 
 0.1491667      0.5640758E-01 
 0.1508333      0.4624707E-01 
 0.1525000      0.3889655E-01 
 0.1541667      0.4951593E-01 
 0.1558333      0.4938112E-01 
 0.1575000      0.5031494E-01 
 0.1591667      0.1628713E-01 
 0.1608333      0.5238685E-01 
 0.1625000      0.5085214E-01 
 0.1641667      0.7284299E-01 
 0.1658333      0.4252628E-01 
