# SumMovie FRC for input stack : stack6.mrc
# Number of micrographs: 1
# Number of frames per movie: 50
# Pixel size (A): 3.0000
# 1/(A)          FRC
# -----------------------
# 
# Micrograph 1 of 1. Score: .591
 0.8333334E-03  0.9999999     
 0.2500000E-02  0.9513634     
 0.4166666E-02  0.9318514     
 0.5833333E-02  0.8471482     
 0.7499999E-02  0.8656267     
 0.9166666E-02  0.6772770     
 0.1083333E-01  0.6581242     
 0.1250000E-01  0.8489333     
 0.1416667E-01  0.8873088     
 0.1583333E-01  0.9346073     
 0.1750000E-01  0.8937858     
 0.1916667E-01  0.6009343     
 0.2083333E-01  0.6711837     
 0.2250000E-01  0.8402507     
 0.2416667E-01  0.9010465     
 0.2583333E-01  0.8556598     
 0.2750000E-01  0.7324964     
 0.2916667E-01  0.6270753     
 0.3083333E-01  0.6949948     
 0.3250000E-01  0.7289011     
 0.3416666E-01  0.7004281     
 0.3583334E-01  0.5977339     
 0.3750000E-01  0.5408646     
 0.3916667E-01  0.5298108     
 0.4083334E-01  0.5723017     
 0.4250000E-01  0.4570605     
 0.4416666E-01  0.3921112     
 0.4583333E-01  0.3661452     
 0.4750000E-01  0.2999541     
 0.4916666E-01  0.2222665     
 0.5083333E-01  0.1331236     
 0.5250000E-01  0.1206592     
 0.5416667E-01  0.6660440E-01 
 0.5583333E-01  0.1009203     
 0.5750000E-01  0.1230255     
 0.5916666E-01  0.2029010     
 0.6083334E-01  0.2720793     
 0.6250000E-01  0.2958781     
 0.6416667E-01  0.3449274     
 0.6583333E-01  0.3667268     
 0.6750000E-01  0.3480436     
 0.6916667E-01  0.3426750     
 0.7083333E-01  0.2881474     
 0.7250000E-01  0.2262391     
 0.7416667E-01  0.1364163     
 0.7583334E-01  0.8432658E-01 
 0.7749999E-01  0.7530978E-01 
 0.7916667E-01  0.7575180E-01 
 0.8083334E-01  0.1882959     
 0.8250000E-01  0.2232265     
 0.8416667E-01  0.2899562     
 0.8583333E-01  0.3067710     
 0.8750000E-01  0.2869616     
 0.8916666E-01  0.2475329     
 0.9083333E-01  0.1655834     
 0.9250000E-01  0.8923568E-01 
 0.9416667E-01  0.5871700E-01 
 0.9583333E-01  0.8513934E-01 
 0.9750000E-01  0.8719976E-01 
 0.9916665E-01  0.1452502     
 0.1008333      0.2099127     
 0.1025000      0.2387337     
 0.1041667      0.1798559     
 0.1058333      0.1493012     
 0.1075000      0.8020169E-01 
 0.1091667      0.6960613E-01 
 0.1108333      0.5632373E-01 
 0.1125000      0.8482618E-01 
 0.1141667      0.1473174     
 0.1158333      0.1897520     
 0.1175000      0.1760471     
 0.1191667      0.1473094     
 0.1208333      0.5072503E-01 
 0.1225000      0.4608983E-01 
 0.1241667      0.3397148E-01 
 0.1258333      0.1069279     
 0.1275000      0.1322377     
 0.1291667      0.1316528     
 0.1308333      0.1189707     
 0.1325000      0.6693581E-01 
 0.1341667      0.4907330E-01 
 0.1358333      0.7744714E-01 
 0.1375000      0.6824107E-01 
 0.1391667      0.1007172     
 0.1408333      0.9653032E-01 
 0.1425000      0.7601228E-01 
 0.1441667      0.6562391E-01 
 0.1458333      0.3607740E-01 
 0.1475000      0.5850897E-01 
 0.1491667      0.7658198E-01 
 0.1508333      0.9124084E-01 
 0.1525000      0.6504538E-01 
 0.1541667      0.4347126E-01 
 0.1558333      0.5221494E-01 
 0.1575000      0.7072825E-01 
 0.1591667      0.8917135E-01 
 0.1608333      0.7691861E-01 
 0.1625000      0.8130646E-01 
 0.1641667      0.6836841E-01 
 0.1658333      0.2407742E-01 
