# SumMovie FRC for input stack : stack16.mrc
# Number of micrographs: 1
# Number of frames per movie: 50
# Pixel size (A): 3.0000
# 1/(A)          FRC
# -----------------------
# 
# Micrograph 1 of 1. Score: .525
 0.8333334E-03  0.9999994     
 0.2500000E-02  0.9669175     
 0.4166666E-02  0.9458447     
 0.5833333E-02  0.9107099     
 0.7499999E-02  0.8941352     
 0.9166666E-02  0.8407770     
 0.1083333E-01  0.7706662     
 0.1250000E-01  0.8776585     
 0.1416667E-01  0.9329583     
 0.1583333E-01  0.9632388     
 0.1750000E-01  0.9428161     
 0.1916667E-01  0.7623498     
 0.2083333E-01  0.7979681     
 0.2250000E-01  0.8901052     
 0.2416667E-01  0.9322447     
 0.2583333E-01  0.9225533     
 0.2750000E-01  0.8088136     
 0.2916667E-01  0.6735581     
 0.3083333E-01  0.7266427     
 0.3250000E-01  0.7713022     
 0.3416666E-01  0.6918319     
 0.3583334E-01  0.5453956     
 0.3750000E-01  0.4219839     
 0.3916667E-01  0.3576787     
 0.4083334E-01  0.2895344     
 0.4250000E-01  0.1164399     
 0.4416666E-01  0.1227028     
 0.4583333E-01  0.1088586     
 0.4750000E-01  0.1371200     
 0.4916666E-01  0.2660246     
 0.5083333E-01  0.3214746     
 0.5250000E-01  0.3474032     
 0.5416667E-01  0.3511460     
 0.5583333E-01  0.3965764     
 0.5750000E-01  0.3330972     
 0.5916666E-01  0.2562070     
 0.6083334E-01  0.1631999     
 0.6250000E-01  0.9164000E-01 
 0.6416667E-01  0.1194917     
 0.6583333E-01  0.1377443     
 0.6750000E-01  0.1786113     
 0.6916667E-01  0.2875348     
 0.7083333E-01  0.3728069     
 0.7250000E-01  0.3245412     
 0.7416667E-01  0.2580011     
 0.7583334E-01  0.1587178     
 0.7749999E-01  0.1115442     
 0.7916667E-01  0.8878233E-01 
 0.8083334E-01  0.2368495     
 0.8250000E-01  0.2326969     
 0.8416667E-01  0.3117258     
 0.8583333E-01  0.2676668     
 0.8750000E-01  0.1794160     
 0.8916666E-01  0.1190320     
 0.9083333E-01  0.9685421E-01 
 0.9250000E-01  0.1845916     
 0.9416667E-01  0.2348038     
 0.9583333E-01  0.2410859     
 0.9750000E-01  0.1971014     
 0.9916665E-01  0.1305840     
 0.1008333      0.1139844     
 0.1025000      0.1315667     
 0.1041667      0.1838244     
 0.1058333      0.2167823     
 0.1075000      0.1817689     
 0.1091667      0.1258357     
 0.1108333      0.6841423E-01 
 0.1125000      0.1527554     
 0.1141667      0.1809790     
 0.1158333      0.1755404     
 0.1175000      0.1344069     
 0.1191667      0.8130538E-01 
 0.1208333      0.1172825     
 0.1225000      0.1494640     
 0.1241667      0.1749027     
 0.1258333      0.1238659     
 0.1275000      0.9043018E-01 
 0.1291667      0.1227328     
 0.1308333      0.1326933     
 0.1325000      0.1342123     
 0.1341667      0.1135990     
 0.1358333      0.7823271E-01 
 0.1375000      0.1378420     
 0.1391667      0.1386910     
 0.1408333      0.1464580     
 0.1425000      0.1074292     
 0.1441667      0.1209130     
 0.1458333      0.1201803     
 0.1475000      0.1209432     
 0.1491667      0.1192080     
 0.1508333      0.9283842E-01 
 0.1525000      0.1380322     
 0.1541667      0.1137697     
 0.1558333      0.1003174     
 0.1575000      0.9622099E-01 
 0.1591667      0.1070220     
 0.1608333      0.1251042     
 0.1625000      0.7235679E-01 
 0.1641667      0.9913827E-01 
 0.1658333      0.1350603     
