# SumMovie FRC for input stack : stack11.mrc
# Number of micrographs: 1
# Number of frames per movie: 50
# Pixel size (A): 3.0000
# 1/(A)          FRC
# -----------------------
# 
# Micrograph 1 of 1. Score: .568
 0.8333334E-03  0.9999998     
 0.2500000E-02  0.8499861     
 0.4166666E-02  0.8700498     
 0.5833333E-02  0.8519399     
 0.7499999E-02  0.8571628     
 0.9166666E-02  0.7361686     
 0.1083333E-01  0.6257075     
 0.1250000E-01  0.8513811     
 0.1416667E-01  0.9135799     
 0.1583333E-01  0.9435790     
 0.1750000E-01  0.9064301     
 0.1916667E-01  0.6586788     
 0.2083333E-01  0.7374743     
 0.2250000E-01  0.8739992     
 0.2416667E-01  0.9202141     
 0.2583333E-01  0.8910996     
 0.2750000E-01  0.7387154     
 0.2916667E-01  0.6348641     
 0.3083333E-01  0.7056046     
 0.3250000E-01  0.7671230     
 0.3416666E-01  0.7139680     
 0.3583334E-01  0.5843881     
 0.3750000E-01  0.5164126     
 0.3916667E-01  0.4912545     
 0.4083334E-01  0.5106687     
 0.4250000E-01  0.3960510     
 0.4416666E-01  0.3311393     
 0.4583333E-01  0.2817235     
 0.4750000E-01  0.2187626     
 0.4916666E-01  0.1064262     
 0.5083333E-01  0.7504378E-01 
 0.5250000E-01  0.1350149     
 0.5416667E-01  0.1318171     
 0.5583333E-01  0.2202192     
 0.5750000E-01  0.2903991     
 0.5916666E-01  0.3491887     
 0.6083334E-01  0.3489421     
 0.6250000E-01  0.3861954     
 0.6416667E-01  0.3788918     
 0.6583333E-01  0.2951989     
 0.6750000E-01  0.2892545     
 0.6916667E-01  0.1868266     
 0.7083333E-01  0.1102088     
 0.7250000E-01  0.8760757E-01 
 0.7416667E-01  0.1078217     
 0.7583334E-01  0.1903428     
 0.7749999E-01  0.2566230     
 0.7916667E-01  0.3022361     
 0.8083334E-01  0.3378209     
 0.8250000E-01  0.3083301     
 0.8416667E-01  0.2830808     
 0.8583333E-01  0.1971759     
 0.8750000E-01  0.8972415E-01 
 0.8916666E-01  0.7600012E-01 
 0.9083333E-01  0.1272747     
 0.9250000E-01  0.2125537     
 0.9416667E-01  0.2730199     
 0.9583333E-01  0.2994014     
 0.9750000E-01  0.2454929     
 0.9916665E-01  0.2264170     
 0.1008333      0.1135565     
 0.1025000      0.8519606E-01 
 0.1041667      0.1431604     
 0.1058333      0.2131047     
 0.1075000      0.2042440     
 0.1091667      0.2431072     
 0.1108333      0.2063470     
 0.1125000      0.1528924     
 0.1141667      0.1019514     
 0.1158333      0.9105445E-01 
 0.1175000      0.1614304     
 0.1191667      0.1906879     
 0.1208333      0.1653190     
 0.1225000      0.1448901     
 0.1241667      0.9257314E-01 
 0.1258333      0.1048503     
 0.1275000      0.1127425     
 0.1291667      0.1645494     
 0.1308333      0.1559434     
 0.1325000      0.1840064     
 0.1341667      0.1107457     
 0.1358333      0.7228778E-01 
 0.1375000      0.1313496     
 0.1391667      0.1134851     
 0.1408333      0.1451237     
 0.1425000      0.1126125     
 0.1441667      0.1173671     
 0.1458333      0.1034584     
 0.1475000      0.1059136     
 0.1491667      0.1148824     
 0.1508333      0.1508829     
 0.1525000      0.1056208     
 0.1541667      0.9519682E-01 
 0.1558333      0.1159435     
 0.1575000      0.1460615     
 0.1591667      0.1076960     
 0.1608333      0.1200863     
 0.1625000      0.9997148E-01 
 0.1641667      0.1232711     
 0.1658333      0.1474655     
