# SumMovie FRC for input stack : stack6.mrc
# Number of micrographs: 1
# Number of frames per movie: 50
# Pixel size (A): 3.0000
# 1/(A)          FRC
# -----------------------
# 
# Micrograph 1 of 1. Score: .584
 0.8333334E-03  0.9999999     
 0.2500000E-02  0.9514177     
 0.4166666E-02  0.9316842     
 0.5833333E-02  0.8463923     
 0.7499999E-02  0.8656722     
 0.9166666E-02  0.6748531     
 0.1083333E-01  0.6564860     
 0.1250000E-01  0.8468544     
 0.1416667E-01  0.8851298     
 0.1583333E-01  0.9326724     
 0.1750000E-01  0.8924136     
 0.1916667E-01  0.6011947     
 0.2083333E-01  0.6648729     
 0.2250000E-01  0.8331377     
 0.2416667E-01  0.8957269     
 0.2583333E-01  0.8492551     
 0.2750000E-01  0.7259629     
 0.2916667E-01  0.6231766     
 0.3083333E-01  0.6847541     
 0.3250000E-01  0.7257528     
 0.3416666E-01  0.6916912     
 0.3583334E-01  0.5869856     
 0.3750000E-01  0.5361760     
 0.3916667E-01  0.5194948     
 0.4083334E-01  0.5576864     
 0.4250000E-01  0.4475423     
 0.4416666E-01  0.3769462     
 0.4583333E-01  0.3532917     
 0.4750000E-01  0.2939705     
 0.4916666E-01  0.2188665     
 0.5083333E-01  0.1189979     
 0.5250000E-01  0.1303476     
 0.5416667E-01  0.7698423E-01 
 0.5583333E-01  0.1157108     
 0.5750000E-01  0.1275434     
 0.5916666E-01  0.2128053     
 0.6083334E-01  0.2757027     
 0.6250000E-01  0.2921343     
 0.6416667E-01  0.3473076     
 0.6583333E-01  0.3482052     
 0.6750000E-01  0.3435539     
 0.6916667E-01  0.3221062     
 0.7083333E-01  0.2812820     
 0.7250000E-01  0.2197661     
 0.7416667E-01  0.1359547     
 0.7583334E-01  0.9657121E-01 
 0.7749999E-01  0.8507312E-01 
 0.7916667E-01  0.8181689E-01 
 0.8083334E-01  0.1779073     
 0.8250000E-01  0.2180413     
 0.8416667E-01  0.2734659     
 0.8583333E-01  0.2871463     
 0.8750000E-01  0.2734225     
 0.8916666E-01  0.2418171     
 0.9083333E-01  0.1475843     
 0.9250000E-01  0.1110575     
 0.9416667E-01  0.6258646E-01 
 0.9583333E-01  0.1071558     
 0.9750000E-01  0.1034695     
 0.9916665E-01  0.1513105     
 0.1008333      0.2005231     
 0.1025000      0.2327804     
 0.1041667      0.1757339     
 0.1058333      0.1447630     
 0.1075000      0.9006457E-01 
 0.1091667      0.5074260E-01 
 0.1108333      0.6953675E-01 
 0.1125000      0.9995892E-01 
 0.1141667      0.1631979     
 0.1158333      0.1875744     
 0.1175000      0.1498762     
 0.1191667      0.1374999     
 0.1208333      0.6453976E-01 
 0.1225000      0.5085231E-01 
 0.1241667      0.3959119E-01 
 0.1258333      0.9121370E-01 
 0.1275000      0.1306294     
 0.1291667      0.1298742     
 0.1308333      0.1157314     
 0.1325000      0.5502899E-01 
 0.1341667      0.4670545E-01 
 0.1358333      0.8608054E-01 
 0.1375000      0.6953689E-01 
 0.1391667      0.8480401E-01 
 0.1408333      0.1034209     
 0.1425000      0.9001217E-01 
 0.1441667      0.6980096E-01 
 0.1458333      0.4809010E-01 
 0.1475000      0.7095952E-01 
 0.1491667      0.8553101E-01 
 0.1508333      0.1022954     
 0.1525000      0.6925515E-01 
 0.1541667      0.4341123E-01 
 0.1558333      0.6709110E-01 
 0.1575000      0.6793244E-01 
 0.1591667      0.9371826E-01 
 0.1608333      0.7616188E-01 
 0.1625000      0.6795600E-01 
 0.1641667      0.7504348E-01 
 0.1658333      0.3345129E-01 
