# SumMovie FRC for input stack : stack16.mrc
# Number of micrographs: 1
# Number of frames per movie: 50
# Pixel size (A): 3.0000
# 1/(A)          FRC
# -----------------------
# 
# Micrograph 1 of 1. Score: .538
 0.8333334E-03  0.9999994     
 0.2500000E-02  0.9672235     
 0.4166666E-02  0.9454259     
 0.5833333E-02  0.9120622     
 0.7499999E-02  0.8965432     
 0.9166666E-02  0.8416079     
 0.1083333E-01  0.7767184     
 0.1250000E-01  0.8840424     
 0.1416667E-01  0.9355346     
 0.1583333E-01  0.9656288     
 0.1750000E-01  0.9459119     
 0.1916667E-01  0.7766290     
 0.2083333E-01  0.8028841     
 0.2250000E-01  0.9023811     
 0.2416667E-01  0.9434732     
 0.2583333E-01  0.9341058     
 0.2750000E-01  0.8306329     
 0.2916667E-01  0.7051558     
 0.3083333E-01  0.7542549     
 0.3250000E-01  0.7966294     
 0.3416666E-01  0.7330590     
 0.3583334E-01  0.6083375     
 0.3750000E-01  0.4392774     
 0.3916667E-01  0.3792138     
 0.4083334E-01  0.2921055     
 0.4250000E-01  0.1229786     
 0.4416666E-01  0.1183269     
 0.4583333E-01  0.8339431E-01 
 0.4750000E-01  0.1475889     
 0.4916666E-01  0.2688429     
 0.5083333E-01  0.3447202     
 0.5250000E-01  0.3900362     
 0.5416667E-01  0.3826654     
 0.5583333E-01  0.4240706     
 0.5750000E-01  0.3621229     
 0.5916666E-01  0.2772979     
 0.6083334E-01  0.1853106     
 0.6250000E-01  0.7965149E-01 
 0.6416667E-01  0.1033197     
 0.6583333E-01  0.1390811     
 0.6750000E-01  0.2089152     
 0.6916667E-01  0.3147890     
 0.7083333E-01  0.4061101     
 0.7250000E-01  0.3727805     
 0.7416667E-01  0.3079118     
 0.7583334E-01  0.1811133     
 0.7749999E-01  0.1186837     
 0.7916667E-01  0.9306709E-01 
 0.8083334E-01  0.2489870     
 0.8250000E-01  0.2760197     
 0.8416667E-01  0.3600771     
 0.8583333E-01  0.3018224     
 0.8750000E-01  0.1854048     
 0.8916666E-01  0.1196445     
 0.9083333E-01  0.7846379E-01 
 0.9250000E-01  0.1851450     
 0.9416667E-01  0.2604621     
 0.9583333E-01  0.2812492     
 0.9750000E-01  0.2093939     
 0.9916665E-01  0.9679466E-01 
 0.1008333      0.5840137E-01 
 0.1025000      0.1202559     
 0.1041667      0.1915791     
 0.1058333      0.2408713     
 0.1075000      0.1792032     
 0.1091667      0.1100861     
 0.1108333      0.5710419E-01 
 0.1125000      0.1393374     
 0.1141667      0.1966058     
 0.1158333      0.1885449     
 0.1175000      0.1109440     
 0.1191667      0.4819344E-01 
 0.1208333      0.9046532E-01 
 0.1225000      0.1561128     
 0.1241667      0.1747512     
 0.1258333      0.1074921     
 0.1275000      0.6547250E-01 
 0.1291667      0.8664578E-01 
 0.1308333      0.1199360     
 0.1325000      0.1339739     
 0.1341667      0.6631819E-01 
 0.1358333      0.4311312E-01 
 0.1375000      0.1125753     
 0.1391667      0.1350617     
 0.1408333      0.9354205E-01 
 0.1425000      0.7516797E-01 
 0.1441667      0.7451401E-01 
 0.1458333      0.1145130     
 0.1475000      0.9506359E-01 
 0.1491667      0.6425995E-01 
 0.1508333      0.7163707E-01 
 0.1525000      0.1015543     
 0.1541667      0.8457588E-01 
 0.1558333      0.7537747E-01 
 0.1575000      0.4446166E-01 
 0.1591667      0.8402186E-01 
 0.1608333      0.8634448E-01 
 0.1625000      0.4354456E-01 
 0.1641667      0.6409072E-01 
 0.1658333      0.1307680     
