# SumMovie FRC for input stack : stack6.mrc
# Number of micrographs: 1
# Number of frames per movie: 50
# Pixel size (A): 3.0000
# 1/(A)          FRC
# -----------------------
# 
# Micrograph 1 of 1. Score: .587
 0.8333334E-03  0.9999999     
 0.2500000E-02  0.9514041     
 0.4166666E-02  0.9317253     
 0.5833333E-02  0.8465992     
 0.7499999E-02  0.8657550     
 0.9166666E-02  0.6755096     
 0.1083333E-01  0.6571674     
 0.1250000E-01  0.8473787     
 0.1416667E-01  0.8858857     
 0.1583333E-01  0.9332886     
 0.1750000E-01  0.8929384     
 0.1916667E-01  0.6013284     
 0.2083333E-01  0.6666923     
 0.2250000E-01  0.8353080     
 0.2416667E-01  0.8974353     
 0.2583333E-01  0.8515418     
 0.2750000E-01  0.7279334     
 0.2916667E-01  0.6253176     
 0.3083333E-01  0.6884103     
 0.3250000E-01  0.7275032     
 0.3416666E-01  0.6950315     
 0.3583334E-01  0.5911702     
 0.3750000E-01  0.5391780     
 0.3916667E-01  0.5234741     
 0.4083334E-01  0.5635105     
 0.4250000E-01  0.4520165     
 0.4416666E-01  0.3819124     
 0.4583333E-01  0.3586314     
 0.4750000E-01  0.2967455     
 0.4916666E-01  0.2204544     
 0.5083333E-01  0.1220174     
 0.5250000E-01  0.1260264     
 0.5416667E-01  0.7299563E-01 
 0.5583333E-01  0.1096616     
 0.5750000E-01  0.1271406     
 0.5916666E-01  0.2101901     
 0.6083334E-01  0.2748019     
 0.6250000E-01  0.2939047     
 0.6416667E-01  0.3495348     
 0.6583333E-01  0.3540497     
 0.6750000E-01  0.3448625     
 0.6916667E-01  0.3264668     
 0.7083333E-01  0.2831941     
 0.7250000E-01  0.2234377     
 0.7416667E-01  0.1344195     
 0.7583334E-01  0.9470568E-01 
 0.7749999E-01  0.8096507E-01 
 0.7916667E-01  0.7860412E-01 
 0.8083334E-01  0.1824082     
 0.8250000E-01  0.2218362     
 0.8416667E-01  0.2745461     
 0.8583333E-01  0.2914974     
 0.8750000E-01  0.2782230     
 0.8916666E-01  0.2413884     
 0.9083333E-01  0.1561793     
 0.9250000E-01  0.1036009     
 0.9416667E-01  0.5488019E-01 
 0.9583333E-01  0.9888577E-01 
 0.9750000E-01  0.9533904E-01 
 0.9916665E-01  0.1494644     
 0.1008333      0.2059007     
 0.1025000      0.2367236     
 0.1041667      0.1728969     
 0.1058333      0.1460937     
 0.1075000      0.8519865E-01 
 0.1091667      0.5806944E-01 
 0.1108333      0.6580134E-01 
 0.1125000      0.9300623E-01 
 0.1141667      0.1593340     
 0.1158333      0.1849787     
 0.1175000      0.1561581     
 0.1191667      0.1389558     
 0.1208333      0.5964782E-01 
 0.1225000      0.4869564E-01 
 0.1241667      0.3117703E-01 
 0.1258333      0.9695742E-01 
 0.1275000      0.1324787     
 0.1291667      0.1286655     
 0.1308333      0.1159928     
 0.1325000      0.6174519E-01 
 0.1341667      0.5388584E-01 
 0.1358333      0.8068974E-01 
 0.1375000      0.6753905E-01 
 0.1391667      0.9106269E-01 
 0.1408333      0.9906127E-01 
 0.1425000      0.8400377E-01 
 0.1441667      0.6909119E-01 
 0.1458333      0.4434688E-01 
 0.1475000      0.6913262E-01 
 0.1491667      0.7706180E-01 
 0.1508333      0.9832110E-01 
 0.1525000      0.6297801E-01 
 0.1541667      0.4457624E-01 
 0.1558333      0.6319888E-01 
 0.1575000      0.6958237E-01 
 0.1591667      0.9319510E-01 
 0.1608333      0.7471674E-01 
 0.1625000      0.7466278E-01 
 0.1641667      0.6777626E-01 
 0.1658333      0.3295929E-01 
