# SumMovie FRC for input stack : stack16.mrc
# Number of micrographs: 1
# Number of frames per movie: 50
# Pixel size (A): 3.0000
# 1/(A)          FRC
# -----------------------
# 
# Micrograph 1 of 1. Score: .538
 0.8333334E-03  0.9999994     
 0.2500000E-02  0.9672227     
 0.4166666E-02  0.9454221     
 0.5833333E-02  0.9120574     
 0.7499999E-02  0.8965511     
 0.9166666E-02  0.8415992     
 0.1083333E-01  0.7767074     
 0.1250000E-01  0.8840352     
 0.1416667E-01  0.9355375     
 0.1583333E-01  0.9656330     
 0.1750000E-01  0.9459150     
 0.1916667E-01  0.7766683     
 0.2083333E-01  0.8028715     
 0.2250000E-01  0.9023659     
 0.2416667E-01  0.9434572     
 0.2583333E-01  0.9340986     
 0.2750000E-01  0.8306257     
 0.2916667E-01  0.7051756     
 0.3083333E-01  0.7542123     
 0.3250000E-01  0.7966446     
 0.3416666E-01  0.7330317     
 0.3583334E-01  0.6082017     
 0.3750000E-01  0.4392796     
 0.3916667E-01  0.3792322     
 0.4083334E-01  0.2922249     
 0.4250000E-01  0.1230804     
 0.4416666E-01  0.1185632     
 0.4583333E-01  0.8345227E-01 
 0.4750000E-01  0.1475999     
 0.4916666E-01  0.2689644     
 0.5083333E-01  0.3447240     
 0.5250000E-01  0.3901752     
 0.5416667E-01  0.3826626     
 0.5583333E-01  0.4240250     
 0.5750000E-01  0.3620235     
 0.5916666E-01  0.2773659     
 0.6083334E-01  0.1852406     
 0.6250000E-01  0.8004101E-01 
 0.6416667E-01  0.1036129     
 0.6583333E-01  0.1392958     
 0.6750000E-01  0.2092891     
 0.6916667E-01  0.3146217     
 0.7083333E-01  0.4061679     
 0.7250000E-01  0.3726926     
 0.7416667E-01  0.3080465     
 0.7583334E-01  0.1811922     
 0.7749999E-01  0.1189196     
 0.7916667E-01  0.9336261E-01 
 0.8083334E-01  0.2492317     
 0.8250000E-01  0.2762715     
 0.8416667E-01  0.3604002     
 0.8583333E-01  0.3019439     
 0.8750000E-01  0.1861612     
 0.8916666E-01  0.1196035     
 0.9083333E-01  0.7871749E-01 
 0.9250000E-01  0.1855834     
 0.9416667E-01  0.2605854     
 0.9583333E-01  0.2815690     
 0.9750000E-01  0.2101745     
 0.9916665E-01  0.9747764E-01 
 0.1008333      0.5903777E-01 
 0.1025000      0.1205455     
 0.1041667      0.1917151     
 0.1058333      0.2413317     
 0.1075000      0.1796794     
 0.1091667      0.1103374     
 0.1108333      0.5756706E-01 
 0.1125000      0.1400167     
 0.1141667      0.1969064     
 0.1158333      0.1888374     
 0.1175000      0.1111683     
 0.1191667      0.4842558E-01 
 0.1208333      0.9122970E-01 
 0.1225000      0.1566273     
 0.1241667      0.1749753     
 0.1258333      0.1075731     
 0.1275000      0.6588273E-01 
 0.1291667      0.8686285E-01 
 0.1308333      0.1201011     
 0.1325000      0.1341648     
 0.1341667      0.6712385E-01 
 0.1358333      0.4323441E-01 
 0.1375000      0.1129535     
 0.1391667      0.1352575     
 0.1408333      0.9397763E-01 
 0.1425000      0.7568099E-01 
 0.1441667      0.7514571E-01 
 0.1458333      0.1149702     
 0.1475000      0.9569350E-01 
 0.1491667      0.6494782E-01 
 0.1508333      0.7164563E-01 
 0.1525000      0.1018033     
 0.1541667      0.8465981E-01 
 0.1558333      0.7565358E-01 
 0.1575000      0.4512075E-01 
 0.1591667      0.8446448E-01 
 0.1608333      0.8708648E-01 
 0.1625000      0.4397701E-01 
 0.1641667      0.6426606E-01 
 0.1658333      0.1313581     
