# SumMovie FRC for input stack : stack11.mrc
# Number of micrographs: 1
# Number of frames per movie: 50
# Pixel size (A): 3.0000
# 1/(A)          FRC
# -----------------------
# 
# Micrograph 1 of 1. Score: .571
 0.8333334E-03  0.9999998     
 0.2500000E-02  0.8501399     
 0.4166666E-02  0.8702531     
 0.5833333E-02  0.8519604     
 0.7499999E-02  0.8573603     
 0.9166666E-02  0.7366973     
 0.1083333E-01  0.6257972     
 0.1250000E-01  0.8520103     
 0.1416667E-01  0.9139653     
 0.1583333E-01  0.9437808     
 0.1750000E-01  0.9069349     
 0.1916667E-01  0.6584789     
 0.2083333E-01  0.7387913     
 0.2250000E-01  0.8748556     
 0.2416667E-01  0.9213780     
 0.2583333E-01  0.8920231     
 0.2750000E-01  0.7411188     
 0.2916667E-01  0.6397711     
 0.3083333E-01  0.7091787     
 0.3250000E-01  0.7701104     
 0.3416666E-01  0.7183163     
 0.3583334E-01  0.5880167     
 0.3750000E-01  0.5210282     
 0.3916667E-01  0.4968175     
 0.4083334E-01  0.5150137     
 0.4250000E-01  0.3998447     
 0.4416666E-01  0.3354109     
 0.4583333E-01  0.2876832     
 0.4750000E-01  0.2201393     
 0.4916666E-01  0.1081173     
 0.5083333E-01  0.7622471E-01 
 0.5250000E-01  0.1370684     
 0.5416667E-01  0.1379551     
 0.5583333E-01  0.2217583     
 0.5750000E-01  0.2952004     
 0.5916666E-01  0.3567291     
 0.6083334E-01  0.3532125     
 0.6250000E-01  0.3972518     
 0.6416667E-01  0.3868171     
 0.6583333E-01  0.3058438     
 0.6750000E-01  0.2962067     
 0.6916667E-01  0.1888126     
 0.7083333E-01  0.1111341     
 0.7250000E-01  0.8607071E-01 
 0.7416667E-01  0.1094417     
 0.7583334E-01  0.1957183     
 0.7749999E-01  0.2634415     
 0.7916667E-01  0.3089572     
 0.8083334E-01  0.3481573     
 0.8250000E-01  0.3161328     
 0.8416667E-01  0.2910248     
 0.8583333E-01  0.2034984     
 0.8750000E-01  0.9441766E-01 
 0.8916666E-01  0.7772861E-01 
 0.9083333E-01  0.1296027     
 0.9250000E-01  0.2197267     
 0.9416667E-01  0.2824625     
 0.9583333E-01  0.3023887     
 0.9750000E-01  0.2531250     
 0.9916665E-01  0.2331922     
 0.1008333      0.1129054     
 0.1025000      0.8256519E-01 
 0.1041667      0.1397032     
 0.1058333      0.2171703     
 0.1075000      0.2164706     
 0.1091667      0.2481934     
 0.1108333      0.2083842     
 0.1125000      0.1528347     
 0.1141667      0.9978072E-01 
 0.1158333      0.9354264E-01 
 0.1175000      0.1646918     
 0.1191667      0.1929257     
 0.1208333      0.1643575     
 0.1225000      0.1460103     
 0.1241667      0.9176861E-01 
 0.1258333      0.1017899     
 0.1275000      0.1117029     
 0.1291667      0.1651065     
 0.1308333      0.1629676     
 0.1325000      0.1845039     
 0.1341667      0.1099794     
 0.1358333      0.6958682E-01 
 0.1375000      0.1308187     
 0.1391667      0.1155327     
 0.1408333      0.1526974     
 0.1425000      0.1157180     
 0.1441667      0.1135886     
 0.1458333      0.1013703     
 0.1475000      0.9840838E-01 
 0.1491667      0.1196439     
 0.1508333      0.1478698     
 0.1525000      0.1081221     
 0.1541667      0.9678851E-01 
 0.1558333      0.1110459     
 0.1575000      0.1444798     
 0.1591667      0.1057206     
 0.1608333      0.1164146     
 0.1625000      0.9500392E-01 
 0.1641667      0.1241610     
 0.1658333      0.1407190     
