# SumMovie FRC for input stack : stack6.mrc
# Number of micrographs: 1
# Number of frames per movie: 50
# Pixel size (A): 3.0000
# 1/(A)          FRC
# -----------------------
# 
# Micrograph 1 of 1. Score: .587
 0.8333334E-03  0.9999999     
 0.2500000E-02  0.9514062     
 0.4166666E-02  0.9317349     
 0.5833333E-02  0.8466393     
 0.7499999E-02  0.8657603     
 0.9166666E-02  0.6756145     
 0.1083333E-01  0.6571757     
 0.1250000E-01  0.8474451     
 0.1416667E-01  0.8860108     
 0.1583333E-01  0.9333652     
 0.1750000E-01  0.8929352     
 0.1916667E-01  0.6013905     
 0.2083333E-01  0.6670981     
 0.2250000E-01  0.8356743     
 0.2416667E-01  0.8976415     
 0.2583333E-01  0.8518553     
 0.2750000E-01  0.7281250     
 0.2916667E-01  0.6255210     
 0.3083333E-01  0.6887817     
 0.3250000E-01  0.7276237     
 0.3416666E-01  0.6951770     
 0.3583334E-01  0.5914734     
 0.3750000E-01  0.5392569     
 0.3916667E-01  0.5240498     
 0.4083334E-01  0.5640046     
 0.4250000E-01  0.4525414     
 0.4416666E-01  0.3822456     
 0.4583333E-01  0.3595000     
 0.4750000E-01  0.2966539     
 0.4916666E-01  0.2203685     
 0.5083333E-01  0.1226103     
 0.5250000E-01  0.1249755     
 0.5416667E-01  0.7187202E-01 
 0.5583333E-01  0.1086942     
 0.5750000E-01  0.1268603     
 0.5916666E-01  0.2096614     
 0.6083334E-01  0.2742251     
 0.6250000E-01  0.2937132     
 0.6416667E-01  0.3492107     
 0.6583333E-01  0.3544601     
 0.6750000E-01  0.3444020     
 0.6916667E-01  0.3267515     
 0.7083333E-01  0.2830660     
 0.7250000E-01  0.2236236     
 0.7416667E-01  0.1342365     
 0.7583334E-01  0.9384868E-01 
 0.7749999E-01  0.8058900E-01 
 0.7916667E-01  0.7785451E-01 
 0.8083334E-01  0.1826193     
 0.8250000E-01  0.2214097     
 0.8416667E-01  0.2741190     
 0.8583333E-01  0.2911313     
 0.8750000E-01  0.2781732     
 0.8916666E-01  0.2403837     
 0.9083333E-01  0.1572077     
 0.9250000E-01  0.1025506     
 0.9416667E-01  0.5423503E-01 
 0.9583333E-01  0.9712460E-01 
 0.9750000E-01  0.9389307E-01 
 0.9916665E-01  0.1481267     
 0.1008333      0.2066108     
 0.1025000      0.2364909     
 0.1041667      0.1720267     
 0.1058333      0.1454635     
 0.1075000      0.8382610E-01 
 0.1091667      0.5935239E-01 
 0.1108333      0.6527830E-01 
 0.1125000      0.9143468E-01 
 0.1141667      0.1580446     
 0.1158333      0.1842797     
 0.1175000      0.1563083     
 0.1191667      0.1397142     
 0.1208333      0.5863172E-01 
 0.1225000      0.4835970E-01 
 0.1241667      0.2970998E-01 
 0.1258333      0.9746051E-01 
 0.1275000      0.1322391     
 0.1291667      0.1278191     
 0.1308333      0.1149874     
 0.1325000      0.6260920E-01 
 0.1341667      0.5344644E-01 
 0.1358333      0.7986364E-01 
 0.1375000      0.6781962E-01 
 0.1391667      0.9127475E-01 
 0.1408333      0.9772268E-01 
 0.1425000      0.8216787E-01 
 0.1441667      0.6798820E-01 
 0.1458333      0.4352876E-01 
 0.1475000      0.6867453E-01 
 0.1491667      0.7569189E-01 
 0.1508333      0.9715715E-01 
 0.1525000      0.6149816E-01 
 0.1541667      0.4391889E-01 
 0.1558333      0.6166611E-01 
 0.1575000      0.6870671E-01 
 0.1591667      0.9259439E-01 
 0.1608333      0.7409146E-01 
 0.1625000      0.7491867E-01 
 0.1641667      0.6593967E-01 
 0.1658333      0.3249335E-01 
