# SumMovie FRC for input stack : stack6.mrc
# Number of micrographs: 1
# Number of frames per movie: 50
# Pixel size (A): 3.0000
# 1/(A)          FRC
# -----------------------
# 
# Micrograph 1 of 1. Score: .574
 0.8333334E-03  0.9999999     
 0.2500000E-02  0.9513488     
 0.4166666E-02  0.9316613     
 0.5833333E-02  0.8461934     
 0.7499999E-02  0.8649534     
 0.9166666E-02  0.6726359     
 0.1083333E-01  0.6542869     
 0.1250000E-01  0.8459315     
 0.1416667E-01  0.8829930     
 0.1583333E-01  0.9309921     
 0.1750000E-01  0.8906785     
 0.1916667E-01  0.6001351     
 0.2083333E-01  0.6604652     
 0.2250000E-01  0.8276690     
 0.2416667E-01  0.8910308     
 0.2583333E-01  0.8430992     
 0.2750000E-01  0.7197561     
 0.2916667E-01  0.6137415     
 0.3083333E-01  0.6734830     
 0.3250000E-01  0.7164181     
 0.3416666E-01  0.6827008     
 0.3583334E-01  0.5742249     
 0.3750000E-01  0.5217312     
 0.3916667E-01  0.5043970     
 0.4083334E-01  0.5366623     
 0.4250000E-01  0.4351951     
 0.4416666E-01  0.3677904     
 0.4583333E-01  0.3364319     
 0.4750000E-01  0.2851084     
 0.4916666E-01  0.2122801     
 0.5083333E-01  0.1183450     
 0.5250000E-01  0.1424866     
 0.5416667E-01  0.8930440E-01 
 0.5583333E-01  0.1290849     
 0.5750000E-01  0.1297383     
 0.5916666E-01  0.2087207     
 0.6083334E-01  0.2687016     
 0.6250000E-01  0.2884569     
 0.6416667E-01  0.3310229     
 0.6583333E-01  0.3289925     
 0.6750000E-01  0.3339855     
 0.6916667E-01  0.3162881     
 0.7083333E-01  0.2681199     
 0.7250000E-01  0.2136637     
 0.7416667E-01  0.1438940     
 0.7583334E-01  0.1018660     
 0.7749999E-01  0.8947261E-01 
 0.7916667E-01  0.9467009E-01 
 0.8083334E-01  0.1719214     
 0.8250000E-01  0.2111056     
 0.8416667E-01  0.2667963     
 0.8583333E-01  0.2855021     
 0.8750000E-01  0.2630940     
 0.8916666E-01  0.2527643     
 0.9083333E-01  0.1327855     
 0.9250000E-01  0.1269930     
 0.9416667E-01  0.8360550E-01 
 0.9583333E-01  0.1267509     
 0.9750000E-01  0.1273986     
 0.9916665E-01  0.1661020     
 0.1008333      0.1907666     
 0.1025000      0.2118792     
 0.1041667      0.1949151     
 0.1058333      0.1438594     
 0.1075000      0.1061127     
 0.1091667      0.5470376E-01 
 0.1108333      0.8143252E-01 
 0.1125000      0.1347677     
 0.1141667      0.1726616     
 0.1158333      0.1952558     
 0.1175000      0.1570578     
 0.1191667      0.1392776     
 0.1208333      0.9397952E-01 
 0.1225000      0.6800230E-01 
 0.1241667      0.8883661E-01 
 0.1258333      0.9705926E-01 
 0.1275000      0.1477292     
 0.1291667      0.1379085     
 0.1308333      0.1344532     
 0.1325000      0.6423783E-01 
 0.1341667      0.5322158E-01 
 0.1358333      0.1105425     
 0.1375000      0.8900829E-01 
 0.1391667      0.9338886E-01 
 0.1408333      0.1176795     
 0.1425000      0.1027988     
 0.1441667      0.7903119E-01 
 0.1458333      0.7799947E-01 
 0.1475000      0.8677582E-01 
 0.1491667      0.1155756     
 0.1508333      0.1256311     
 0.1525000      0.9646722E-01 
 0.1541667      0.6322619E-01 
 0.1558333      0.9169562E-01 
 0.1575000      0.8267999E-01 
 0.1591667      0.9613474E-01 
 0.1608333      0.1149385     
 0.1625000      0.8497207E-01 
 0.1641667      0.8130170E-01 
 0.1658333      0.5773910E-01 
