# SumMovie FRC for input stack : stack16.mrc
# Number of micrographs: 1
# Number of frames per movie: 50
# Pixel size (A): 3.0000
# 1/(A)          FRC
# -----------------------
# 
# Micrograph 1 of 1. Score: .529
 0.8333334E-03  0.9999994     
 0.2500000E-02  0.9670013     
 0.4166666E-02  0.9459214     
 0.5833333E-02  0.9109842     
 0.7499999E-02  0.8943185     
 0.9166666E-02  0.8411585     
 0.1083333E-01  0.7716604     
 0.1250000E-01  0.8785886     
 0.1416667E-01  0.9333478     
 0.1583333E-01  0.9637610     
 0.1750000E-01  0.9436146     
 0.1916667E-01  0.7648795     
 0.2083333E-01  0.8001477     
 0.2250000E-01  0.8929662     
 0.2416667E-01  0.9345075     
 0.2583333E-01  0.9255080     
 0.2750000E-01  0.8145906     
 0.2916667E-01  0.6804184     
 0.3083333E-01  0.7322145     
 0.3250000E-01  0.7776432     
 0.3416666E-01  0.6987175     
 0.3583334E-01  0.5597450     
 0.3750000E-01  0.4260284     
 0.3916667E-01  0.3591681     
 0.4083334E-01  0.2958164     
 0.4250000E-01  0.1140235     
 0.4416666E-01  0.1226187     
 0.4583333E-01  0.1053117     
 0.4750000E-01  0.1364914     
 0.4916666E-01  0.2709193     
 0.5083333E-01  0.3318821     
 0.5250000E-01  0.3606402     
 0.5416667E-01  0.3589653     
 0.5583333E-01  0.4070386     
 0.5750000E-01  0.3461407     
 0.5916666E-01  0.2639945     
 0.6083334E-01  0.1768767     
 0.6250000E-01  0.9099490E-01 
 0.6416667E-01  0.1118458     
 0.6583333E-01  0.1422554     
 0.6750000E-01  0.1927876     
 0.6916667E-01  0.3008241     
 0.7083333E-01  0.3922465     
 0.7250000E-01  0.3342482     
 0.7416667E-01  0.2716931     
 0.7583334E-01  0.1649536     
 0.7749999E-01  0.1119913     
 0.7916667E-01  0.9325144E-01 
 0.8083334E-01  0.2468016     
 0.8250000E-01  0.2504592     
 0.8416667E-01  0.3286775     
 0.8583333E-01  0.2800907     
 0.8750000E-01  0.1851895     
 0.8916666E-01  0.1166002     
 0.9083333E-01  0.9802906E-01 
 0.9250000E-01  0.1830705     
 0.9416667E-01  0.2415495     
 0.9583333E-01  0.2581523     
 0.9750000E-01  0.2077088     
 0.9916665E-01  0.1249987     
 0.1008333      0.1027518     
 0.1025000      0.1339290     
 0.1041667      0.1903768     
 0.1058333      0.2299866     
 0.1075000      0.1877553     
 0.1091667      0.1303100     
 0.1108333      0.6795020E-01 
 0.1125000      0.1526491     
 0.1141667      0.1821918     
 0.1158333      0.1719526     
 0.1175000      0.1332578     
 0.1191667      0.9156774E-01 
 0.1208333      0.1134391     
 0.1225000      0.1489876     
 0.1241667      0.1691006     
 0.1258333      0.1291172     
 0.1275000      0.8873952E-01 
 0.1291667      0.1055272     
 0.1308333      0.1397428     
 0.1325000      0.1349074     
 0.1341667      0.1074445     
 0.1358333      0.6269383E-01 
 0.1375000      0.1183922     
 0.1391667      0.1335495     
 0.1408333      0.1321712     
 0.1425000      0.8822442E-01 
 0.1441667      0.1143543     
 0.1458333      0.1190511     
 0.1475000      0.1129853     
 0.1491667      0.1169223     
 0.1508333      0.9918439E-01 
 0.1525000      0.1192551     
 0.1541667      0.1109109     
 0.1558333      0.8904690E-01 
 0.1575000      0.8977312E-01 
 0.1591667      0.1079001     
 0.1608333      0.1119192     
 0.1625000      0.6878655E-01 
 0.1641667      0.9051070E-01 
 0.1658333      0.1369699     
