# SumMovie FRC for input stack : stack11.mrc
# Number of micrographs: 1
# Number of frames per movie: 50
# Pixel size (A): 3.0000
# 1/(A)          FRC
# -----------------------
# 
# Micrograph 1 of 1. Score: .568
 0.8333334E-03  0.9999998     
 0.2500000E-02  0.8499861     
 0.4166666E-02  0.8700500     
 0.5833333E-02  0.8519399     
 0.7499999E-02  0.8571625     
 0.9166666E-02  0.7361687     
 0.1083333E-01  0.6257076     
 0.1250000E-01  0.8513811     
 0.1416667E-01  0.9135801     
 0.1583333E-01  0.9435791     
 0.1750000E-01  0.9064300     
 0.1916667E-01  0.6586787     
 0.2083333E-01  0.7374745     
 0.2250000E-01  0.8739990     
 0.2416667E-01  0.9202141     
 0.2583333E-01  0.8910993     
 0.2750000E-01  0.7387152     
 0.2916667E-01  0.6348640     
 0.3083333E-01  0.7056047     
 0.3250000E-01  0.7671233     
 0.3416666E-01  0.7139682     
 0.3583334E-01  0.5843880     
 0.3750000E-01  0.5164126     
 0.3916667E-01  0.4912542     
 0.4083334E-01  0.5106686     
 0.4250000E-01  0.3960508     
 0.4416666E-01  0.3311392     
 0.4583333E-01  0.2817232     
 0.4750000E-01  0.2187625     
 0.4916666E-01  0.1064263     
 0.5083333E-01  0.7504379E-01 
 0.5250000E-01  0.1350149     
 0.5416667E-01  0.1318169     
 0.5583333E-01  0.2202191     
 0.5750000E-01  0.2903990     
 0.5916666E-01  0.3491883     
 0.6083334E-01  0.3489419     
 0.6250000E-01  0.3861950     
 0.6416667E-01  0.3788916     
 0.6583333E-01  0.2951987     
 0.6750000E-01  0.2892544     
 0.6916667E-01  0.1868265     
 0.7083333E-01  0.1102086     
 0.7250000E-01  0.8760774E-01 
 0.7416667E-01  0.1078218     
 0.7583334E-01  0.1903424     
 0.7749999E-01  0.2566230     
 0.7916667E-01  0.3022360     
 0.8083334E-01  0.3378206     
 0.8250000E-01  0.3083302     
 0.8416667E-01  0.2830806     
 0.8583333E-01  0.1971758     
 0.8750000E-01  0.8972397E-01 
 0.8916666E-01  0.7600006E-01 
 0.9083333E-01  0.1272745     
 0.9250000E-01  0.2125537     
 0.9416667E-01  0.2730197     
 0.9583333E-01  0.2994015     
 0.9750000E-01  0.2454927     
 0.9916665E-01  0.2264165     
 0.1008333      0.1135566     
 0.1025000      0.8519595E-01 
 0.1041667      0.1431605     
 0.1058333      0.2131046     
 0.1075000      0.2042436     
 0.1091667      0.2431070     
 0.1108333      0.2063469     
 0.1125000      0.1528924     
 0.1141667      0.1019515     
 0.1158333      0.9105419E-01 
 0.1175000      0.1614303     
 0.1191667      0.1906876     
 0.1208333      0.1653190     
 0.1225000      0.1448900     
 0.1241667      0.9257320E-01 
 0.1258333      0.1048502     
 0.1275000      0.1127425     
 0.1291667      0.1645494     
 0.1308333      0.1559433     
 0.1325000      0.1840065     
 0.1341667      0.1107454     
 0.1358333      0.7228778E-01 
 0.1375000      0.1313495     
 0.1391667      0.1134850     
 0.1408333      0.1451233     
 0.1425000      0.1126125     
 0.1441667      0.1173672     
 0.1458333      0.1034586     
 0.1475000      0.1059138     
 0.1491667      0.1148823     
 0.1508333      0.1508829     
 0.1525000      0.1056206     
 0.1541667      0.9519666E-01 
 0.1558333      0.1159437     
 0.1575000      0.1460615     
 0.1591667      0.1076960     
 0.1608333      0.1200860     
 0.1625000      0.9997162E-01 
 0.1641667      0.1232710     
 0.1658333      0.1474658     
