# SumMovie FRC for input stack : stack6.mrc
# Number of micrographs: 1
# Number of frames per movie: 50
# Pixel size (A): 3.0000
# 1/(A)          FRC
# -----------------------
# 
# Micrograph 1 of 1. Score: .592
 0.8333334E-03  0.9999999     
 0.2500000E-02  0.9513031     
 0.4166666E-02  0.9319569     
 0.5833333E-02  0.8474479     
 0.7499999E-02  0.8653727     
 0.9166666E-02  0.6785317     
 0.1083333E-01  0.6584461     
 0.1250000E-01  0.8497991     
 0.1416667E-01  0.8879592     
 0.1583333E-01  0.9352203     
 0.1750000E-01  0.8940684     
 0.1916667E-01  0.6006025     
 0.2083333E-01  0.6728417     
 0.2250000E-01  0.8429709     
 0.2416667E-01  0.9026201     
 0.2583333E-01  0.8572289     
 0.2750000E-01  0.7352779     
 0.2916667E-01  0.6257750     
 0.3083333E-01  0.6978258     
 0.3250000E-01  0.7293252     
 0.3416666E-01  0.7026894     
 0.3583334E-01  0.6004951     
 0.3750000E-01  0.5390466     
 0.3916667E-01  0.5313914     
 0.4083334E-01  0.5748417     
 0.4250000E-01  0.4580294     
 0.4416666E-01  0.3960581     
 0.4583333E-01  0.3652488     
 0.4750000E-01  0.3028019     
 0.4916666E-01  0.2234362     
 0.5083333E-01  0.1350300     
 0.5250000E-01  0.1182498     
 0.5416667E-01  0.6284966E-01 
 0.5583333E-01  0.9986600E-01 
 0.5750000E-01  0.1220240     
 0.5916666E-01  0.1992340     
 0.6083334E-01  0.2713968     
 0.6250000E-01  0.2925405     
 0.6416667E-01  0.3457724     
 0.6583333E-01  0.3742573     
 0.6750000E-01  0.3500292     
 0.6916667E-01  0.3471161     
 0.7083333E-01  0.2916812     
 0.7250000E-01  0.2227019     
 0.7416667E-01  0.1256287     
 0.7583334E-01  0.7877472E-01 
 0.7749999E-01  0.6903611E-01 
 0.7916667E-01  0.7865183E-01 
 0.8083334E-01  0.1865564     
 0.8250000E-01  0.2304113     
 0.8416667E-01  0.2983484     
 0.8583333E-01  0.3113121     
 0.8750000E-01  0.2922762     
 0.8916666E-01  0.2444729     
 0.9083333E-01  0.1631396     
 0.9250000E-01  0.8604766E-01 
 0.9416667E-01  0.4845726E-01 
 0.9583333E-01  0.8721830E-01 
 0.9750000E-01  0.8929928E-01 
 0.9916665E-01  0.1438322     
 0.1008333      0.2172608     
 0.1025000      0.2411387     
 0.1041667      0.1726534     
 0.1058333      0.1495736     
 0.1075000      0.8192135E-01 
 0.1091667      0.7480509E-01 
 0.1108333      0.4532019E-01 
 0.1125000      0.8665743E-01 
 0.1141667      0.1427045     
 0.1158333      0.1918113     
 0.1175000      0.1728820     
 0.1191667      0.1314183     
 0.1208333      0.4286839E-01 
 0.1225000      0.4392622E-01 
 0.1241667      0.3854458E-01 
 0.1258333      0.1051630     
 0.1275000      0.1245885     
 0.1291667      0.1281478     
 0.1308333      0.1144199     
 0.1325000      0.5943726E-01 
 0.1341667      0.5080293E-01 
 0.1358333      0.7563566E-01 
 0.1375000      0.7035813E-01 
 0.1391667      0.1048181     
 0.1408333      0.9160896E-01 
 0.1425000      0.7176660E-01 
 0.1441667      0.5981084E-01 
 0.1458333      0.4128905E-01 
 0.1475000      0.5018446E-01 
 0.1491667      0.7779315E-01 
 0.1508333      0.9460680E-01 
 0.1525000      0.6779275E-01 
 0.1541667      0.4835903E-01 
 0.1558333      0.3810405E-01 
 0.1575000      0.7431049E-01 
 0.1591667      0.8331108E-01 
 0.1608333      0.7576720E-01 
 0.1625000      0.7733998E-01 
 0.1641667      0.5889057E-01 
 0.1658333      0.3000528E-01 
