# SumMovie FRC for input stack : stack11.mrc
# Number of micrographs: 1
# Number of frames per movie: 50
# Pixel size (A): 3.0000
# 1/(A)          FRC
# -----------------------
# 
# Micrograph 1 of 1. Score: .570
 0.8333334E-03  0.9999998     
 0.2500000E-02  0.8500632     
 0.4166666E-02  0.8701507     
 0.5833333E-02  0.8519652     
 0.7499999E-02  0.8572576     
 0.9166666E-02  0.7364003     
 0.1083333E-01  0.6257249     
 0.1250000E-01  0.8516607     
 0.1416667E-01  0.9137564     
 0.1583333E-01  0.9436654     
 0.1750000E-01  0.9066489     
 0.1916667E-01  0.6586399     
 0.2083333E-01  0.7380434     
 0.2250000E-01  0.8744016     
 0.2416667E-01  0.9207374     
 0.2583333E-01  0.8915202     
 0.2750000E-01  0.7397299     
 0.2916667E-01  0.6369517     
 0.3083333E-01  0.7071133     
 0.3250000E-01  0.7684245     
 0.3416666E-01  0.7157862     
 0.3583334E-01  0.5860295     
 0.3750000E-01  0.5183769     
 0.3916667E-01  0.4937368     
 0.4083334E-01  0.5126705     
 0.4250000E-01  0.3978009     
 0.4416666E-01  0.3331032     
 0.4583333E-01  0.2842631     
 0.4750000E-01  0.2197276     
 0.4916666E-01  0.1072141     
 0.5083333E-01  0.7563464E-01 
 0.5250000E-01  0.1360710     
 0.5416667E-01  0.1345692     
 0.5583333E-01  0.2211838     
 0.5750000E-01  0.2927421     
 0.5916666E-01  0.3524558     
 0.6083334E-01  0.3508831     
 0.6250000E-01  0.3912753     
 0.6416667E-01  0.3824187     
 0.6583333E-01  0.2995850     
 0.6750000E-01  0.2924528     
 0.6916667E-01  0.1878146     
 0.7083333E-01  0.1108987     
 0.7250000E-01  0.8711537E-01 
 0.7416667E-01  0.1086370     
 0.7583334E-01  0.1927548     
 0.7749999E-01  0.2595678     
 0.7916667E-01  0.3051962     
 0.8083334E-01  0.3423234     
 0.8250000E-01  0.3117772     
 0.8416667E-01  0.2864033     
 0.8583333E-01  0.1999669     
 0.8750000E-01  0.9172361E-01 
 0.8916666E-01  0.7714675E-01 
 0.9083333E-01  0.1284376     
 0.9250000E-01  0.2152821     
 0.9416667E-01  0.2771438     
 0.9583333E-01  0.3008717     
 0.9750000E-01  0.2491807     
 0.9916665E-01  0.2294736     
 0.1008333      0.1131442     
 0.1025000      0.8458265E-01 
 0.1041667      0.1421082     
 0.1058333      0.2154097     
 0.1075000      0.2097926     
 0.1091667      0.2456469     
 0.1108333      0.2076287     
 0.1125000      0.1529263     
 0.1141667      0.1014699     
 0.1158333      0.9255845E-01 
 0.1175000      0.1633036     
 0.1191667      0.1919373     
 0.1208333      0.1650920     
 0.1225000      0.1456538     
 0.1241667      0.9289460E-01 
 0.1258333      0.1041972     
 0.1275000      0.1129668     
 0.1291667      0.1649970     
 0.1308333      0.1585905     
 0.1325000      0.1845570     
 0.1341667      0.1109920     
 0.1358333      0.7123340E-01 
 0.1375000      0.1316294     
 0.1391667      0.1142625     
 0.1408333      0.1490968     
 0.1425000      0.1144340     
 0.1441667      0.1166226     
 0.1458333      0.1030015     
 0.1475000      0.1033026     
 0.1491667      0.1171092     
 0.1508333      0.1501607     
 0.1525000      0.1071443     
 0.1541667      0.9654231E-01 
 0.1558333      0.1148746     
 0.1575000      0.1460693     
 0.1591667      0.1073094     
 0.1608333      0.1199944     
 0.1625000      0.9875525E-01 
 0.1641667      0.1244914     
 0.1658333      0.1451678     
