# SumMovie FRC for input stack : stack16.mrc
# Number of micrographs: 1
# Number of frames per movie: 50
# Pixel size (A): 3.0000
# 1/(A)          FRC
# -----------------------
# 
# Micrograph 1 of 1. Score: .528
 0.8333334E-03  0.9999994     
 0.2500000E-02  0.9669874     
 0.4166666E-02  0.9459077     
 0.5833333E-02  0.9109390     
 0.7499999E-02  0.8942927     
 0.9166666E-02  0.8411101     
 0.1083333E-01  0.7715024     
 0.1250000E-01  0.8784438     
 0.1416667E-01  0.9332924     
 0.1583333E-01  0.9636818     
 0.1750000E-01  0.9434932     
 0.1916667E-01  0.7645026     
 0.2083333E-01  0.7998335     
 0.2250000E-01  0.8925083     
 0.2416667E-01  0.9341689     
 0.2583333E-01  0.9250575     
 0.2750000E-01  0.8137158     
 0.2916667E-01  0.6793712     
 0.3083333E-01  0.7313855     
 0.3250000E-01  0.7767077     
 0.3416666E-01  0.6976965     
 0.3583334E-01  0.5575036     
 0.3750000E-01  0.4255408     
 0.3916667E-01  0.3590420     
 0.4083334E-01  0.2950617     
 0.4250000E-01  0.1145319     
 0.4416666E-01  0.1226860     
 0.4583333E-01  0.1061021     
 0.4750000E-01  0.1367116     
 0.4916666E-01  0.2705047     
 0.5083333E-01  0.3303820     
 0.5250000E-01  0.3587645     
 0.5416667E-01  0.3578423     
 0.5583333E-01  0.4056166     
 0.5750000E-01  0.3442927     
 0.5916666E-01  0.2631136     
 0.6083334E-01  0.1747392     
 0.6250000E-01  0.9116035E-01 
 0.6416667E-01  0.1135027     
 0.6583333E-01  0.1417535     
 0.6750000E-01  0.1907354     
 0.6916667E-01  0.2991033     
 0.7083333E-01  0.3896340     
 0.7250000E-01  0.3328840     
 0.7416667E-01  0.2698285     
 0.7583334E-01  0.1641712     
 0.7749999E-01  0.1122224     
 0.7916667E-01  0.9279644E-01 
 0.8083334E-01  0.2456941     
 0.8250000E-01  0.2478517     
 0.8416667E-01  0.3262693     
 0.8583333E-01  0.2784559     
 0.8750000E-01  0.1846126     
 0.8916666E-01  0.1171044     
 0.9083333E-01  0.9870129E-01 
 0.9250000E-01  0.1834804     
 0.9416667E-01  0.2410149     
 0.9583333E-01  0.2556786     
 0.9750000E-01  0.2063090     
 0.9916665E-01  0.1265386     
 0.1008333      0.1057682     
 0.1025000      0.1342439     
 0.1041667      0.1899973     
 0.1058333      0.2284468     
 0.1075000      0.1874241     
 0.1091667      0.1302300     
 0.1108333      0.6860091E-01 
 0.1125000      0.1533467     
 0.1141667      0.1827672     
 0.1158333      0.1723464     
 0.1175000      0.1347547     
 0.1191667      0.9082635E-01 
 0.1208333      0.1153191     
 0.1225000      0.1496145     
 0.1241667      0.1708968     
 0.1258333      0.1290446     
 0.1275000      0.9010999E-01 
 0.1291667      0.1088779     
 0.1308333      0.1393366     
 0.1325000      0.1353779     
 0.1341667      0.1092765     
 0.1358333      0.6627690E-01 
 0.1375000      0.1222196     
 0.1391667      0.1352129     
 0.1408333      0.1357165     
 0.1425000      0.9219952E-01 
 0.1441667      0.1171412     
 0.1458333      0.1197004     
 0.1475000      0.1149310     
 0.1491667      0.1195729     
 0.1508333      0.9912851E-01 
 0.1525000      0.1231764     
 0.1541667      0.1135195     
 0.1558333      0.9214688E-01 
 0.1575000      0.9265421E-01 
 0.1591667      0.1084291     
 0.1608333      0.1150643     
 0.1625000      0.7078841E-01 
 0.1641667      0.9325955E-01 
 0.1658333      0.1370370     
