# SumMovie FRC for input stack : stack16.mrc
# Number of micrographs: 1
# Number of frames per movie: 50
# Pixel size (A): 3.0000
# 1/(A)          FRC
# -----------------------
# 
# Micrograph 1 of 1. Score: .527
 0.8333334E-03  0.9999994     
 0.2500000E-02  0.9669693     
 0.4166666E-02  0.9458958     
 0.5833333E-02  0.9108732     
 0.7499999E-02  0.8942637     
 0.9166666E-02  0.8410015     
 0.1083333E-01  0.7712371     
 0.1250000E-01  0.8782173     
 0.1416667E-01  0.9331919     
 0.1583333E-01  0.9635397     
 0.1750000E-01  0.9433036     
 0.1916667E-01  0.7638852     
 0.2083333E-01  0.7992843     
 0.2250000E-01  0.8918052     
 0.2416667E-01  0.9336154     
 0.2583333E-01  0.9243779     
 0.2750000E-01  0.8123325     
 0.2916667E-01  0.6776952     
 0.3083333E-01  0.7299477     
 0.3250000E-01  0.7751659     
 0.3416666E-01  0.6958184     
 0.3583334E-01  0.5538383     
 0.3750000E-01  0.4242550     
 0.3916667E-01  0.3586204     
 0.4083334E-01  0.2939833     
 0.4250000E-01  0.1148894     
 0.4416666E-01  0.1227443     
 0.4583333E-01  0.1072178     
 0.4750000E-01  0.1370827     
 0.4916666E-01  0.2693698     
 0.5083333E-01  0.3281447     
 0.5250000E-01  0.3554754     
 0.5416667E-01  0.3556979     
 0.5583333E-01  0.4028764     
 0.5750000E-01  0.3411084     
 0.5916666E-01  0.2613666     
 0.6083334E-01  0.1716472     
 0.6250000E-01  0.9121820E-01 
 0.6416667E-01  0.1149764     
 0.6583333E-01  0.1408479     
 0.6750000E-01  0.1872440     
 0.6916667E-01  0.2961834     
 0.7083333E-01  0.3850434     
 0.7250000E-01  0.3305513     
 0.7416667E-01  0.2667066     
 0.7583334E-01  0.1625827     
 0.7749999E-01  0.1126410     
 0.7916667E-01  0.9210481E-01 
 0.8083334E-01  0.2435808     
 0.8250000E-01  0.2437846     
 0.8416667E-01  0.3224976     
 0.8583333E-01  0.2753322     
 0.8750000E-01  0.1832344     
 0.8916666E-01  0.1172922     
 0.9083333E-01  0.9919157E-01 
 0.9250000E-01  0.1841364     
 0.9416667E-01  0.2388890     
 0.9583333E-01  0.2513477     
 0.9750000E-01  0.2037340     
 0.9916665E-01  0.1285221     
 0.1008333      0.1089708     
 0.1025000      0.1339091     
 0.1041667      0.1889488     
 0.1058333      0.2255173     
 0.1075000      0.1861234     
 0.1091667      0.1296041     
 0.1108333      0.6905805E-01 
 0.1125000      0.1538644     
 0.1141667      0.1834633     
 0.1158333      0.1729586     
 0.1175000      0.1364711     
 0.1191667      0.8923206E-01 
 0.1208333      0.1165206     
 0.1225000      0.1503659     
 0.1241667      0.1728946     
 0.1258333      0.1288680     
 0.1275000      0.9176423E-01 
 0.1291667      0.1137186     
 0.1308333      0.1388521     
 0.1325000      0.1363139     
 0.1341667      0.1113417     
 0.1358333      0.7118686E-01 
 0.1375000      0.1271255     
 0.1391667      0.1363799     
 0.1408333      0.1399383     
 0.1425000      0.9739368E-01 
 0.1441667      0.1193679     
 0.1458333      0.1201022     
 0.1475000      0.1163593     
 0.1491667      0.1220243     
 0.1508333      0.9802791E-01 
 0.1525000      0.1284853     
 0.1541667      0.1156491     
 0.1558333      0.9707487E-01 
 0.1575000      0.9478886E-01 
 0.1591667      0.1088212     
 0.1608333      0.1192886     
 0.1625000      0.7228203E-01 
 0.1641667      0.9600943E-01 
 0.1658333      0.1369824     
