# SumMovie FRC for input stack : stack11.mrc
# Number of micrographs: 1
# Number of frames per movie: 50
# Pixel size (A): 3.0000
# 1/(A)          FRC
# -----------------------
# 
# Micrograph 1 of 1. Score: .576
 0.8333334E-03  0.9999998     
 0.2500000E-02  0.8504660     
 0.4166666E-02  0.8705983     
 0.5833333E-02  0.8517841     
 0.7499999E-02  0.8577096     
 0.9166666E-02  0.7374886     
 0.1083333E-01  0.6261687     
 0.1250000E-01  0.8532292     
 0.1416667E-01  0.9149343     
 0.1583333E-01  0.9441308     
 0.1750000E-01  0.9079354     
 0.1916667E-01  0.6568618     
 0.2083333E-01  0.7413048     
 0.2250000E-01  0.8760881     
 0.2416667E-01  0.9237232     
 0.2583333E-01  0.8933948     
 0.2750000E-01  0.7456649     
 0.2916667E-01  0.6493301     
 0.3083333E-01  0.7167069     
 0.3250000E-01  0.7758322     
 0.3416666E-01  0.7279531     
 0.3583334E-01  0.5939375     
 0.3750000E-01  0.5302030     
 0.3916667E-01  0.5072460     
 0.4083334E-01  0.5204379     
 0.4250000E-01  0.4059937     
 0.4416666E-01  0.3422226     
 0.4583333E-01  0.2986354     
 0.4750000E-01  0.2193143     
 0.4916666E-01  0.1073807     
 0.5083333E-01  0.7648981E-01 
 0.5250000E-01  0.1372379     
 0.5416667E-01  0.1446323     
 0.5583333E-01  0.2211811     
 0.5750000E-01  0.3001644     
 0.5916666E-01  0.3748501     
 0.6083334E-01  0.3603999     
 0.6250000E-01  0.4162850     
 0.6416667E-01  0.4015277     
 0.6583333E-01  0.3266407     
 0.6750000E-01  0.3050845     
 0.6916667E-01  0.1876652     
 0.7083333E-01  0.1083556     
 0.7250000E-01  0.7579608E-01 
 0.7416667E-01  0.1108188     
 0.7583334E-01  0.2007060     
 0.7749999E-01  0.2792274     
 0.7916667E-01  0.3205743     
 0.8083334E-01  0.3702270     
 0.8250000E-01  0.3314352     
 0.8416667E-01  0.3088235     
 0.8583333E-01  0.2113127     
 0.8750000E-01  0.1013879     
 0.8916666E-01  0.7200022E-01 
 0.9083333E-01  0.1334840     
 0.9250000E-01  0.2346525     
 0.9416667E-01  0.2942411     
 0.9583333E-01  0.3039590     
 0.9750000E-01  0.2656145     
 0.9916665E-01  0.2321039     
 0.1008333      0.1106115     
 0.1025000      0.5852627E-01 
 0.1041667      0.1227861     
 0.1058333      0.2075322     
 0.1075000      0.2367073     
 0.1091667      0.2426833     
 0.1108333      0.2047547     
 0.1125000      0.1441164     
 0.1141667      0.7969496E-01 
 0.1158333      0.8874174E-01 
 0.1175000      0.1528261     
 0.1191667      0.1850180     
 0.1208333      0.1631884     
 0.1225000      0.1422773     
 0.1241667      0.7942110E-01 
 0.1258333      0.7835306E-01 
 0.1275000      0.9719739E-01 
 0.1291667      0.1540288     
 0.1308333      0.1719539     
 0.1325000      0.1740889     
 0.1341667      0.9628851E-01 
 0.1358333      0.5670557E-01 
 0.1375000      0.1101731     
 0.1391667      0.1115471     
 0.1408333      0.1438591     
 0.1425000      0.1112614     
 0.1441667      0.8441746E-01 
 0.1458333      0.6836911E-01 
 0.1475000      0.6795241E-01 
 0.1491667      0.1204703     
 0.1508333      0.1197916     
 0.1525000      0.9523694E-01 
 0.1541667      0.8181131E-01 
 0.1558333      0.7885904E-01 
 0.1575000      0.1266077     
 0.1591667      0.8718256E-01 
 0.1608333      0.8010176E-01 
 0.1625000      0.6537852E-01 
 0.1641667      0.9386428E-01 
 0.1658333      0.1129846     
