# SumMovie FRC for input stack : stack11.mrc
# Number of micrographs: 1
# Number of frames per movie: 50
# Pixel size (A): 3.0000
# 1/(A)          FRC
# -----------------------
# 
# Micrograph 1 of 1. Score: .577
 0.8333334E-03  0.9999998     
 0.2500000E-02  0.8506086     
 0.4166666E-02  0.8708686     
 0.5833333E-02  0.8516665     
 0.7499999E-02  0.8578954     
 0.9166666E-02  0.7375416     
 0.1083333E-01  0.6257583     
 0.1250000E-01  0.8538257     
 0.1416667E-01  0.9153982     
 0.1583333E-01  0.9441774     
 0.1750000E-01  0.9082817     
 0.1916667E-01  0.6549273     
 0.2083333E-01  0.7418105     
 0.2250000E-01  0.8762022     
 0.2416667E-01  0.9247090     
 0.2583333E-01  0.8934687     
 0.2750000E-01  0.7466037     
 0.2916667E-01  0.6518673     
 0.3083333E-01  0.7200078     
 0.3250000E-01  0.7778259     
 0.3416666E-01  0.7313567     
 0.3583334E-01  0.5953622     
 0.3750000E-01  0.5329249     
 0.3916667E-01  0.5109119     
 0.4083334E-01  0.5214776     
 0.4250000E-01  0.4078552     
 0.4416666E-01  0.3426936     
 0.4583333E-01  0.3000497     
 0.4750000E-01  0.2182777     
 0.4916666E-01  0.1040860     
 0.5083333E-01  0.7584371E-01 
 0.5250000E-01  0.1384732     
 0.5416667E-01  0.1452379     
 0.5583333E-01  0.2183206     
 0.5750000E-01  0.3000017     
 0.5916666E-01  0.3830652     
 0.6083334E-01  0.3611810     
 0.6250000E-01  0.4226909     
 0.6416667E-01  0.4055702     
 0.6583333E-01  0.3288747     
 0.6750000E-01  0.3048753     
 0.6916667E-01  0.1837959     
 0.7083333E-01  0.1067091     
 0.7250000E-01  0.6679347E-01 
 0.7416667E-01  0.1098883     
 0.7583334E-01  0.2014386     
 0.7749999E-01  0.2836924     
 0.7916667E-01  0.3239587     
 0.8083334E-01  0.3781077     
 0.8250000E-01  0.3368109     
 0.8416667E-01  0.3164279     
 0.8583333E-01  0.2094240     
 0.8750000E-01  0.1012819     
 0.8916666E-01  0.6754769E-01 
 0.9083333E-01  0.1349614     
 0.9250000E-01  0.2393594     
 0.9416667E-01  0.2926325     
 0.9583333E-01  0.2984647     
 0.9750000E-01  0.2682480     
 0.9916665E-01  0.2219833     
 0.1008333      0.1060141     
 0.1025000      0.4223283E-01 
 0.1041667      0.1138577     
 0.1058333      0.1932416     
 0.1075000      0.2379954     
 0.1091667      0.2367418     
 0.1108333      0.1993034     
 0.1125000      0.1335739     
 0.1141667      0.6426277E-01 
 0.1158333      0.8221367E-01 
 0.1175000      0.1406305     
 0.1191667      0.1736823     
 0.1208333      0.1632263     
 0.1225000      0.1336596     
 0.1241667      0.7312017E-01 
 0.1258333      0.6547276E-01 
 0.1275000      0.9024560E-01 
 0.1291667      0.1451495     
 0.1308333      0.1684645     
 0.1325000      0.1641795     
 0.1341667      0.8909318E-01 
 0.1358333      0.5066492E-01 
 0.1375000      0.9422950E-01 
 0.1391667      0.1021046     
 0.1408333      0.1315944     
 0.1425000      0.1028077     
 0.1441667      0.6958893E-01 
 0.1458333      0.4673031E-01 
 0.1475000      0.5700536E-01 
 0.1491667      0.1125409     
 0.1508333      0.1034337     
 0.1525000      0.8299065E-01 
 0.1541667      0.6560301E-01 
 0.1558333      0.6495056E-01 
 0.1575000      0.1170826     
 0.1591667      0.7203521E-01 
 0.1608333      0.6457713E-01 
 0.1625000      0.5819946E-01 
 0.1641667      0.7445461E-01 
 0.1658333      0.9636518E-01 
