# SumMovie FRC for input stack : stack16.mrc
# Number of micrographs: 1
# Number of frames per movie: 50
# Pixel size (A): 3.0000
# 1/(A)          FRC
# -----------------------
# 
# Micrograph 1 of 1. Score: .538
 0.8333334E-03  0.9999994     
 0.2500000E-02  0.9671960     
 0.4166666E-02  0.9455697     
 0.5833333E-02  0.9118832     
 0.7499999E-02  0.8961493     
 0.9166666E-02  0.8419321     
 0.1083333E-01  0.7758287     
 0.1250000E-01  0.8831689     
 0.1416667E-01  0.9352480     
 0.1583333E-01  0.9656301     
 0.1750000E-01  0.9458728     
 0.1916667E-01  0.7755100     
 0.2083333E-01  0.8037654     
 0.2250000E-01  0.9020282     
 0.2416667E-01  0.9422200     
 0.2583333E-01  0.9335852     
 0.2750000E-01  0.8302228     
 0.2916667E-01  0.7029537     
 0.3083333E-01  0.7510490     
 0.3250000E-01  0.7961575     
 0.3416666E-01  0.7302395     
 0.3583334E-01  0.6037886     
 0.3750000E-01  0.4404773     
 0.3916667E-01  0.3775696     
 0.4083334E-01  0.2924135     
 0.4250000E-01  0.1218563     
 0.4416666E-01  0.1259695     
 0.4583333E-01  0.9050061E-01 
 0.4750000E-01  0.1493859     
 0.4916666E-01  0.2684250     
 0.5083333E-01  0.3424390     
 0.5250000E-01  0.3891042     
 0.5416667E-01  0.3761567     
 0.5583333E-01  0.4214061     
 0.5750000E-01  0.3625551     
 0.5916666E-01  0.2804069     
 0.6083334E-01  0.1905239     
 0.6250000E-01  0.8505224E-01 
 0.6416667E-01  0.1061508     
 0.6583333E-01  0.1400573     
 0.6750000E-01  0.2109427     
 0.6916667E-01  0.3173518     
 0.7083333E-01  0.4072255     
 0.7250000E-01  0.3666263     
 0.7416667E-01  0.2951023     
 0.7583334E-01  0.1841426     
 0.7749999E-01  0.1169700     
 0.7916667E-01  0.1001710     
 0.8083334E-01  0.2510175     
 0.8250000E-01  0.2748222     
 0.8416667E-01  0.3634767     
 0.8583333E-01  0.2986405     
 0.8750000E-01  0.1886772     
 0.8916666E-01  0.1183032     
 0.9083333E-01  0.8236677E-01 
 0.9250000E-01  0.1923312     
 0.9416667E-01  0.2618818     
 0.9583333E-01  0.2751995     
 0.9750000E-01  0.2172882     
 0.9916665E-01  0.1007142     
 0.1008333      0.6615775E-01 
 0.1025000      0.1260109     
 0.1041667      0.1863053     
 0.1058333      0.2427838     
 0.1075000      0.1862714     
 0.1091667      0.1123730     
 0.1108333      0.5102330E-01 
 0.1125000      0.1407526     
 0.1141667      0.1913694     
 0.1158333      0.1889243     
 0.1175000      0.1128648     
 0.1191667      0.5246915E-01 
 0.1208333      0.9057914E-01 
 0.1225000      0.1582453     
 0.1241667      0.1682519     
 0.1258333      0.1074538     
 0.1275000      0.6493184E-01 
 0.1291667      0.9273080E-01 
 0.1308333      0.1310444     
 0.1325000      0.1360656     
 0.1341667      0.7877950E-01 
 0.1358333      0.5455826E-01 
 0.1375000      0.1067861     
 0.1391667      0.1374743     
 0.1408333      0.9635384E-01 
 0.1425000      0.7210119E-01 
 0.1441667      0.7569019E-01 
 0.1458333      0.1050877     
 0.1475000      0.1002806     
 0.1491667      0.6555388E-01 
 0.1508333      0.6559753E-01 
 0.1525000      0.1044003     
 0.1541667      0.9529545E-01 
 0.1558333      0.6124019E-01 
 0.1575000      0.4825004E-01 
 0.1591667      0.8864297E-01 
 0.1608333      0.9427100E-01 
 0.1625000      0.4482948E-01 
 0.1641667      0.6171719E-01 
 0.1658333      0.1342465     
