# SumMovie FRC for input stack : stack6.mrc
# Number of micrographs: 1
# Number of frames per movie: 50
# Pixel size (A): 3.0000
# 1/(A)          FRC
# -----------------------
# 
# Micrograph 1 of 1. Score: .577
 0.8333334E-03  0.9999999     
 0.2500000E-02  0.9513774     
 0.4166666E-02  0.9316805     
 0.5833333E-02  0.8462324     
 0.7499999E-02  0.8651558     
 0.9166666E-02  0.6733047     
 0.1083333E-01  0.6549414     
 0.1250000E-01  0.8461890     
 0.1416667E-01  0.8835618     
 0.1583333E-01  0.9314476     
 0.1750000E-01  0.8912128     
 0.1916667E-01  0.6006028     
 0.2083333E-01  0.6618480     
 0.2250000E-01  0.8292462     
 0.2416667E-01  0.8923184     
 0.2583333E-01  0.8448755     
 0.2750000E-01  0.7216454     
 0.2916667E-01  0.6164948     
 0.3083333E-01  0.6769207     
 0.3250000E-01  0.7194510     
 0.3416666E-01  0.6851677     
 0.3583334E-01  0.5776690     
 0.3750000E-01  0.5259306     
 0.3916667E-01  0.5090704     
 0.4083334E-01  0.5427787     
 0.4250000E-01  0.4386702     
 0.4416666E-01  0.3700505     
 0.4583333E-01  0.3412172     
 0.4750000E-01  0.2874011     
 0.4916666E-01  0.2143475     
 0.5083333E-01  0.1183447     
 0.5250000E-01  0.1398818     
 0.5416667E-01  0.8657768E-01 
 0.5583333E-01  0.1257074     
 0.5750000E-01  0.1294982     
 0.5916666E-01  0.2110435     
 0.6083334E-01  0.2719408     
 0.6250000E-01  0.2898246     
 0.6416667E-01  0.3362256     
 0.6583333E-01  0.3343130     
 0.6750000E-01  0.3370131     
 0.6916667E-01  0.3178255     
 0.7083333E-01  0.2724233     
 0.7250000E-01  0.2153075     
 0.7416667E-01  0.1418757     
 0.7583334E-01  0.1006087     
 0.7749999E-01  0.8899525E-01 
 0.7916667E-01  0.9085510E-01 
 0.8083334E-01  0.1729875     
 0.8250000E-01  0.2123562     
 0.8416667E-01  0.2697161     
 0.8583333E-01  0.2858589     
 0.8750000E-01  0.2653711     
 0.8916666E-01  0.2490668     
 0.9083333E-01  0.1358463     
 0.9250000E-01  0.1234355     
 0.9416667E-01  0.7897099E-01 
 0.9583333E-01  0.1222847     
 0.9750000E-01  0.1213680     
 0.9916665E-01  0.1620181     
 0.1008333      0.1924478     
 0.1025000      0.2168458     
 0.1041667      0.1900175     
 0.1058333      0.1450484     
 0.1075000      0.1014201     
 0.1091667      0.5068817E-01 
 0.1108333      0.7782428E-01 
 0.1125000      0.1266834     
 0.1141667      0.1720854     
 0.1158333      0.1931027     
 0.1175000      0.1525058     
 0.1191667      0.1380023     
 0.1208333      0.8542450E-01 
 0.1225000      0.6146072E-01 
 0.1241667      0.7612883E-01 
 0.1258333      0.9244353E-01 
 0.1275000      0.1414552     
 0.1291667      0.1350800     
 0.1308333      0.1268042     
 0.1325000      0.5906431E-01 
 0.1341667      0.4745956E-01 
 0.1358333      0.1035538     
 0.1375000      0.8132282E-01 
 0.1391667      0.8759004E-01 
 0.1408333      0.1121602     
 0.1425000      0.9908586E-01 
 0.1441667      0.7437819E-01 
 0.1458333      0.6880758E-01 
 0.1475000      0.7860854E-01 
 0.1491667      0.1062896     
 0.1508333      0.1176121     
 0.1525000      0.8723002E-01 
 0.1541667      0.5479490E-01 
 0.1558333      0.8245017E-01 
 0.1575000      0.7662661E-01 
 0.1591667      0.9130061E-01 
 0.1608333      0.1020057     
 0.1625000      0.7558991E-01 
 0.1641667      0.7842407E-01 
 0.1658333      0.4951681E-01 
