# SumMovie FRC for input stack : stack11.mrc
# Number of micrographs: 1
# Number of frames per movie: 50
# Pixel size (A): 3.0000
# 1/(A)          FRC
# -----------------------
# 
# Micrograph 1 of 1. Score: .574
 0.8333334E-03  0.9999998     
 0.2500000E-02  0.8503495     
 0.4166666E-02  0.8704282     
 0.5833333E-02  0.8518974     
 0.7499999E-02  0.8575442     
 0.9166666E-02  0.7371144     
 0.1083333E-01  0.6259483     
 0.1250000E-01  0.8527204     
 0.1416667E-01  0.9145463     
 0.1583333E-01  0.9439752     
 0.1750000E-01  0.9075335     
 0.1916667E-01  0.6577844     
 0.2083333E-01  0.7404305     
 0.2250000E-01  0.8757055     
 0.2416667E-01  0.9227768     
 0.2583333E-01  0.8929489     
 0.2750000E-01  0.7438675     
 0.2916667E-01  0.6452986     
 0.3083333E-01  0.7135642     
 0.3250000E-01  0.7735996     
 0.3416666E-01  0.7237602     
 0.3583334E-01  0.5916115     
 0.3750000E-01  0.5268039     
 0.3916667E-01  0.5033500     
 0.4083334E-01  0.5191460     
 0.4250000E-01  0.4038690     
 0.4416666E-01  0.3397478     
 0.4583333E-01  0.2946591     
 0.4750000E-01  0.2206769     
 0.4916666E-01  0.1082454     
 0.5083333E-01  0.7635681E-01 
 0.5250000E-01  0.1378268     
 0.5416667E-01  0.1428313     
 0.5583333E-01  0.2226802     
 0.5750000E-01  0.2985961     
 0.5916666E-01  0.3671289     
 0.6083334E-01  0.3586508     
 0.6250000E-01  0.4091283     
 0.6416667E-01  0.3957355     
 0.6583333E-01  0.3183848     
 0.6750000E-01  0.3033114     
 0.6916667E-01  0.1903896     
 0.7083333E-01  0.1106512     
 0.7250000E-01  0.8195318E-01 
 0.7416667E-01  0.1115345     
 0.7583334E-01  0.1999912     
 0.7749999E-01  0.2729605     
 0.7916667E-01  0.3169387     
 0.8083334E-01  0.3611658     
 0.8250000E-01  0.3263224     
 0.8416667E-01  0.3029940     
 0.8583333E-01  0.2104391     
 0.8750000E-01  0.9943245E-01 
 0.8916666E-01  0.7493091E-01 
 0.9083333E-01  0.1329046     
 0.9250000E-01  0.2291551     
 0.9416667E-01  0.2915592     
 0.9583333E-01  0.3047068     
 0.9750000E-01  0.2630096     
 0.9916665E-01  0.2373935     
 0.1008333      0.1125178     
 0.1025000      0.7231076E-01 
 0.1041667      0.1315700     
 0.1058333      0.2160618     
 0.1075000      0.2311164     
 0.1091667      0.2495809     
 0.1108333      0.2101620     
 0.1125000      0.1507921     
 0.1141667      0.9189494E-01 
 0.1158333      0.9193743E-01 
 0.1175000      0.1628715     
 0.1191667      0.1917635     
 0.1208333      0.1649811     
 0.1225000      0.1463049     
 0.1241667      0.8662736E-01 
 0.1258333      0.9136934E-01 
 0.1275000      0.1048645     
 0.1291667      0.1630273     
 0.1308333      0.1715149     
 0.1325000      0.1806230     
 0.1341667      0.1052018     
 0.1358333      0.6457619E-01 
 0.1375000      0.1237891     
 0.1391667      0.1156967     
 0.1408333      0.1531358     
 0.1425000      0.1168372     
 0.1441667      0.1007314     
 0.1458333      0.8735596E-01 
 0.1475000      0.8360837E-01 
 0.1491667      0.1223545     
 0.1508333      0.1363400     
 0.1525000      0.1045982     
 0.1541667      0.9190269E-01 
 0.1558333      0.9725724E-01 
 0.1575000      0.1365443     
 0.1591667      0.9744006E-01 
 0.1608333      0.9996630E-01 
 0.1625000      0.8066075E-01 
 0.1641667      0.1128060     
 0.1658333      0.1290040     
