# SumMovie FRC for input stack : stack11.mrc
# Number of micrographs: 1
# Number of frames per movie: 50
# Pixel size (A): 3.0000
# 1/(A)          FRC
# -----------------------
# 
# Micrograph 1 of 1. Score: .577
 0.8333334E-03  0.9999998     
 0.2500000E-02  0.8506145     
 0.4166666E-02  0.8708819     
 0.5833333E-02  0.8516668     
 0.7499999E-02  0.8579167     
 0.9166666E-02  0.7376504     
 0.1083333E-01  0.6257199     
 0.1250000E-01  0.8538545     
 0.1416667E-01  0.9154132     
 0.1583333E-01  0.9441826     
 0.1750000E-01  0.9082863     
 0.1916667E-01  0.6549112     
 0.2083333E-01  0.7417841     
 0.2250000E-01  0.8761953     
 0.2416667E-01  0.9247483     
 0.2583333E-01  0.8934020     
 0.2750000E-01  0.7466291     
 0.2916667E-01  0.6518909     
 0.3083333E-01  0.7201459     
 0.3250000E-01  0.7779881     
 0.3416666E-01  0.7314410     
 0.3583334E-01  0.5953830     
 0.3750000E-01  0.5330083     
 0.3916667E-01  0.5110772     
 0.4083334E-01  0.5214986     
 0.4250000E-01  0.4077495     
 0.4416666E-01  0.3423873     
 0.4583333E-01  0.2999635     
 0.4750000E-01  0.2185372     
 0.4916666E-01  0.1039773     
 0.5083333E-01  0.7626829E-01 
 0.5250000E-01  0.1387721     
 0.5416667E-01  0.1452737     
 0.5583333E-01  0.2185951     
 0.5750000E-01  0.2998307     
 0.5916666E-01  0.3833766     
 0.6083334E-01  0.3612645     
 0.6250000E-01  0.4228553     
 0.6416667E-01  0.4056756     
 0.6583333E-01  0.3283272     
 0.6750000E-01  0.3044792     
 0.6916667E-01  0.1828392     
 0.7083333E-01  0.1062518     
 0.7250000E-01  0.6633111E-01 
 0.7416667E-01  0.1091963     
 0.7583334E-01  0.2018082     
 0.7749999E-01  0.2836353     
 0.7916667E-01  0.3234534     
 0.8083334E-01  0.3780284     
 0.8250000E-01  0.3368072     
 0.8416667E-01  0.3165320     
 0.8583333E-01  0.2092997     
 0.8750000E-01  0.1009776     
 0.8916666E-01  0.6767417E-01 
 0.9083333E-01  0.1346240     
 0.9250000E-01  0.2390990     
 0.9416667E-01  0.2922368     
 0.9583333E-01  0.2978866     
 0.9750000E-01  0.2680405     
 0.9916665E-01  0.2210679     
 0.1008333      0.1057439     
 0.1025000      0.4194529E-01 
 0.1041667      0.1137748     
 0.1058333      0.1920459     
 0.1075000      0.2376169     
 0.1091667      0.2364179     
 0.1108333      0.1984202     
 0.1125000      0.1328111     
 0.1141667      0.6376148E-01 
 0.1158333      0.8203759E-01 
 0.1175000      0.1399549     
 0.1191667      0.1734194     
 0.1208333      0.1626997     
 0.1225000      0.1324607     
 0.1241667      0.7338178E-01 
 0.1258333      0.6473484E-01 
 0.1275000      0.9069136E-01 
 0.1291667      0.1446252     
 0.1308333      0.1676248     
 0.1325000      0.1635453     
 0.1341667      0.8885540E-01 
 0.1358333      0.5001059E-01 
 0.1375000      0.9349026E-01 
 0.1391667      0.1014229     
 0.1408333      0.1303276     
 0.1425000      0.1024442     
 0.1441667      0.6914894E-01 
 0.1458333      0.4615693E-01 
 0.1475000      0.5678249E-01 
 0.1491667      0.1118650     
 0.1508333      0.1032263     
 0.1525000      0.8241477E-01 
 0.1541667      0.6504960E-01 
 0.1558333      0.6445980E-01 
 0.1575000      0.1163737     
 0.1591667      0.7110227E-01 
 0.1608333      0.6401900E-01 
 0.1625000      0.5852753E-01 
 0.1641667      0.7373150E-01 
 0.1658333      0.9508657E-01 
