# SumMovie FRC for input stack : stack1.mrc
# Number of micrographs: 1
# Number of frames per movie: 50
# Pixel size (A): 3.0000
# 1/(A)          FRC
# -----------------------
# 
# Micrograph 1 of 1. Score: .546
 0.8333334E-03  0.9999993     
 0.2500000E-02  0.9744726     
 0.4166666E-02  0.9570507     
 0.5833333E-02  0.9207801     
 0.7499999E-02  0.9048905     
 0.9166666E-02  0.7501392     
 0.1083333E-01  0.7274750     
 0.1250000E-01  0.8561781     
 0.1416667E-01  0.9223922     
 0.1583333E-01  0.9261007     
 0.1750000E-01  0.8741284     
 0.1916667E-01  0.6747475     
 0.2083333E-01  0.7635307     
 0.2250000E-01  0.8703836     
 0.2416667E-01  0.9035654     
 0.2583333E-01  0.8720216     
 0.2750000E-01  0.7482997     
 0.2916667E-01  0.6435277     
 0.3083333E-01  0.7087823     
 0.3250000E-01  0.7382798     
 0.3416666E-01  0.6845806     
 0.3583334E-01  0.5450408     
 0.3750000E-01  0.4811213     
 0.3916667E-01  0.4597791     
 0.4083334E-01  0.4487865     
 0.4250000E-01  0.3993440     
 0.4416666E-01  0.2559280     
 0.4583333E-01  0.1668671     
 0.4750000E-01  0.1855454     
 0.4916666E-01  0.9446719E-01 
 0.5083333E-01  0.6176010E-01 
 0.5250000E-01  0.6615981E-01 
 0.5416667E-01  0.1220488     
 0.5583333E-01  0.1867647     
 0.5750000E-01  0.2489205     
 0.5916666E-01  0.3156995     
 0.6083334E-01  0.3419033     
 0.6250000E-01  0.3274671     
 0.6416667E-01  0.2973033     
 0.6583333E-01  0.2696317     
 0.6750000E-01  0.1617118     
 0.6916667E-01  0.1311216     
 0.7083333E-01  0.8558023E-01 
 0.7250000E-01  0.6925479E-01 
 0.7416667E-01  0.1026981     
 0.7583334E-01  0.1618088     
 0.7749999E-01  0.2489042     
 0.7916667E-01  0.2982202     
 0.8083334E-01  0.2857279     
 0.8250000E-01  0.2832428     
 0.8416667E-01  0.2212652     
 0.8583333E-01  0.1226102     
 0.8750000E-01  0.6052234E-01 
 0.8916666E-01  0.3377909E-01 
 0.9083333E-01  0.1253582     
 0.9250000E-01  0.1903542     
 0.9416667E-01  0.2363777     
 0.9583333E-01  0.2454438     
 0.9750000E-01  0.1969605     
 0.9916665E-01  0.1100333     
 0.1008333      0.6518067E-01 
 0.1025000      0.4325569E-01 
 0.1041667      0.1223326     
 0.1058333      0.1541120     
 0.1075000      0.1561541     
 0.1091667      0.1692582     
 0.1108333      0.1258755     
 0.1125000      0.1260940     
 0.1141667      0.4296129E-01 
 0.1158333      0.6123750E-01 
 0.1175000      0.1073423     
 0.1191667      0.1069094     
 0.1208333      0.1100451     
 0.1225000      0.9482142E-01 
 0.1241667      0.4335306E-01 
 0.1258333      0.3698152E-01 
 0.1275000      0.5562881E-01 
 0.1291667      0.1077564     
 0.1308333      0.1230651     
 0.1325000      0.6585614E-01 
 0.1341667      0.4318475E-01 
 0.1358333      0.3335432E-01 
 0.1375000      0.1003618     
 0.1391667      0.6242815E-01 
 0.1408333      0.1024735     
 0.1425000      0.6992593E-01 
 0.1441667      0.2801243E-01 
 0.1458333      0.3164934E-01 
 0.1475000      0.7417696E-01 
 0.1491667      0.5966435E-01 
 0.1508333      0.6664694E-01 
 0.1525000      0.3350933E-01 
 0.1541667      0.5211030E-01 
 0.1558333      0.8509143E-01 
 0.1575000      0.4410160E-01 
 0.1591667      0.2400371E-01 
 0.1608333      0.2980888E-01 
 0.1625000      0.5099995E-01 
 0.1641667      0.3088248E-01 
 0.1658333      0.3378830E-01 
