# SumMovie FRC for input stack : stack11.mrc
# Number of micrographs: 1
# Number of frames per movie: 50
# Pixel size (A): 3.0000
# 1/(A)          FRC
# -----------------------
# 
# Micrograph 1 of 1. Score: .577
 0.8333334E-03  0.9999998     
 0.2500000E-02  0.8505807     
 0.4166666E-02  0.8708272     
 0.5833333E-02  0.8516623     
 0.7499999E-02  0.8578401     
 0.9166666E-02  0.7374272     
 0.1083333E-01  0.6260015     
 0.1250000E-01  0.8537366     
 0.1416667E-01  0.9153610     
 0.1583333E-01  0.9441938     
 0.1750000E-01  0.9082784     
 0.1916667E-01  0.6551740     
 0.2083333E-01  0.7418531     
 0.2250000E-01  0.8761620     
 0.2416667E-01  0.9245664     
 0.2583333E-01  0.8935087     
 0.2750000E-01  0.7465554     
 0.2916667E-01  0.6516660     
 0.3083333E-01  0.7197140     
 0.3250000E-01  0.7775947     
 0.3416666E-01  0.7310132     
 0.3583334E-01  0.5951440     
 0.3750000E-01  0.5326034     
 0.3916667E-01  0.5104539     
 0.4083334E-01  0.5215269     
 0.4250000E-01  0.4078607     
 0.4416666E-01  0.3430167     
 0.4583333E-01  0.3002849     
 0.4750000E-01  0.2185368     
 0.4916666E-01  0.1043283     
 0.5083333E-01  0.7540516E-01 
 0.5250000E-01  0.1380531     
 0.5416667E-01  0.1453719     
 0.5583333E-01  0.2185959     
 0.5750000E-01  0.2999778     
 0.5916666E-01  0.3818676     
 0.6083334E-01  0.3610959     
 0.6250000E-01  0.4218920     
 0.6416667E-01  0.4051350     
 0.6583333E-01  0.3294381     
 0.6750000E-01  0.3055276     
 0.6916667E-01  0.1847863     
 0.7083333E-01  0.1071550     
 0.7250000E-01  0.6822161E-01 
 0.7416667E-01  0.1102581     
 0.7583334E-01  0.2012109     
 0.7749999E-01  0.2833099     
 0.7916667E-01  0.3237771     
 0.8083334E-01  0.3772975     
 0.8250000E-01  0.3362772     
 0.8416667E-01  0.3154763     
 0.8583333E-01  0.2098220     
 0.8750000E-01  0.1013933     
 0.8916666E-01  0.6761181E-01 
 0.9083333E-01  0.1349674     
 0.9250000E-01  0.2393485     
 0.9416667E-01  0.2929102     
 0.9583333E-01  0.2992839     
 0.9750000E-01  0.2685084     
 0.9916665E-01  0.2236719     
 0.1008333      0.1069539     
 0.1025000      0.4358532E-01 
 0.1041667      0.1149943     
 0.1058333      0.1961139     
 0.1075000      0.2386705     
 0.1091667      0.2370642     
 0.1108333      0.2006403     
 0.1125000      0.1354198     
 0.1141667      0.6615739E-01 
 0.1158333      0.8350267E-01 
 0.1175000      0.1422126     
 0.1191667      0.1752987     
 0.1208333      0.1636184     
 0.1225000      0.1355477     
 0.1241667      0.7345523E-01 
 0.1258333      0.6669846E-01 
 0.1275000      0.9074757E-01 
 0.1291667      0.1457832     
 0.1308333      0.1695800     
 0.1325000      0.1657010     
 0.1341667      0.8890021E-01 
 0.1358333      0.5082855E-01 
 0.1375000      0.9663180E-01 
 0.1391667      0.1038783     
 0.1408333      0.1331554     
 0.1425000      0.1038934     
 0.1441667      0.7164384E-01 
 0.1458333      0.4878370E-01 
 0.1475000      0.5836942E-01 
 0.1491667      0.1136196     
 0.1508333      0.1054696     
 0.1525000      0.8444484E-01 
 0.1541667      0.6826474E-01 
 0.1558333      0.6617961E-01 
 0.1575000      0.1184859     
 0.1591667      0.7437529E-01 
 0.1608333      0.6634815E-01 
 0.1625000      0.5786524E-01 
 0.1641667      0.7599929E-01 
 0.1658333      0.9879367E-01 
