# SumMovie FRC for input stack : stack16.mrc
# Number of micrographs: 1
# Number of frames per movie: 50
# Pixel size (A): 3.0000
# 1/(A)          FRC
# -----------------------
# 
# Micrograph 1 of 1. Score: .530
 0.8333334E-03  0.9999994     
 0.2500000E-02  0.9670611     
 0.4166666E-02  0.9459319     
 0.5833333E-02  0.9111857     
 0.7499999E-02  0.8944989     
 0.9166666E-02  0.8415172     
 0.1083333E-01  0.7725013     
 0.1250000E-01  0.8792856     
 0.1416667E-01  0.9336364     
 0.1583333E-01  0.9642307     
 0.1750000E-01  0.9442323     
 0.1916667E-01  0.7668216     
 0.2083333E-01  0.8017451     
 0.2250000E-01  0.8952410     
 0.2416667E-01  0.9360933     
 0.2583333E-01  0.9274547     
 0.2750000E-01  0.8187307     
 0.2916667E-01  0.6856250     
 0.3083333E-01  0.7359224     
 0.3250000E-01  0.7825284     
 0.3416666E-01  0.7044362     
 0.3583334E-01  0.5708395     
 0.3750000E-01  0.4288368     
 0.3916667E-01  0.3599848     
 0.4083334E-01  0.2972789     
 0.4250000E-01  0.1125818     
 0.4416666E-01  0.1229008     
 0.4583333E-01  0.1028044     
 0.4750000E-01  0.1351568     
 0.4916666E-01  0.2725672     
 0.5083333E-01  0.3375225     
 0.5250000E-01  0.3680235     
 0.5416667E-01  0.3647767     
 0.5583333E-01  0.4128307     
 0.5750000E-01  0.3534552     
 0.5916666E-01  0.2672491     
 0.6083334E-01  0.1831412     
 0.6250000E-01  0.9028535E-01 
 0.6416667E-01  0.1069298     
 0.6583333E-01  0.1437532     
 0.6750000E-01  0.2025723     
 0.6916667E-01  0.3081736     
 0.7083333E-01  0.4013658     
 0.7250000E-01  0.3410660     
 0.7416667E-01  0.2787873     
 0.7583334E-01  0.1696238     
 0.7749999E-01  0.1091564     
 0.7916667E-01  0.9299647E-01 
 0.8083334E-01  0.2485138     
 0.8250000E-01  0.2611286     
 0.8416667E-01  0.3386512     
 0.8583333E-01  0.2873188     
 0.8750000E-01  0.1864396     
 0.8916666E-01  0.1131151     
 0.9083333E-01  0.8946858E-01 
 0.9250000E-01  0.1802284     
 0.9416667E-01  0.2450574     
 0.9583333E-01  0.2683269     
 0.9750000E-01  0.2144268     
 0.9916665E-01  0.1155729     
 0.1008333      0.8882492E-01 
 0.1025000      0.1288718     
 0.1041667      0.1889858     
 0.1058333      0.2353137     
 0.1075000      0.1898120     
 0.1091667      0.1277923     
 0.1108333      0.5888568E-01 
 0.1125000      0.1501492     
 0.1141667      0.1786506     
 0.1158333      0.1742919     
 0.1175000      0.1203098     
 0.1191667      0.8766118E-01 
 0.1208333      0.1019247     
 0.1225000      0.1469421     
 0.1241667      0.1630861     
 0.1258333      0.1217273     
 0.1275000      0.8036198E-01 
 0.1291667      0.9127883E-01 
 0.1308333      0.1396002     
 0.1325000      0.1342410     
 0.1341667      0.9859884E-01 
 0.1358333      0.5058589E-01 
 0.1375000      0.1037354     
 0.1391667      0.1292303     
 0.1408333      0.1210349     
 0.1425000      0.7598110E-01 
 0.1441667      0.1003366     
 0.1458333      0.1146480     
 0.1475000      0.1076065     
 0.1491667      0.9617950E-01 
 0.1508333      0.9454980E-01 
 0.1525000      0.1058175     
 0.1541667      0.9574635E-01 
 0.1558333      0.7936090E-01 
 0.1575000      0.7198090E-01 
 0.1591667      0.1018549     
 0.1608333      0.1027352     
 0.1625000      0.6265278E-01 
 0.1641667      0.7294264E-01 
 0.1658333      0.1390420     
