# SumMovie FRC for input stack : stack16.mrc
# Number of micrographs: 1
# Number of frames per movie: 50
# Pixel size (A): 3.0000
# 1/(A)          FRC
# -----------------------
# 
# Micrograph 1 of 1. Score: .527
 0.8333334E-03  0.9999994     
 0.2500000E-02  0.9669569     
 0.4166666E-02  0.9458899     
 0.5833333E-02  0.9108310     
 0.7499999E-02  0.8942347     
 0.9166666E-02  0.8409393     
 0.1083333E-01  0.7711214     
 0.1250000E-01  0.8780985     
 0.1416667E-01  0.9331359     
 0.1583333E-01  0.9634736     
 0.1750000E-01  0.9431964     
 0.1916667E-01  0.7635057     
 0.2083333E-01  0.7989827     
 0.2250000E-01  0.8914238     
 0.2416667E-01  0.9333119     
 0.2583333E-01  0.9239749     
 0.2750000E-01  0.8115193     
 0.2916667E-01  0.6766742     
 0.3083333E-01  0.7292308     
 0.3250000E-01  0.7742240     
 0.3416666E-01  0.6948514     
 0.3583334E-01  0.5519223     
 0.3750000E-01  0.4237884     
 0.3916667E-01  0.3583171     
 0.4083334E-01  0.2931001     
 0.4250000E-01  0.1150784     
 0.4416666E-01  0.1227335     
 0.4583333E-01  0.1076011     
 0.4750000E-01  0.1371207     
 0.4916666E-01  0.2686923     
 0.5083333E-01  0.3267370     
 0.5250000E-01  0.3536518     
 0.5416667E-01  0.3544895     
 0.5583333E-01  0.4014857     
 0.5750000E-01  0.3392613     
 0.5916666E-01  0.2604916     
 0.6083334E-01  0.1696634     
 0.6250000E-01  0.9148980E-01 
 0.6416667E-01  0.1159866     
 0.6583333E-01  0.1400567     
 0.6750000E-01  0.1853292     
 0.6916667E-01  0.2943338     
 0.7083333E-01  0.3823875     
 0.7250000E-01  0.3294122     
 0.7416667E-01  0.2649476     
 0.7583334E-01  0.1614303     
 0.7749999E-01  0.1126845     
 0.7916667E-01  0.9177745E-01 
 0.8083334E-01  0.2422362     
 0.8250000E-01  0.2412831     
 0.8416667E-01  0.3200628     
 0.8583333E-01  0.2736085     
 0.8750000E-01  0.1824381     
 0.8916666E-01  0.1176079     
 0.9083333E-01  0.9907301E-01 
 0.9250000E-01  0.1841309     
 0.9416667E-01  0.2379095     
 0.9583333E-01  0.2489768     
 0.9750000E-01  0.2026184     
 0.9916665E-01  0.1295628     
 0.1008333      0.1106459     
 0.1025000      0.1336863     
 0.1041667      0.1878647     
 0.1058333      0.2233258     
 0.1075000      0.1851637     
 0.1091667      0.1286641     
 0.1108333      0.6890012E-01 
 0.1125000      0.1540019     
 0.1141667      0.1834291     
 0.1158333      0.1732465     
 0.1175000      0.1363275     
 0.1191667      0.8774175E-01 
 0.1208333      0.1172281     
 0.1225000      0.1504000     
 0.1241667      0.1732356     
 0.1258333      0.1286320     
 0.1275000      0.9232265E-01 
 0.1291667      0.1162609     
 0.1308333      0.1380011     
 0.1325000      0.1365616     
 0.1341667      0.1121113     
 0.1358333      0.7323967E-01 
 0.1375000      0.1297505     
 0.1391667      0.1371516     
 0.1408333      0.1418967     
 0.1425000      0.9969278E-01 
 0.1441667      0.1203520     
 0.1458333      0.1203976     
 0.1475000      0.1174644     
 0.1491667      0.1230116     
 0.1508333      0.9722289E-01 
 0.1525000      0.1314632     
 0.1541667      0.1161598     
 0.1558333      0.9881940E-01 
 0.1575000      0.9596796E-01 
 0.1591667      0.1084318     
 0.1608333      0.1216037     
 0.1625000      0.7265087E-01 
 0.1641667      0.9742144E-01 
 0.1658333      0.1364932     
