# SumMovie FRC for input stack : stack1.mrc
# Number of micrographs: 1
# Number of frames per movie: 50
# Pixel size (A): 3.0000
# 1/(A)          FRC
# -----------------------
# 
# Micrograph 1 of 1. Score: .546
 0.8333334E-03  0.9999993     
 0.2500000E-02  0.9744614     
 0.4166666E-02  0.9570731     
 0.5833333E-02  0.9207936     
 0.7499999E-02  0.9049180     
 0.9166666E-02  0.7498139     
 0.1083333E-01  0.7272747     
 0.1250000E-01  0.8558779     
 0.1416667E-01  0.9223933     
 0.1583333E-01  0.9257182     
 0.1750000E-01  0.8740909     
 0.1916667E-01  0.6739445     
 0.2083333E-01  0.7637480     
 0.2250000E-01  0.8706331     
 0.2416667E-01  0.9035236     
 0.2583333E-01  0.8720741     
 0.2750000E-01  0.7482201     
 0.2916667E-01  0.6430107     
 0.3083333E-01  0.7087507     
 0.3250000E-01  0.7391176     
 0.3416666E-01  0.6854282     
 0.3583334E-01  0.5465942     
 0.3750000E-01  0.4828054     
 0.3916667E-01  0.4596083     
 0.4083334E-01  0.4496721     
 0.4250000E-01  0.3984295     
 0.4416666E-01  0.2550570     
 0.4583333E-01  0.1675573     
 0.4750000E-01  0.1853433     
 0.4916666E-01  0.9459698E-01 
 0.5083333E-01  0.6128288E-01 
 0.5250000E-01  0.6947365E-01 
 0.5416667E-01  0.1214034     
 0.5583333E-01  0.1871641     
 0.5750000E-01  0.2526232     
 0.5916666E-01  0.3175763     
 0.6083334E-01  0.3446958     
 0.6250000E-01  0.3296471     
 0.6416667E-01  0.2986752     
 0.6583333E-01  0.2719221     
 0.6750000E-01  0.1615983     
 0.6916667E-01  0.1315627     
 0.7083333E-01  0.8770858E-01 
 0.7250000E-01  0.6742117E-01 
 0.7416667E-01  0.1028340     
 0.7583334E-01  0.1615764     
 0.7749999E-01  0.2493283     
 0.7916667E-01  0.2987632     
 0.8083334E-01  0.2884688     
 0.8250000E-01  0.2882198     
 0.8416667E-01  0.2230424     
 0.8583333E-01  0.1226856     
 0.8750000E-01  0.5962602E-01 
 0.8916666E-01  0.3513100E-01 
 0.9083333E-01  0.1285769     
 0.9250000E-01  0.1944962     
 0.9416667E-01  0.2370230     
 0.9583333E-01  0.2478064     
 0.9750000E-01  0.1962475     
 0.9916665E-01  0.1103670     
 0.1008333      0.6765567E-01 
 0.1025000      0.4317708E-01 
 0.1041667      0.1224247     
 0.1058333      0.1556282     
 0.1075000      0.1557926     
 0.1091667      0.1745512     
 0.1108333      0.1303887     
 0.1125000      0.1286181     
 0.1141667      0.4374898E-01 
 0.1158333      0.6290880E-01 
 0.1175000      0.1070039     
 0.1191667      0.1111198     
 0.1208333      0.1101437     
 0.1225000      0.9565323E-01 
 0.1241667      0.4686683E-01 
 0.1258333      0.3797581E-01 
 0.1275000      0.5678768E-01 
 0.1291667      0.1117741     
 0.1308333      0.1257271     
 0.1325000      0.6782639E-01 
 0.1341667      0.4244014E-01 
 0.1358333      0.3239568E-01 
 0.1375000      0.9937240E-01 
 0.1391667      0.6790975E-01 
 0.1408333      0.1023821     
 0.1425000      0.7049745E-01 
 0.1441667      0.3374075E-01 
 0.1458333      0.4010296E-01 
 0.1475000      0.7537636E-01 
 0.1491667      0.6384128E-01 
 0.1508333      0.7002967E-01 
 0.1525000      0.3467505E-01 
 0.1541667      0.5677120E-01 
 0.1558333      0.7958267E-01 
 0.1575000      0.4563073E-01 
 0.1591667      0.2264487E-01 
 0.1608333      0.3924461E-01 
 0.1625000      0.5292710E-01 
 0.1641667      0.3239509E-01 
 0.1658333      0.2913119E-01 
