# SumMovie FRC for input stack : stack6.mrc
# Number of micrographs: 1
# Number of frames per movie: 50
# Pixel size (A): 3.0000
# 1/(A)          FRC
# -----------------------
# 
# Micrograph 1 of 1. Score: .557
 0.8333334E-03  0.9999998     
 0.2500000E-02  0.9512603     
 0.4166666E-02  0.9316083     
 0.5833333E-02  0.8459576     
 0.7499999E-02  0.8637915     
 0.9166666E-02  0.6694839     
 0.1083333E-01  0.6503429     
 0.1250000E-01  0.8443019     
 0.1416667E-01  0.8793790     
 0.1583333E-01  0.9283237     
 0.1750000E-01  0.8873748     
 0.1916667E-01  0.5959411     
 0.2083333E-01  0.6514555     
 0.2250000E-01  0.8176688     
 0.2416667E-01  0.8833700     
 0.2583333E-01  0.8320988     
 0.2750000E-01  0.7061831     
 0.2916667E-01  0.5948527     
 0.3083333E-01  0.6517848     
 0.3250000E-01  0.6940042     
 0.3416666E-01  0.6652573     
 0.3583334E-01  0.5531042     
 0.3750000E-01  0.4933804     
 0.3916667E-01  0.4748967     
 0.4083334E-01  0.4973506     
 0.4250000E-01  0.4136877     
 0.4416666E-01  0.3541580     
 0.4583333E-01  0.3081446     
 0.4750000E-01  0.2708378     
 0.4916666E-01  0.1944297     
 0.5083333E-01  0.1178232     
 0.5250000E-01  0.1503429     
 0.5416667E-01  0.9375279E-01 
 0.5583333E-01  0.1415260     
 0.5750000E-01  0.1268917     
 0.5916666E-01  0.1889081     
 0.6083334E-01  0.2407327     
 0.6250000E-01  0.2746816     
 0.6416667E-01  0.2980619     
 0.6583333E-01  0.2975855     
 0.6750000E-01  0.3092345     
 0.6916667E-01  0.3016630     
 0.7083333E-01  0.2416929     
 0.7250000E-01  0.2035163     
 0.7416667E-01  0.1468589     
 0.7583334E-01  0.1010716     
 0.7749999E-01  0.8189727E-01 
 0.7916667E-01  0.1142959     
 0.8083334E-01  0.1659561     
 0.8250000E-01  0.2014185     
 0.8416667E-01  0.2387649     
 0.8583333E-01  0.2667887     
 0.8750000E-01  0.2401787     
 0.8916666E-01  0.2575445     
 0.9083333E-01  0.1275969     
 0.9250000E-01  0.1377284     
 0.9416667E-01  0.9018442E-01 
 0.9583333E-01  0.1363808     
 0.9750000E-01  0.1394694     
 0.9916665E-01  0.1678398     
 0.1008333      0.1825319     
 0.1025000      0.2043259     
 0.1041667      0.1944272     
 0.1058333      0.1292366     
 0.1075000      0.1204615     
 0.1091667      0.8496985E-01 
 0.1108333      0.9347209E-01 
 0.1125000      0.1378510     
 0.1141667      0.1525410     
 0.1158333      0.2011589     
 0.1175000      0.1702117     
 0.1191667      0.1503527     
 0.1208333      0.1289444     
 0.1225000      0.9332400E-01 
 0.1241667      0.1147015     
 0.1258333      0.1153715     
 0.1275000      0.1712872     
 0.1291667      0.1555355     
 0.1308333      0.1677354     
 0.1325000      0.9442773E-01 
 0.1341667      0.8734335E-01 
 0.1358333      0.1199986     
 0.1375000      0.1154044     
 0.1391667      0.1135108     
 0.1408333      0.1444818     
 0.1425000      0.1080186     
 0.1441667      0.1078736     
 0.1458333      0.9845248E-01 
 0.1475000      0.1340187     
 0.1491667      0.1409401     
 0.1508333      0.1474901     
 0.1525000      0.1352633     
 0.1541667      0.8957131E-01 
 0.1558333      0.1202257     
 0.1575000      0.1152591     
 0.1591667      0.1409120     
 0.1608333      0.1411757     
 0.1625000      0.1098244     
 0.1641667      0.1034105     
 0.1658333      0.9544951E-01 
