# SumMovie FRC for input stack : stack11.mrc
# Number of micrographs: 1
# Number of frames per movie: 50
# Pixel size (A): 3.0000
# 1/(A)          FRC
# -----------------------
# 
# Micrograph 1 of 1. Score: .577
 0.8333334E-03  0.9999998     
 0.2500000E-02  0.8506439     
 0.4166666E-02  0.8709565     
 0.5833333E-02  0.8516095     
 0.7499999E-02  0.8579499     
 0.9166666E-02  0.7376231     
 0.1083333E-01  0.6258391     
 0.1250000E-01  0.8540168     
 0.1416667E-01  0.9155297     
 0.1583333E-01  0.9441629     
 0.1750000E-01  0.9083354     
 0.1916667E-01  0.6541851     
 0.2083333E-01  0.7417839     
 0.2250000E-01  0.8761260     
 0.2416667E-01  0.9249378     
 0.2583333E-01  0.8933363     
 0.2750000E-01  0.7467268     
 0.2916667E-01  0.6522882     
 0.3083333E-01  0.7207974     
 0.3250000E-01  0.7782841     
 0.3416666E-01  0.7324243     
 0.3583334E-01  0.5953190     
 0.3750000E-01  0.5328602     
 0.3916667E-01  0.5113416     
 0.4083334E-01  0.5213961     
 0.4250000E-01  0.4077826     
 0.4416666E-01  0.3426262     
 0.4583333E-01  0.3002267     
 0.4750000E-01  0.2175245     
 0.4916666E-01  0.1030001     
 0.5083333E-01  0.7439899E-01 
 0.5250000E-01  0.1385810     
 0.5416667E-01  0.1445480     
 0.5583333E-01  0.2169146     
 0.5750000E-01  0.2997255     
 0.5916666E-01  0.3849227     
 0.6083334E-01  0.3618545     
 0.6250000E-01  0.4236289     
 0.6416667E-01  0.4060378     
 0.6583333E-01  0.3285409     
 0.6750000E-01  0.3031407     
 0.6916667E-01  0.1810451     
 0.7083333E-01  0.1065037     
 0.7250000E-01  0.6228527E-01 
 0.7416667E-01  0.1091384     
 0.7583334E-01  0.2006740     
 0.7749999E-01  0.2847958     
 0.7916667E-01  0.3249994     
 0.8083334E-01  0.3795483     
 0.8250000E-01  0.3378003     
 0.8416667E-01  0.3177297     
 0.8583333E-01  0.2062351     
 0.8750000E-01  0.1006694     
 0.8916666E-01  0.6509416E-01 
 0.9083333E-01  0.1333110     
 0.9250000E-01  0.2398575     
 0.9416667E-01  0.2898782     
 0.9583333E-01  0.2964503     
 0.9750000E-01  0.2674009     
 0.9916665E-01  0.2163144     
 0.1008333      0.1047995     
 0.1025000      0.3630237E-01 
 0.1041667      0.1094636     
 0.1058333      0.1874188     
 0.1075000      0.2361343     
 0.1091667      0.2335033     
 0.1108333      0.1979325     
 0.1125000      0.1286044     
 0.1141667      0.5841661E-01 
 0.1158333      0.7960500E-01 
 0.1175000      0.1376923     
 0.1191667      0.1687543     
 0.1208333      0.1616981     
 0.1225000      0.1308520     
 0.1241667      0.7231401E-01 
 0.1258333      0.6053290E-01 
 0.1275000      0.8821102E-01 
 0.1291667      0.1407803     
 0.1308333      0.1665430     
 0.1325000      0.1607286     
 0.1341667      0.8510417E-01 
 0.1358333      0.4720180E-01 
 0.1375000      0.8749565E-01 
 0.1391667      0.9802153E-01 
 0.1408333      0.1266527     
 0.1425000      0.9881725E-01 
 0.1441667      0.6602284E-01 
 0.1458333      0.4107512E-01 
 0.1475000      0.5563398E-01 
 0.1491667      0.1100961     
 0.1508333      0.9743571E-01 
 0.1525000      0.7862847E-01 
 0.1541667      0.6204592E-01 
 0.1558333      0.5959381E-01 
 0.1575000      0.1129104     
 0.1591667      0.6874146E-01 
 0.1608333      0.6014731E-01 
 0.1625000      0.5614502E-01 
 0.1641667      0.6754117E-01 
 0.1658333      0.9067130E-01 
