# SumMovie FRC for input stack : stack16.mrc
# Number of micrographs: 1
# Number of frames per movie: 50
# Pixel size (A): 3.0000
# 1/(A)          FRC
# -----------------------
# 
# Micrograph 1 of 1. Score: .528
 0.8333334E-03  0.9999994     
 0.2500000E-02  0.9669918     
 0.4166666E-02  0.9459117     
 0.5833333E-02  0.9109386     
 0.7499999E-02  0.8942872     
 0.9166666E-02  0.8411350     
 0.1083333E-01  0.7715154     
 0.1250000E-01  0.8784809     
 0.1416667E-01  0.9333094     
 0.1583333E-01  0.9637060     
 0.1750000E-01  0.9435326     
 0.1916667E-01  0.7646058     
 0.2083333E-01  0.7998720     
 0.2250000E-01  0.8926051     
 0.2416667E-01  0.9342428     
 0.2583333E-01  0.9251353     
 0.2750000E-01  0.8139142     
 0.2916667E-01  0.6795214     
 0.3083333E-01  0.7315863     
 0.3250000E-01  0.7769518     
 0.3416666E-01  0.6980210     
 0.3583334E-01  0.5580387     
 0.3750000E-01  0.4258543     
 0.3916667E-01  0.3589180     
 0.4083334E-01  0.2952406     
 0.4250000E-01  0.1143414     
 0.4416666E-01  0.1227415     
 0.4583333E-01  0.1060793     
 0.4750000E-01  0.1366164     
 0.4916666E-01  0.2707865     
 0.5083333E-01  0.3307207     
 0.5250000E-01  0.3591443     
 0.5416667E-01  0.3581328     
 0.5583333E-01  0.4058144     
 0.5750000E-01  0.3447648     
 0.5916666E-01  0.2635192     
 0.6083334E-01  0.1750000     
 0.6250000E-01  0.9124096E-01 
 0.6416667E-01  0.1136885     
 0.6583333E-01  0.1418883     
 0.6750000E-01  0.1913247     
 0.6916667E-01  0.2997748     
 0.7083333E-01  0.3904662     
 0.7250000E-01  0.3333608     
 0.7416667E-01  0.2703001     
 0.7583334E-01  0.1642573     
 0.7749999E-01  0.1123355     
 0.7916667E-01  0.9283739E-01 
 0.8083334E-01  0.2458141     
 0.8250000E-01  0.2484722     
 0.8416667E-01  0.3266245     
 0.8583333E-01  0.2792262     
 0.8750000E-01  0.1845465     
 0.8916666E-01  0.1173333     
 0.9083333E-01  0.9842047E-01 
 0.9250000E-01  0.1830936     
 0.9416667E-01  0.2412515     
 0.9583333E-01  0.2561435     
 0.9750000E-01  0.2068726     
 0.9916665E-01  0.1264659     
 0.1008333      0.1052773     
 0.1025000      0.1341565     
 0.1041667      0.1899334     
 0.1058333      0.2285968     
 0.1075000      0.1874057     
 0.1091667      0.1302096     
 0.1108333      0.6822462E-01 
 0.1125000      0.1534450     
 0.1141667      0.1825866     
 0.1158333      0.1724634     
 0.1175000      0.1343220     
 0.1191667      0.9064556E-01 
 0.1208333      0.1154453     
 0.1225000      0.1497315     
 0.1241667      0.1706350     
 0.1258333      0.1290314     
 0.1275000      0.8944733E-01 
 0.1291667      0.1080532     
 0.1308333      0.1390744     
 0.1325000      0.1353059     
 0.1341667      0.1090727     
 0.1358333      0.6509925E-01 
 0.1375000      0.1216578     
 0.1391667      0.1353713     
 0.1408333      0.1351059     
 0.1425000      0.9138215E-01 
 0.1441667      0.1168983     
 0.1458333      0.1195588     
 0.1475000      0.1152862     
 0.1491667      0.1193707     
 0.1508333      0.9905102E-01 
 0.1525000      0.1228950     
 0.1541667      0.1131708     
 0.1558333      0.9130001E-01 
 0.1575000      0.9253065E-01 
 0.1591667      0.1083247     
 0.1608333      0.1144489     
 0.1625000      0.7064209E-01 
 0.1641667      0.9292185E-01 
 0.1658333      0.1367187     
