# SumMovie FRC for input stack : stack16.mrc
# Number of micrographs: 1
# Number of frames per movie: 50
# Pixel size (A): 3.0000
# 1/(A)          FRC
# -----------------------
# 
# Micrograph 1 of 1. Score: .531
 0.8333334E-03  0.9999994     
 0.2500000E-02  0.9670845     
 0.4166666E-02  0.9459256     
 0.5833333E-02  0.9112760     
 0.7499999E-02  0.8945972     
 0.9166666E-02  0.8416809     
 0.1083333E-01  0.7728386     
 0.1250000E-01  0.8795680     
 0.1416667E-01  0.9337494     
 0.1583333E-01  0.9644265     
 0.1750000E-01  0.9444644     
 0.1916667E-01  0.7675884     
 0.2083333E-01  0.8022361     
 0.2250000E-01  0.8960653     
 0.2416667E-01  0.9366539     
 0.2583333E-01  0.9281010     
 0.2750000E-01  0.8203573     
 0.2916667E-01  0.6875284     
 0.3083333E-01  0.7371910     
 0.3250000E-01  0.7843443     
 0.3416666E-01  0.7070282     
 0.3583334E-01  0.5750093     
 0.3750000E-01  0.4300288     
 0.3916667E-01  0.3613308     
 0.4083334E-01  0.2969902     
 0.4250000E-01  0.1125252     
 0.4416666E-01  0.1232751     
 0.4583333E-01  0.1015349     
 0.4750000E-01  0.1350889     
 0.4916666E-01  0.2729949     
 0.5083333E-01  0.3394115     
 0.5250000E-01  0.3703740     
 0.5416667E-01  0.3667088     
 0.5583333E-01  0.4149779     
 0.5750000E-01  0.3554976     
 0.5916666E-01  0.2685322     
 0.6083334E-01  0.1854751     
 0.6250000E-01  0.8947693E-01 
 0.6416667E-01  0.1055268     
 0.6583333E-01  0.1436979     
 0.6750000E-01  0.2059514     
 0.6916667E-01  0.3100954     
 0.7083333E-01  0.4029519     
 0.7250000E-01  0.3444797     
 0.7416667E-01  0.2805147     
 0.7583334E-01  0.1711210     
 0.7749999E-01  0.1068457     
 0.7916667E-01  0.9197988E-01 
 0.8083334E-01  0.2485113     
 0.8250000E-01  0.2640585     
 0.8416667E-01  0.3419529     
 0.8583333E-01  0.2883815     
 0.8750000E-01  0.1863434     
 0.8916666E-01  0.1115811     
 0.9083333E-01  0.8511799E-01 
 0.9250000E-01  0.1793534     
 0.9416667E-01  0.2460015     
 0.9583333E-01  0.2709731     
 0.9750000E-01  0.2174631     
 0.9916665E-01  0.1109437     
 0.1008333      0.8480025E-01 
 0.1025000      0.1271624     
 0.1041667      0.1864468     
 0.1058333      0.2345710     
 0.1075000      0.1901101     
 0.1091667      0.1255118     
 0.1108333      0.5365909E-01 
 0.1125000      0.1499786     
 0.1141667      0.1775473     
 0.1158333      0.1775669     
 0.1175000      0.1170022     
 0.1191667      0.8283851E-01 
 0.1208333      0.9655879E-01 
 0.1225000      0.1466727     
 0.1241667      0.1633579     
 0.1258333      0.1181726     
 0.1275000      0.7755122E-01 
 0.1291667      0.8779920E-01 
 0.1308333      0.1406940     
 0.1325000      0.1346960     
 0.1341667      0.9645194E-01 
 0.1358333      0.4984689E-01 
 0.1375000      0.9971225E-01 
 0.1391667      0.1274750     
 0.1408333      0.1191832     
 0.1425000      0.7446297E-01 
 0.1441667      0.9488261E-01 
 0.1458333      0.1127244     
 0.1475000      0.1064638     
 0.1491667      0.9002088E-01 
 0.1508333      0.9141185E-01 
 0.1525000      0.1053027     
 0.1541667      0.9297276E-01 
 0.1558333      0.7893582E-01 
 0.1575000      0.6560803E-01 
 0.1591667      0.9958270E-01 
 0.1608333      0.1023970     
 0.1625000      0.6049379E-01 
 0.1641667      0.6577167E-01 
 0.1658333      0.1407861     
