# SumMovie FRC for input stack : stack11.mrc
# Number of micrographs: 1
# Number of frames per movie: 50
# Pixel size (A): 3.0000
# 1/(A)          FRC
# -----------------------
# 
# Micrograph 1 of 1. Score: .577
 0.8333334E-03  0.9999998     
 0.2500000E-02  0.8506079     
 0.4166666E-02  0.8708581     
 0.5833333E-02  0.8516608     
 0.7499999E-02  0.8578861     
 0.9166666E-02  0.7374825     
 0.1083333E-01  0.6257826     
 0.1250000E-01  0.8538124     
 0.1416667E-01  0.9153946     
 0.1583333E-01  0.9441767     
 0.1750000E-01  0.9082849     
 0.1916667E-01  0.6549241     
 0.2083333E-01  0.7418305     
 0.2250000E-01  0.8762106     
 0.2416667E-01  0.9247000     
 0.2583333E-01  0.8935112     
 0.2750000E-01  0.7466149     
 0.2916667E-01  0.6519368     
 0.3083333E-01  0.7199575     
 0.3250000E-01  0.7777416     
 0.3416666E-01  0.7313424     
 0.3583334E-01  0.5953654     
 0.3750000E-01  0.5329390     
 0.3916667E-01  0.5108194     
 0.4083334E-01  0.5214242     
 0.4250000E-01  0.4079062     
 0.4416666E-01  0.3428939     
 0.4583333E-01  0.3001130     
 0.4750000E-01  0.2179717     
 0.4916666E-01  0.1040398     
 0.5083333E-01  0.7557835E-01 
 0.5250000E-01  0.1381341     
 0.5416667E-01  0.1451498     
 0.5583333E-01  0.2181166     
 0.5750000E-01  0.3000124     
 0.5916666E-01  0.3828724     
 0.6083334E-01  0.3610788     
 0.6250000E-01  0.4225254     
 0.6416667E-01  0.4055669     
 0.6583333E-01  0.3292798     
 0.6750000E-01  0.3050945     
 0.6916667E-01  0.1842524     
 0.7083333E-01  0.1068042     
 0.7250000E-01  0.6697995E-01 
 0.7416667E-01  0.1102449     
 0.7583334E-01  0.2010749     
 0.7749999E-01  0.2836965     
 0.7916667E-01  0.3241822     
 0.8083334E-01  0.3782042     
 0.8250000E-01  0.3368042     
 0.8416667E-01  0.3163103     
 0.8583333E-01  0.2093644     
 0.8750000E-01  0.1014083     
 0.8916666E-01  0.6733145E-01 
 0.9083333E-01  0.1351192     
 0.9250000E-01  0.2394881     
 0.9416667E-01  0.2927893     
 0.9583333E-01  0.2987742     
 0.9750000E-01  0.2682852     
 0.9916665E-01  0.2220358     
 0.1008333      0.1061630     
 0.1025000      0.4205211E-01 
 0.1041667      0.1136786     
 0.1058333      0.1936807     
 0.1075000      0.2381296     
 0.1091667      0.2365304     
 0.1108333      0.1996828     
 0.1125000      0.1340071     
 0.1141667      0.6422688E-01 
 0.1158333      0.8222629E-01 
 0.1175000      0.1406136     
 0.1191667      0.1735842     
 0.1208333      0.1634560     
 0.1225000      0.1342729     
 0.1241667      0.7279766E-01 
 0.1258333      0.6565440E-01 
 0.1275000      0.8971169E-01 
 0.1291667      0.1450187     
 0.1308333      0.1687132     
 0.1325000      0.1642109     
 0.1341667      0.8880482E-01 
 0.1358333      0.5073540E-01 
 0.1375000      0.9426405E-01 
 0.1391667      0.1023565     
 0.1408333      0.1319090     
 0.1425000      0.1027365     
 0.1441667      0.6954629E-01 
 0.1458333      0.4662208E-01 
 0.1475000      0.5719265E-01 
 0.1491667      0.1127969     
 0.1508333      0.1031445     
 0.1525000      0.8304529E-01 
 0.1541667      0.6572223E-01 
 0.1558333      0.6496437E-01 
 0.1575000      0.1172721     
 0.1591667      0.7248332E-01 
 0.1608333      0.6452090E-01 
 0.1625000      0.5784094E-01 
 0.1641667      0.7428098E-01 
 0.1658333      0.9666464E-01 
