# SumMovie FRC for input stack : stack11.mrc
# Number of micrographs: 1
# Number of frames per movie: 50
# Pixel size (A): 3.0000
# 1/(A)          FRC
# -----------------------
# 
# Micrograph 1 of 1. Score: .573
 0.8333334E-03  0.9999998     
 0.2500000E-02  0.8502802     
 0.4166666E-02  0.8703434     
 0.5833333E-02  0.8519018     
 0.7499999E-02  0.8574405     
 0.9166666E-02  0.7368825     
 0.1083333E-01  0.6259089     
 0.1250000E-01  0.8524189     
 0.1416667E-01  0.9142917     
 0.1583333E-01  0.9438965     
 0.1750000E-01  0.9073218     
 0.1916667E-01  0.6579642     
 0.2083333E-01  0.7399208     
 0.2250000E-01  0.8754097     
 0.2416667E-01  0.9222104     
 0.2583333E-01  0.8926381     
 0.2750000E-01  0.7428144     
 0.2916667E-01  0.6430913     
 0.3083333E-01  0.7120104     
 0.3250000E-01  0.7723422     
 0.3416666E-01  0.7217402     
 0.3583334E-01  0.5901649     
 0.3750000E-01  0.5249941     
 0.3916667E-01  0.5007352     
 0.4083334E-01  0.5180380     
 0.4250000E-01  0.4025786     
 0.4416666E-01  0.3382844     
 0.4583333E-01  0.2923725     
 0.4750000E-01  0.2203242     
 0.4916666E-01  0.1081303     
 0.5083333E-01  0.7635687E-01 
 0.5250000E-01  0.1373364     
 0.5416667E-01  0.1406250     
 0.5583333E-01  0.2222699     
 0.5750000E-01  0.2972679     
 0.5916666E-01  0.3631114     
 0.6083334E-01  0.3568243     
 0.6250000E-01  0.4047009     
 0.6416667E-01  0.3921832     
 0.6583333E-01  0.3146401     
 0.6750000E-01  0.3011036     
 0.6916667E-01  0.1905178     
 0.7083333E-01  0.1111961     
 0.7250000E-01  0.8376966E-01 
 0.7416667E-01  0.1108788     
 0.7583334E-01  0.1986733     
 0.7749999E-01  0.2698054     
 0.7916667E-01  0.3142515     
 0.8083334E-01  0.3560732     
 0.8250000E-01  0.3226975     
 0.8416667E-01  0.2985241     
 0.8583333E-01  0.2085468     
 0.8750000E-01  0.9787469E-01 
 0.8916666E-01  0.7543170E-01 
 0.9083333E-01  0.1312086     
 0.9250000E-01  0.2263769     
 0.9416667E-01  0.2891676     
 0.9583333E-01  0.3036952     
 0.9750000E-01  0.2587707     
 0.9916665E-01  0.2373544     
 0.1008333      0.1124826     
 0.1025000      0.7702085E-01 
 0.1041667      0.1351527     
 0.1058333      0.2171581     
 0.1075000      0.2253961     
 0.1091667      0.2494817     
 0.1108333      0.2097671     
 0.1125000      0.1523043     
 0.1141667      0.9548986E-01 
 0.1158333      0.9281533E-01 
 0.1175000      0.1641059     
 0.1191667      0.1920670     
 0.1208333      0.1647244     
 0.1225000      0.1478471     
 0.1241667      0.8989750E-01 
 0.1258333      0.9554250E-01 
 0.1275000      0.1063368     
 0.1291667      0.1652877     
 0.1308333      0.1689601     
 0.1325000      0.1823886     
 0.1341667      0.1073099     
 0.1358333      0.6716705E-01 
 0.1375000      0.1276115     
 0.1391667      0.1166785     
 0.1408333      0.1543615     
 0.1425000      0.1170300     
 0.1441667      0.1064196     
 0.1458333      0.9374092E-01 
 0.1475000      0.9051923E-01 
 0.1491667      0.1215102     
 0.1508333      0.1417467     
 0.1525000      0.1071404     
 0.1541667      0.9525426E-01 
 0.1558333      0.1037406     
 0.1575000      0.1401607     
 0.1591667      0.1022116     
 0.1608333      0.1060785     
 0.1625000      0.8701827E-01 
 0.1641667      0.1188945     
 0.1658333      0.1354734     
