# SumMovie FRC for input stack : stack11.mrc
# Number of micrographs: 1
# Number of frames per movie: 50
# Pixel size (A): 3.0000
# 1/(A)          FRC
# -----------------------
# 
# Micrograph 1 of 1. Score: .577
 0.8333334E-03  0.9999998     
 0.2500000E-02  0.8506168     
 0.4166666E-02  0.8708842     
 0.5833333E-02  0.8516808     
 0.7499999E-02  0.8579289     
 0.9166666E-02  0.7378221     
 0.1083333E-01  0.6258754     
 0.1250000E-01  0.8538802     
 0.1416667E-01  0.9154195     
 0.1583333E-01  0.9442164     
 0.1750000E-01  0.9083189     
 0.1916667E-01  0.6550965     
 0.2083333E-01  0.7417910     
 0.2250000E-01  0.8761689     
 0.2416667E-01  0.9247319     
 0.2583333E-01  0.8933560     
 0.2750000E-01  0.7467147     
 0.2916667E-01  0.6520677     
 0.3083333E-01  0.7201232     
 0.3250000E-01  0.7781794     
 0.3416666E-01  0.7313672     
 0.3583334E-01  0.5954223     
 0.3750000E-01  0.5329036     
 0.3916667E-01  0.5110025     
 0.4083334E-01  0.5216521     
 0.4250000E-01  0.4072715     
 0.4416666E-01  0.3423201     
 0.4583333E-01  0.3002853     
 0.4750000E-01  0.2191505     
 0.4916666E-01  0.1039346     
 0.5083333E-01  0.7645933E-01 
 0.5250000E-01  0.1389641     
 0.5416667E-01  0.1455218     
 0.5583333E-01  0.2191876     
 0.5750000E-01  0.2997107     
 0.5916666E-01  0.3830279     
 0.6083334E-01  0.3614486     
 0.6250000E-01  0.4224133     
 0.6416667E-01  0.4057758     
 0.6583333E-01  0.3277691     
 0.6750000E-01  0.3043996     
 0.6916667E-01  0.1818854     
 0.7083333E-01  0.1058201     
 0.7250000E-01  0.6704258E-01 
 0.7416667E-01  0.1082214     
 0.7583334E-01  0.2024602     
 0.7749999E-01  0.2826707     
 0.7916667E-01  0.3220589     
 0.8083334E-01  0.3775694     
 0.8250000E-01  0.3361628     
 0.8416667E-01  0.3163284     
 0.8583333E-01  0.2095084     
 0.8750000E-01  0.1006348     
 0.8916666E-01  0.6857787E-01 
 0.9083333E-01  0.1339850     
 0.9250000E-01  0.2388840     
 0.9416667E-01  0.2916782     
 0.9583333E-01  0.2975145     
 0.9750000E-01  0.2681428     
 0.9916665E-01  0.2199782     
 0.1008333      0.1068068     
 0.1025000      0.4269257E-01 
 0.1041667      0.1142527     
 0.1058333      0.1926523     
 0.1075000      0.2373116     
 0.1091667      0.2362638     
 0.1108333      0.1981561     
 0.1125000      0.1329709     
 0.1141667      0.6466665E-01 
 0.1158333      0.8269352E-01 
 0.1175000      0.1393678     
 0.1191667      0.1749683     
 0.1208333      0.1623749     
 0.1225000      0.1310046     
 0.1241667      0.7413936E-01 
 0.1258333      0.6438933E-01 
 0.1275000      0.9209728E-01 
 0.1291667      0.1437161     
 0.1308333      0.1661391     
 0.1325000      0.1634510     
 0.1341667      0.8789045E-01 
 0.1358333      0.4809337E-01 
 0.1375000      0.9469531E-01 
 0.1391667      0.1013923     
 0.1408333      0.1278609     
 0.1425000      0.1027840     
 0.1441667      0.7011180E-01 
 0.1458333      0.4737210E-01 
 0.1475000      0.5693679E-01 
 0.1491667      0.1111581     
 0.1508333      0.1048785     
 0.1525000      0.8236788E-01 
 0.1541667      0.6559373E-01 
 0.1558333      0.6391281E-01 
 0.1575000      0.1156571     
 0.1591667      0.7004453E-01 
 0.1608333      0.6400853E-01 
 0.1625000      0.5892906E-01 
 0.1641667      0.7294814E-01 
 0.1658333      0.9377506E-01 
