# SumMovie FRC for input stack : stack11.mrc
# Number of micrographs: 1
# Number of frames per movie: 50
# Pixel size (A): 3.0000
# 1/(A)          FRC
# -----------------------
# 
# Micrograph 1 of 1. Score: .575
 0.8333334E-03  0.9999998     
 0.2500000E-02  0.8504285     
 0.4166666E-02  0.8705532     
 0.5833333E-02  0.8519016     
 0.7499999E-02  0.8575951     
 0.9166666E-02  0.7372428     
 0.1083333E-01  0.6258593     
 0.1250000E-01  0.8528395     
 0.1416667E-01  0.9146073     
 0.1583333E-01  0.9439896     
 0.1750000E-01  0.9076170     
 0.1916667E-01  0.6575190     
 0.2083333E-01  0.7404632     
 0.2250000E-01  0.8758608     
 0.2416667E-01  0.9230022     
 0.2583333E-01  0.8930079     
 0.2750000E-01  0.7440953     
 0.2916667E-01  0.6459534     
 0.3083333E-01  0.7143346     
 0.3250000E-01  0.7742978     
 0.3416666E-01  0.7245164     
 0.3583334E-01  0.5921813     
 0.3750000E-01  0.5276988     
 0.3916667E-01  0.5039307     
 0.4083334E-01  0.5199375     
 0.4250000E-01  0.4040074     
 0.4416666E-01  0.3403873     
 0.4583333E-01  0.2954173     
 0.4750000E-01  0.2209900     
 0.4916666E-01  0.1083403     
 0.5083333E-01  0.7679185E-01 
 0.5250000E-01  0.1381104     
 0.5416667E-01  0.1427673     
 0.5583333E-01  0.2228934     
 0.5750000E-01  0.2998042     
 0.5916666E-01  0.3690129     
 0.6083334E-01  0.3589588     
 0.6250000E-01  0.4112400     
 0.6416667E-01  0.3973782     
 0.6583333E-01  0.3202460     
 0.6750000E-01  0.3034323     
 0.6916667E-01  0.1899790     
 0.7083333E-01  0.1105455     
 0.7250000E-01  0.8100764E-01 
 0.7416667E-01  0.1105289     
 0.7583334E-01  0.2013663     
 0.7749999E-01  0.2736563     
 0.7916667E-01  0.3174610     
 0.8083334E-01  0.3636434     
 0.8250000E-01  0.3263442     
 0.8416667E-01  0.3035878     
 0.8583333E-01  0.2110132     
 0.8750000E-01  0.9954467E-01 
 0.8916666E-01  0.7588906E-01 
 0.9083333E-01  0.1326707     
 0.9250000E-01  0.2294912     
 0.9416667E-01  0.2926797     
 0.9583333E-01  0.3033952     
 0.9750000E-01  0.2625006     
 0.9916665E-01  0.2362196     
 0.1008333      0.1121252     
 0.1025000      0.7040401E-01 
 0.1041667      0.1302851     
 0.1058333      0.2138398     
 0.1075000      0.2309072     
 0.1091667      0.2487101     
 0.1108333      0.2070503     
 0.1125000      0.1484992     
 0.1141667      0.8946431E-01 
 0.1158333      0.9340945E-01 
 0.1175000      0.1598905     
 0.1191667      0.1910965     
 0.1208333      0.1632351     
 0.1225000      0.1443992     
 0.1241667      0.8687973E-01 
 0.1258333      0.8894274E-01 
 0.1275000      0.1045624     
 0.1291667      0.1617940     
 0.1308333      0.1693203     
 0.1325000      0.1789097     
 0.1341667      0.1037585     
 0.1358333      0.6269689E-01 
 0.1375000      0.1229485     
 0.1391667      0.1137847     
 0.1408333      0.1508365     
 0.1425000      0.1156061     
 0.1441667      0.9774656E-01 
 0.1458333      0.8455938E-01 
 0.1475000      0.7845807E-01 
 0.1491667      0.1207088     
 0.1508333      0.1329517     
 0.1525000      0.1015286     
 0.1541667      0.8781558E-01 
 0.1558333      0.9300811E-01 
 0.1575000      0.1345804     
 0.1591667      0.9262484E-01 
 0.1608333      0.9533629E-01 
 0.1625000      0.7858480E-01 
 0.1641667      0.1083577     
 0.1658333      0.1243249     
