# SumMovie FRC for input stack : stack6.mrc
# Number of micrographs: 1
# Number of frames per movie: 50
# Pixel size (A): 3.0000
# 1/(A)          FRC
# -----------------------
# 
# Micrograph 1 of 1. Score: .586
 0.8333334E-03  0.9999999     
 0.2500000E-02  0.9514086     
 0.4166666E-02  0.9317109     
 0.5833333E-02  0.8465604     
 0.7499999E-02  0.8657771     
 0.9166666E-02  0.6755101     
 0.1083333E-01  0.6572056     
 0.1250000E-01  0.8473009     
 0.1416667E-01  0.8858019     
 0.1583333E-01  0.9332488     
 0.1750000E-01  0.8929556     
 0.1916667E-01  0.6012384     
 0.2083333E-01  0.6662860     
 0.2250000E-01  0.8350142     
 0.2416667E-01  0.8973294     
 0.2583333E-01  0.8512951     
 0.2750000E-01  0.7277507     
 0.2916667E-01  0.6252605     
 0.3083333E-01  0.6882472     
 0.3250000E-01  0.7275594     
 0.3416666E-01  0.6949302     
 0.3583334E-01  0.5910773     
 0.3750000E-01  0.5393489     
 0.3916667E-01  0.5231414     
 0.4083334E-01  0.5633948     
 0.4250000E-01  0.4515648     
 0.4416666E-01  0.3815008     
 0.4583333E-01  0.3578000     
 0.4750000E-01  0.2970139     
 0.4916666E-01  0.2207839     
 0.5083333E-01  0.1213959     
 0.5250000E-01  0.1265596     
 0.5416667E-01  0.7381223E-01 
 0.5583333E-01  0.1101686     
 0.5750000E-01  0.1273570     
 0.5916666E-01  0.2106637     
 0.6083334E-01  0.2752079     
 0.6250000E-01  0.2939625     
 0.6416667E-01  0.3500240     
 0.6583333E-01  0.3544210     
 0.6750000E-01  0.3454705     
 0.6916667E-01  0.3263417     
 0.7083333E-01  0.2833245     
 0.7250000E-01  0.2232691     
 0.7416667E-01  0.1341528     
 0.7583334E-01  0.9525375E-01 
 0.7749999E-01  0.8074858E-01 
 0.7916667E-01  0.7900206E-01 
 0.8083334E-01  0.1823611     
 0.8250000E-01  0.2224415     
 0.8416667E-01  0.2752170     
 0.8583333E-01  0.2920624     
 0.8750000E-01  0.2787443     
 0.8916666E-01  0.2422719     
 0.9083333E-01  0.1558451     
 0.9250000E-01  0.1039665     
 0.9416667E-01  0.5533294E-01 
 0.9583333E-01  0.1001339     
 0.9750000E-01  0.9627634E-01 
 0.9916665E-01  0.1503832     
 0.1008333      0.2056227     
 0.1025000      0.2371365     
 0.1041667      0.1734994     
 0.1058333      0.1464579     
 0.1075000      0.8628196E-01 
 0.1091667      0.5719307E-01 
 0.1108333      0.6597851E-01 
 0.1125000      0.9387608E-01 
 0.1141667      0.1596698     
 0.1158333      0.1855652     
 0.1175000      0.1563253     
 0.1191667      0.1387895     
 0.1208333      0.5946455E-01 
 0.1225000      0.4893156E-01 
 0.1241667      0.3226103E-01 
 0.1258333      0.9698188E-01 
 0.1275000      0.1322661     
 0.1291667      0.1293582     
 0.1308333      0.1169283     
 0.1325000      0.6092371E-01 
 0.1341667      0.5453041E-01 
 0.1358333      0.8095119E-01 
 0.1375000      0.6738053E-01 
 0.1391667      0.9155162E-01 
 0.1408333      0.1005581     
 0.1425000      0.8526188E-01 
 0.1441667      0.7035986E-01 
 0.1458333      0.4505721E-01 
 0.1475000      0.6916763E-01 
 0.1491667      0.7820180E-01 
 0.1508333      0.9885332E-01 
 0.1525000      0.6438724E-01 
 0.1541667      0.4543101E-01 
 0.1558333      0.6410753E-01 
 0.1575000      0.7043450E-01 
 0.1591667      0.9379731E-01 
 0.1608333      0.7524795E-01 
 0.1625000      0.7426640E-01 
 0.1641667      0.6935628E-01 
 0.1658333      0.3318869E-01 
