# SumMovie FRC for input stack : stack6.mrc
# Number of micrographs: 1
# Number of frames per movie: 50
# Pixel size (A): 3.0000
# 1/(A)          FRC
# -----------------------
# 
# Micrograph 1 of 1. Score: .588
 0.8333334E-03  0.9999999     
 0.2500000E-02  0.9514023     
 0.4166666E-02  0.9317637     
 0.5833333E-02  0.8466090     
 0.7499999E-02  0.8658825     
 0.9166666E-02  0.6756997     
 0.1083333E-01  0.6578101     
 0.1250000E-01  0.8476099     
 0.1416667E-01  0.8860281     
 0.1583333E-01  0.9336710     
 0.1750000E-01  0.8934276     
 0.1916667E-01  0.6008040     
 0.2083333E-01  0.6664283     
 0.2250000E-01  0.8359886     
 0.2416667E-01  0.8984572     
 0.2583333E-01  0.8523414     
 0.2750000E-01  0.7287611     
 0.2916667E-01  0.6264992     
 0.3083333E-01  0.6905121     
 0.3250000E-01  0.7281119     
 0.3416666E-01  0.6970910     
 0.3583334E-01  0.5940734     
 0.3750000E-01  0.5420640     
 0.3916667E-01  0.5245191     
 0.4083334E-01  0.5675482     
 0.4250000E-01  0.4535222     
 0.4416666E-01  0.3843533     
 0.4583333E-01  0.3588098     
 0.4750000E-01  0.2995473     
 0.4916666E-01  0.2219965     
 0.5083333E-01  0.1238043     
 0.5250000E-01  0.1243017     
 0.5416667E-01  0.7325342E-01 
 0.5583333E-01  0.1068669     
 0.5750000E-01  0.1290729     
 0.5916666E-01  0.2080748     
 0.6083334E-01  0.2752200     
 0.6250000E-01  0.2971571     
 0.6416667E-01  0.3504675     
 0.6583333E-01  0.3590359     
 0.6750000E-01  0.3479253     
 0.6916667E-01  0.3306507     
 0.7083333E-01  0.2849946     
 0.7250000E-01  0.2240867     
 0.7416667E-01  0.1329459     
 0.7583334E-01  0.9574660E-01 
 0.7749999E-01  0.7702388E-01 
 0.7916667E-01  0.7915995E-01 
 0.8083334E-01  0.1854159     
 0.8250000E-01  0.2267603     
 0.8416667E-01  0.2792644     
 0.8583333E-01  0.2984834     
 0.8750000E-01  0.2849800     
 0.8916666E-01  0.2477062     
 0.9083333E-01  0.1605641     
 0.9250000E-01  0.9911229E-01 
 0.9416667E-01  0.5121338E-01 
 0.9583333E-01  0.9689980E-01 
 0.9750000E-01  0.9374436E-01 
 0.9916665E-01  0.1545830     
 0.1008333      0.2078507     
 0.1025000      0.2391039     
 0.1041667      0.1764757     
 0.1058333      0.1492039     
 0.1075000      0.8905981E-01 
 0.1091667      0.6387964E-01 
 0.1108333      0.6326737E-01 
 0.1125000      0.9407522E-01 
 0.1141667      0.1590169     
 0.1158333      0.1863338     
 0.1175000      0.1662929     
 0.1191667      0.1416306     
 0.1208333      0.5846256E-01 
 0.1225000      0.4791683E-01 
 0.1241667      0.3636862E-01 
 0.1258333      0.1034546     
 0.1275000      0.1360884     
 0.1291667      0.1300830     
 0.1308333      0.1178709     
 0.1325000      0.6390081E-01 
 0.1341667      0.6386111E-01 
 0.1358333      0.8012708E-01 
 0.1375000      0.6756098E-01 
 0.1391667      0.9773337E-01 
 0.1408333      0.9946020E-01 
 0.1425000      0.8593936E-01 
 0.1441667      0.7373367E-01 
 0.1458333      0.4626507E-01 
 0.1475000      0.6689005E-01 
 0.1491667      0.7602499E-01 
 0.1508333      0.9939066E-01 
 0.1525000      0.6791425E-01 
 0.1541667      0.5035118E-01 
 0.1558333      0.6187371E-01 
 0.1575000      0.7508350E-01 
 0.1591667      0.9188651E-01 
 0.1608333      0.7952978E-01 
 0.1625000      0.7796638E-01 
 0.1641667      0.6428193E-01 
 0.1658333      0.3598415E-01 
