# SumMovie FRC for input stack : stack11.mrc
# Number of micrographs: 1
# Number of frames per movie: 50
# Pixel size (A): 3.0000
# 1/(A)          FRC
# -----------------------
# 
# Micrograph 1 of 1. Score: .575
 0.8333334E-03  0.9999998     
 0.2500000E-02  0.8504041     
 0.4166666E-02  0.8705081     
 0.5833333E-02  0.8518888     
 0.7499999E-02  0.8575569     
 0.9166666E-02  0.7371871     
 0.1083333E-01  0.6259068     
 0.1250000E-01  0.8527853     
 0.1416667E-01  0.9145492     
 0.1583333E-01  0.9439840     
 0.1750000E-01  0.9075816     
 0.1916667E-01  0.6575673     
 0.2083333E-01  0.7404276     
 0.2250000E-01  0.8757899     
 0.2416667E-01  0.9228923     
 0.2583333E-01  0.8929830     
 0.2750000E-01  0.7439525     
 0.2916667E-01  0.6456158     
 0.3083333E-01  0.7140449     
 0.3250000E-01  0.7740224     
 0.3416666E-01  0.7241687     
 0.3583334E-01  0.5919456     
 0.3750000E-01  0.5273587     
 0.3916667E-01  0.5035784     
 0.4083334E-01  0.5196552     
 0.4250000E-01  0.4038856     
 0.4416666E-01  0.3402239     
 0.4583333E-01  0.2950444     
 0.4750000E-01  0.2207892     
 0.4916666E-01  0.1083922     
 0.5083333E-01  0.7667793E-01 
 0.5250000E-01  0.1379153     
 0.5416667E-01  0.1426557     
 0.5583333E-01  0.2227136     
 0.5750000E-01  0.2994400     
 0.5916666E-01  0.3682009     
 0.6083334E-01  0.3586076     
 0.6250000E-01  0.4104863     
 0.6416667E-01  0.3965167     
 0.6583333E-01  0.3197879     
 0.6750000E-01  0.3033016     
 0.6916667E-01  0.1900247     
 0.7083333E-01  0.1105644     
 0.7250000E-01  0.8130713E-01 
 0.7416667E-01  0.1106445     
 0.7583334E-01  0.2009155     
 0.7749999E-01  0.2732521     
 0.7916667E-01  0.3172096     
 0.8083334E-01  0.3625731     
 0.8250000E-01  0.3259318     
 0.8416667E-01  0.3028154     
 0.8583333E-01  0.2107614     
 0.8750000E-01  0.9946815E-01 
 0.8916666E-01  0.7558154E-01 
 0.9083333E-01  0.1324527     
 0.9250000E-01  0.2291609     
 0.9416667E-01  0.2925665     
 0.9583333E-01  0.3034996     
 0.9750000E-01  0.2619250     
 0.9916665E-01  0.2367257     
 0.1008333      0.1120357     
 0.1025000      0.7115481E-01 
 0.1041667      0.1308462     
 0.1058333      0.2146286     
 0.1075000      0.2302651     
 0.1091667      0.2487302     
 0.1108333      0.2075239     
 0.1125000      0.1494722     
 0.1141667      0.9047832E-01 
 0.1158333      0.9323964E-01 
 0.1175000      0.1604828     
 0.1191667      0.1911179     
 0.1208333      0.1636085     
 0.1225000      0.1453559     
 0.1241667      0.8703000E-01 
 0.1258333      0.8982167E-01 
 0.1275000      0.1043574     
 0.1291667      0.1622783     
 0.1308333      0.1696934     
 0.1325000      0.1794910     
 0.1341667      0.1042084     
 0.1358333      0.6333147E-01 
 0.1375000      0.1235381     
 0.1391667      0.1145613     
 0.1408333      0.1516552     
 0.1425000      0.1158490     
 0.1441667      0.9890221E-01 
 0.1458333      0.8597181E-01 
 0.1475000      0.8015539E-01 
 0.1491667      0.1210311     
 0.1508333      0.1343169     
 0.1525000      0.1027560     
 0.1541667      0.8927222E-01 
 0.1558333      0.9455713E-01 
 0.1575000      0.1354908     
 0.1591667      0.9455875E-01 
 0.1608333      0.9660629E-01 
 0.1625000      0.7935259E-01 
 0.1641667      0.1103083     
 0.1658333      0.1263352     
