# SumMovie FRC for input stack : stack11.mrc
# Number of micrographs: 1
# Number of frames per movie: 50
# Pixel size (A): 3.0000
# 1/(A)          FRC
# -----------------------
# 
# Micrograph 1 of 1. Score: .577
 0.8333334E-03  0.9999998     
 0.2500000E-02  0.8506190     
 0.4166666E-02  0.8708873     
 0.5833333E-02  0.8516635     
 0.7499999E-02  0.8579348     
 0.9166666E-02  0.7377387     
 0.1083333E-01  0.6256990     
 0.1250000E-01  0.8538765     
 0.1416667E-01  0.9154276     
 0.1583333E-01  0.9441885     
 0.1750000E-01  0.9082941     
 0.1916667E-01  0.6549037     
 0.2083333E-01  0.7417666     
 0.2250000E-01  0.8761913     
 0.2416667E-01  0.9247853     
 0.2583333E-01  0.8933502     
 0.2750000E-01  0.7466697     
 0.2916667E-01  0.6519886     
 0.3083333E-01  0.7202588     
 0.3250000E-01  0.7781036     
 0.3416666E-01  0.7315102     
 0.3583334E-01  0.5953948     
 0.3750000E-01  0.5331275     
 0.3916667E-01  0.5111852     
 0.4083334E-01  0.5214851     
 0.4250000E-01  0.4076665     
 0.4416666E-01  0.3421613     
 0.4583333E-01  0.2999372     
 0.4750000E-01  0.2185959     
 0.4916666E-01  0.1038008     
 0.5083333E-01  0.7656945E-01 
 0.5250000E-01  0.1388604     
 0.5416667E-01  0.1452210     
 0.5583333E-01  0.2187737     
 0.5750000E-01  0.2996350     
 0.5916666E-01  0.3835529     
 0.6083334E-01  0.3613186     
 0.6250000E-01  0.4228756     
 0.6416667E-01  0.4058064     
 0.6583333E-01  0.3279609     
 0.6750000E-01  0.3041673     
 0.6916667E-01  0.1820554     
 0.7083333E-01  0.1057656     
 0.7250000E-01  0.6590533E-01 
 0.7416667E-01  0.1086740     
 0.7583334E-01  0.2019492     
 0.7749999E-01  0.2835586     
 0.7916667E-01  0.3229847     
 0.8083334E-01  0.3779801     
 0.8250000E-01  0.3368167     
 0.8416667E-01  0.3165950     
 0.8583333E-01  0.2091486     
 0.8750000E-01  0.1007016     
 0.8916666E-01  0.6772038E-01 
 0.9083333E-01  0.1343483     
 0.9250000E-01  0.2389846     
 0.9416667E-01  0.2918919     
 0.9583333E-01  0.2974842     
 0.9750000E-01  0.2678797     
 0.9916665E-01  0.2200549     
 0.1008333      0.1055784     
 0.1025000      0.4159687E-01 
 0.1041667      0.1135858     
 0.1058333      0.1910209     
 0.1075000      0.2372329     
 0.1091667      0.2359428     
 0.1108333      0.1976577     
 0.1125000      0.1321819     
 0.1141667      0.6320854E-01 
 0.1158333      0.8177803E-01 
 0.1175000      0.1392021     
 0.1191667      0.1730634     
 0.1208333      0.1622365     
 0.1225000      0.1315378     
 0.1241667      0.7350787E-01 
 0.1258333      0.6404348E-01 
 0.1275000      0.9083043E-01 
 0.1291667      0.1439200     
 0.1308333      0.1668254     
 0.1325000      0.1628863     
 0.1341667      0.8830845E-01 
 0.1358333      0.4929971E-01 
 0.1375000      0.9269840E-01 
 0.1391667      0.1008386     
 0.1408333      0.1291580     
 0.1425000      0.1020286     
 0.1441667      0.6863593E-01 
 0.1458333      0.4546848E-01 
 0.1475000      0.5679749E-01 
 0.1491667      0.1112892     
 0.1508333      0.1028456     
 0.1525000      0.8183738E-01 
 0.1541667      0.6461610E-01 
 0.1558333      0.6399326E-01 
 0.1575000      0.1156865     
 0.1591667      0.7037499E-01 
 0.1608333      0.6336296E-01 
 0.1625000      0.5868874E-01 
 0.1641667      0.7277486E-01 
 0.1658333      0.9384950E-01 
