# SumMovie FRC for input stack : stack16.mrc
# Number of micrographs: 1
# Number of frames per movie: 50
# Pixel size (A): 3.0000
# 1/(A)          FRC
# -----------------------
# 
# Micrograph 1 of 1. Score: .539
 0.8333334E-03  0.9999994     
 0.2500000E-02  0.9672039     
 0.4166666E-02  0.9454408     
 0.5833333E-02  0.9120188     
 0.7499999E-02  0.8964682     
 0.9166666E-02  0.8416607     
 0.1083333E-01  0.7764619     
 0.1250000E-01  0.8837985     
 0.1416667E-01  0.9354904     
 0.1583333E-01  0.9656475     
 0.1750000E-01  0.9459249     
 0.1916667E-01  0.7765595     
 0.2083333E-01  0.8032889     
 0.2250000E-01  0.9023348     
 0.2416667E-01  0.9431641     
 0.2583333E-01  0.9340542     
 0.2750000E-01  0.8306946     
 0.2916667E-01  0.7048087     
 0.3083333E-01  0.7536417     
 0.3250000E-01  0.7967635     
 0.3416666E-01  0.7327973     
 0.3583334E-01  0.6070863     
 0.3750000E-01  0.4400224     
 0.3916667E-01  0.3796925     
 0.4083334E-01  0.2924397     
 0.4250000E-01  0.1237858     
 0.4416666E-01  0.1214832     
 0.4583333E-01  0.8543302E-01 
 0.4750000E-01  0.1488259     
 0.4916666E-01  0.2696331     
 0.5083333E-01  0.3440382     
 0.5250000E-01  0.3900248     
 0.5416667E-01  0.3815473     
 0.5583333E-01  0.4243670     
 0.5750000E-01  0.3621834     
 0.5916666E-01  0.2793811     
 0.6083334E-01  0.1855673     
 0.6250000E-01  0.8231217E-01 
 0.6416667E-01  0.1056457     
 0.6583333E-01  0.1396714     
 0.6750000E-01  0.2096757     
 0.6916667E-01  0.3150952     
 0.7083333E-01  0.4074405     
 0.7250000E-01  0.3709371     
 0.7416667E-01  0.3053100     
 0.7583334E-01  0.1828346     
 0.7749999E-01  0.1186325     
 0.7916667E-01  0.9547944E-01 
 0.8083334E-01  0.2510995     
 0.8250000E-01  0.2765390     
 0.8416667E-01  0.3623173     
 0.8583333E-01  0.3018919     
 0.8750000E-01  0.1879046     
 0.8916666E-01  0.1190918     
 0.9083333E-01  0.7891060E-01 
 0.9250000E-01  0.1890058     
 0.9416667E-01  0.2604907     
 0.9583333E-01  0.2800802     
 0.9750000E-01  0.2129009     
 0.9916665E-01  0.9889279E-01 
 0.1008333      0.6170437E-01 
 0.1025000      0.1228707     
 0.1041667      0.1912750     
 0.1058333      0.2430208     
 0.1075000      0.1821443     
 0.1091667      0.1112906     
 0.1108333      0.5752455E-01 
 0.1125000      0.1405382     
 0.1141667      0.1990103     
 0.1158333      0.1899604     
 0.1175000      0.1142023     
 0.1191667      0.4877150E-01 
 0.1208333      0.9186502E-01 
 0.1225000      0.1596373     
 0.1241667      0.1738688     
 0.1258333      0.1081219     
 0.1275000      0.6641890E-01 
 0.1291667      0.9023627E-01 
 0.1308333      0.1199394     
 0.1325000      0.1344431     
 0.1341667      0.7221237E-01 
 0.1358333      0.4689900E-01 
 0.1375000      0.1113010     
 0.1391667      0.1375260     
 0.1408333      0.9334628E-01 
 0.1425000      0.7527792E-01 
 0.1441667      0.7602646E-01 
 0.1458333      0.1138393     
 0.1475000      0.9606809E-01 
 0.1491667      0.6154678E-01 
 0.1508333      0.6818889E-01 
 0.1525000      0.9913733E-01 
 0.1541667      0.8496270E-01 
 0.1558333      0.7389616E-01 
 0.1575000      0.4746167E-01 
 0.1591667      0.8447117E-01 
 0.1608333      0.9014831E-01 
 0.1625000      0.4678920E-01 
 0.1641667      0.6255592E-01 
 0.1658333      0.1330294     
