# SumMovie FRC for input stack : stack11.mrc
# Number of micrographs: 1
# Number of frames per movie: 50
# Pixel size (A): 3.0000
# 1/(A)          FRC
# -----------------------
# 
# Micrograph 1 of 1. Score: .577
 0.8333334E-03  0.9999998     
 0.2500000E-02  0.8506532     
 0.4166666E-02  0.8709664     
 0.5833333E-02  0.8516043     
 0.7499999E-02  0.8579786     
 0.9166666E-02  0.7377522     
 0.1083333E-01  0.6257342     
 0.1250000E-01  0.8540903     
 0.1416667E-01  0.9155836     
 0.1583333E-01  0.9441592     
 0.1750000E-01  0.9083585     
 0.1916667E-01  0.6540973     
 0.2083333E-01  0.7417892     
 0.2250000E-01  0.8760843     
 0.2416667E-01  0.9250133     
 0.2583333E-01  0.8932389     
 0.2750000E-01  0.7468451     
 0.2916667E-01  0.6525435     
 0.3083333E-01  0.7211437     
 0.3250000E-01  0.7784764     
 0.3416666E-01  0.7326469     
 0.3583334E-01  0.5952085     
 0.3750000E-01  0.5329402     
 0.3916667E-01  0.5114362     
 0.4083334E-01  0.5212806     
 0.4250000E-01  0.4074291     
 0.4416666E-01  0.3421434     
 0.4583333E-01  0.3001998     
 0.4750000E-01  0.2174614     
 0.4916666E-01  0.1026305     
 0.5083333E-01  0.7504819E-01 
 0.5250000E-01  0.1383898     
 0.5416667E-01  0.1442091     
 0.5583333E-01  0.2169958     
 0.5750000E-01  0.2992837     
 0.5916666E-01  0.3853021     
 0.6083334E-01  0.3618480     
 0.6250000E-01  0.4232252     
 0.6416667E-01  0.4062999     
 0.6583333E-01  0.3276946     
 0.6750000E-01  0.3020604     
 0.6916667E-01  0.1792512     
 0.7083333E-01  0.1056062     
 0.7250000E-01  0.6118220E-01 
 0.7416667E-01  0.1080587     
 0.7583334E-01  0.2004942     
 0.7749999E-01  0.2843987     
 0.7916667E-01  0.3241408     
 0.8083334E-01  0.3794633     
 0.8250000E-01  0.3381159     
 0.8416667E-01  0.3180029     
 0.8583333E-01  0.2055433     
 0.8750000E-01  0.9981412E-01 
 0.8916666E-01  0.6457815E-01 
 0.9083333E-01  0.1327843     
 0.9250000E-01  0.2398803     
 0.9416667E-01  0.2884377     
 0.9583333E-01  0.2954727     
 0.9750000E-01  0.2670702     
 0.9916665E-01  0.2132519     
 0.1008333      0.1042405     
 0.1025000      0.3477508E-01 
 0.1041667      0.1086641     
 0.1058333      0.1846618     
 0.1075000      0.2350240     
 0.1091667      0.2320199     
 0.1108333      0.1965418     
 0.1125000      0.1270889     
 0.1141667      0.5603062E-01 
 0.1158333      0.7845428E-01 
 0.1175000      0.1357180     
 0.1191667      0.1674902     
 0.1208333      0.1602924     
 0.1225000      0.1291416     
 0.1241667      0.7237197E-01 
 0.1258333      0.5891420E-01 
 0.1275000      0.8822491E-01 
 0.1291667      0.1388097     
 0.1308333      0.1650343     
 0.1325000      0.1589231     
 0.1341667      0.8332738E-01 
 0.1358333      0.4527704E-01 
 0.1375000      0.8494890E-01 
 0.1391667      0.9679750E-01 
 0.1408333      0.1241333     
 0.1425000      0.9794194E-01 
 0.1441667      0.6449199E-01 
 0.1458333      0.3917195E-01 
 0.1475000      0.5648204E-01 
 0.1491667      0.1089624     
 0.1508333      0.9662978E-01 
 0.1525000      0.7672272E-01 
 0.1541667      0.6094599E-01 
 0.1558333      0.5855053E-01 
 0.1575000      0.1110373     
 0.1591667      0.6703059E-01 
 0.1608333      0.5850821E-01 
 0.1625000      0.5685100E-01 
 0.1641667      0.6536159E-01 
 0.1658333      0.8819234E-01 
