# SumMovie FRC for input stack : stack6.mrc
# Number of micrographs: 1
# Number of frames per movie: 50
# Pixel size (A): 3.0000
# 1/(A)          FRC
# -----------------------
# 
# Micrograph 1 of 1. Score: .592
 0.8333334E-03  0.9999999     
 0.2500000E-02  0.9512789     
 0.4166666E-02  0.9319264     
 0.5833333E-02  0.8475291     
 0.7499999E-02  0.8653485     
 0.9166666E-02  0.6784133     
 0.1083333E-01  0.6578571     
 0.1250000E-01  0.8498468     
 0.1416667E-01  0.8880787     
 0.1583333E-01  0.9352754     
 0.1750000E-01  0.8937911     
 0.1916667E-01  0.6006714     
 0.2083333E-01  0.6728158     
 0.2250000E-01  0.8434200     
 0.2416667E-01  0.9026591     
 0.2583333E-01  0.8573737     
 0.2750000E-01  0.7352652     
 0.2916667E-01  0.6257369     
 0.3083333E-01  0.6980870     
 0.3250000E-01  0.7290715     
 0.3416666E-01  0.7025185     
 0.3583334E-01  0.6010756     
 0.3750000E-01  0.5386211     
 0.3916667E-01  0.5307474     
 0.4083334E-01  0.5749615     
 0.4250000E-01  0.4583550     
 0.4416666E-01  0.3962149     
 0.4583333E-01  0.3654976     
 0.4750000E-01  0.3045220     
 0.4916666E-01  0.2229783     
 0.5083333E-01  0.1345778     
 0.5250000E-01  0.1163219     
 0.5416667E-01  0.6059902E-01 
 0.5583333E-01  0.9866939E-01 
 0.5750000E-01  0.1212776     
 0.5916666E-01  0.1970598     
 0.6083334E-01  0.2702627     
 0.6250000E-01  0.2905419     
 0.6416667E-01  0.3445499     
 0.6583333E-01  0.3742688     
 0.6750000E-01  0.3476568     
 0.6916667E-01  0.3458605     
 0.7083333E-01  0.2916222     
 0.7250000E-01  0.2231629     
 0.7416667E-01  0.1235469     
 0.7583334E-01  0.7583128E-01 
 0.7749999E-01  0.6705098E-01 
 0.7916667E-01  0.7725308E-01 
 0.8083334E-01  0.1843698     
 0.8250000E-01  0.2309892     
 0.8416667E-01  0.2949340     
 0.8583333E-01  0.3108414     
 0.8750000E-01  0.2916358     
 0.8916666E-01  0.2430660     
 0.9083333E-01  0.1630154     
 0.9250000E-01  0.8620582E-01 
 0.9416667E-01  0.4727703E-01 
 0.9583333E-01  0.8532376E-01 
 0.9750000E-01  0.8661331E-01 
 0.9916665E-01  0.1425164     
 0.1008333      0.2201580     
 0.1025000      0.2394469     
 0.1041667      0.1717499     
 0.1058333      0.1487504     
 0.1075000      0.8014328E-01 
 0.1091667      0.7753283E-01 
 0.1108333      0.4247336E-01 
 0.1125000      0.8737865E-01 
 0.1141667      0.1410077     
 0.1158333      0.1924650     
 0.1175000      0.1693499     
 0.1191667      0.1289185     
 0.1208333      0.4161753E-01 
 0.1225000      0.4423107E-01 
 0.1241667      0.3631219E-01 
 0.1258333      0.1035807     
 0.1275000      0.1199315     
 0.1291667      0.1265531     
 0.1308333      0.1119238     
 0.1325000      0.5708201E-01 
 0.1341667      0.4543417E-01 
 0.1358333      0.7312079E-01 
 0.1375000      0.7042380E-01 
 0.1391667      0.1008822     
 0.1408333      0.8925562E-01 
 0.1425000      0.6944658E-01 
 0.1441667      0.5623826E-01 
 0.1458333      0.3875472E-01 
 0.1475000      0.4713488E-01 
 0.1491667      0.7495158E-01 
 0.1508333      0.9184570E-01 
 0.1525000      0.6890464E-01 
 0.1541667      0.4565257E-01 
 0.1558333      0.3489279E-01 
 0.1575000      0.7250521E-01 
 0.1591667      0.8155049E-01 
 0.1608333      0.7787969E-01 
 0.1625000      0.7648323E-01 
 0.1641667      0.6020198E-01 
 0.1658333      0.2920402E-01 
