# SumMovie FRC for input stack : stack11.mrc
# Number of micrographs: 1
# Number of frames per movie: 50
# Pixel size (A): 3.0000
# 1/(A)          FRC
# -----------------------
# 
# Micrograph 1 of 1. Score: .570
 0.8333334E-03  0.9999998     
 0.2500000E-02  0.8500745     
 0.4166666E-02  0.8701602     
 0.5833333E-02  0.8519627     
 0.7499999E-02  0.8572732     
 0.9166666E-02  0.7364351     
 0.1083333E-01  0.6257546     
 0.1250000E-01  0.8517150     
 0.1416667E-01  0.9137871     
 0.1583333E-01  0.9436861     
 0.1750000E-01  0.9066842     
 0.1916667E-01  0.6586269     
 0.2083333E-01  0.7381811     
 0.2250000E-01  0.8744752     
 0.2416667E-01  0.9208452     
 0.2583333E-01  0.8916047     
 0.2750000E-01  0.7399660     
 0.2916667E-01  0.6373788     
 0.3083333E-01  0.7074100     
 0.3250000E-01  0.7686871     
 0.3416666E-01  0.7162113     
 0.3583334E-01  0.5862952     
 0.3750000E-01  0.5187789     
 0.3916667E-01  0.4942051     
 0.4083334E-01  0.5130191     
 0.4250000E-01  0.3981457     
 0.4416666E-01  0.3334793     
 0.4583333E-01  0.2848384     
 0.4750000E-01  0.2198294     
 0.4916666E-01  0.1073479     
 0.5083333E-01  0.7578061E-01 
 0.5250000E-01  0.1361867     
 0.5416667E-01  0.1351527     
 0.5583333E-01  0.2211989     
 0.5750000E-01  0.2931617     
 0.5916666E-01  0.3530472     
 0.6083334E-01  0.3512067     
 0.6250000E-01  0.3921424     
 0.6416667E-01  0.3831018     
 0.6583333E-01  0.3007000     
 0.6750000E-01  0.2930468     
 0.6916667E-01  0.1880328     
 0.7083333E-01  0.1110459     
 0.7250000E-01  0.8702047E-01 
 0.7416667E-01  0.1087794     
 0.7583334E-01  0.1931434     
 0.7749999E-01  0.2600931     
 0.7916667E-01  0.3057998     
 0.8083334E-01  0.3431247     
 0.8250000E-01  0.3123953     
 0.8416667E-01  0.2869825     
 0.8583333E-01  0.2006451     
 0.8750000E-01  0.9205019E-01 
 0.8916666E-01  0.7716470E-01 
 0.9083333E-01  0.1284637     
 0.9250000E-01  0.2158363     
 0.9416667E-01  0.2778709     
 0.9583333E-01  0.3011571     
 0.9750000E-01  0.2496574     
 0.9916665E-01  0.2302838     
 0.1008333      0.1130970     
 0.1025000      0.8430760E-01 
 0.1041667      0.1418010     
 0.1058333      0.2156744     
 0.1075000      0.2110151     
 0.1091667      0.2461474     
 0.1108333      0.2078699     
 0.1125000      0.1530794     
 0.1141667      0.1014414     
 0.1158333      0.9286708E-01 
 0.1175000      0.1635069     
 0.1191667      0.1921150     
 0.1208333      0.1648664     
 0.1225000      0.1458447     
 0.1241667      0.9284686E-01 
 0.1258333      0.1038744     
 0.1275000      0.1128542     
 0.1291667      0.1651533     
 0.1308333      0.1593422     
 0.1325000      0.1846835     
 0.1341667      0.1107686     
 0.1358333      0.7114309E-01 
 0.1375000      0.1316387     
 0.1391667      0.1147482     
 0.1408333      0.1496778     
 0.1425000      0.1146090     
 0.1441667      0.1164023     
 0.1458333      0.1027778     
 0.1475000      0.1026620     
 0.1491667      0.1176912     
 0.1508333      0.1499170     
 0.1525000      0.1073920     
 0.1541667      0.9689137E-01 
 0.1558333      0.1145318     
 0.1575000      0.1458291     
 0.1591667      0.1074638     
 0.1608333      0.1198305     
 0.1625000      0.9828757E-01 
 0.1641667      0.1246428     
 0.1658333      0.1444315     
