# SumMovie FRC for input stack : stack16.mrc
# Number of micrographs: 1
# Number of frames per movie: 50
# Pixel size (A): 3.0000
# 1/(A)          FRC
# -----------------------
# 
# Micrograph 1 of 1. Score: .539
 0.8333334E-03  0.9999994     
 0.2500000E-02  0.9672124     
 0.4166666E-02  0.9454167     
 0.5833333E-02  0.9120411     
 0.7499999E-02  0.8965328     
 0.9166666E-02  0.8416144     
 0.1083333E-01  0.7766638     
 0.1250000E-01  0.8839283     
 0.1416667E-01  0.9355245     
 0.1583333E-01  0.9656581     
 0.1750000E-01  0.9459319     
 0.1916667E-01  0.7767098     
 0.2083333E-01  0.8029815     
 0.2250000E-01  0.9023141     
 0.2416667E-01  0.9432969     
 0.2583333E-01  0.9340456     
 0.2750000E-01  0.8305180     
 0.2916667E-01  0.7050577     
 0.3083333E-01  0.7537635     
 0.3250000E-01  0.7967278     
 0.3416666E-01  0.7329603     
 0.3583334E-01  0.6075441     
 0.3750000E-01  0.4395893     
 0.3916667E-01  0.3795620     
 0.4083334E-01  0.2923660     
 0.4250000E-01  0.1234317     
 0.4416666E-01  0.1206575     
 0.4583333E-01  0.8458833E-01 
 0.4750000E-01  0.1482549     
 0.4916666E-01  0.2691549     
 0.5083333E-01  0.3447567     
 0.5250000E-01  0.3908271     
 0.5416667E-01  0.3823328     
 0.5583333E-01  0.4239393     
 0.5750000E-01  0.3616050     
 0.5916666E-01  0.2781434     
 0.6083334E-01  0.1849568     
 0.6250000E-01  0.8176830E-01 
 0.6416667E-01  0.1050745     
 0.6583333E-01  0.1398662     
 0.6750000E-01  0.2100795     
 0.6916667E-01  0.3139081     
 0.7083333E-01  0.4067216     
 0.7250000E-01  0.3721927     
 0.7416667E-01  0.3079013     
 0.7583334E-01  0.1820360     
 0.7749999E-01  0.1197109     
 0.7916667E-01  0.9497742E-01 
 0.8083334E-01  0.2506934     
 0.8250000E-01  0.2766088     
 0.8416667E-01  0.3616615     
 0.8583333E-01  0.3020406     
 0.8750000E-01  0.1886095     
 0.8916666E-01  0.1190478     
 0.9083333E-01  0.7921018E-01 
 0.9250000E-01  0.1874661     
 0.9416667E-01  0.2611350     
 0.9583333E-01  0.2813194     
 0.9750000E-01  0.2127399     
 0.9916665E-01  0.9994736E-01 
 0.1008333      0.6187086E-01 
 0.1025000      0.1220863     
 0.1041667      0.1919346     
 0.1058333      0.2423083     
 0.1075000      0.1821100     
 0.1091667      0.1112078     
 0.1108333      0.5905213E-01 
 0.1125000      0.1419836     
 0.1141667      0.1985872     
 0.1158333      0.1905735     
 0.1175000      0.1133223     
 0.1191667      0.4896389E-01 
 0.1208333      0.9356932E-01 
 0.1225000      0.1593226     
 0.1241667      0.1756729     
 0.1258333      0.1080428     
 0.1275000      0.6739862E-01 
 0.1291667      0.8862021E-01 
 0.1308333      0.1196707     
 0.1325000      0.1349411     
 0.1341667      0.7160532E-01 
 0.1358333      0.4553405E-01 
 0.1375000      0.1137017     
 0.1391667      0.1365189     
 0.1408333      0.9503462E-01 
 0.1425000      0.7719120E-01 
 0.1441667      0.7721042E-01 
 0.1458333      0.1158811     
 0.1475000      0.9683610E-01 
 0.1491667      0.6653161E-01 
 0.1508333      0.7045458E-01 
 0.1525000      0.1008931     
 0.1541667      0.8407220E-01 
 0.1558333      0.7651389E-01 
 0.1575000      0.4779318E-01 
 0.1591667      0.8571722E-01 
 0.1608333      0.9026847E-01 
 0.1625000      0.4557365E-01 
 0.1641667      0.6449229E-01 
 0.1658333      0.1331350     
