# SumMovie FRC for input stack : stack1.mrc
# Number of micrographs: 1
# Number of frames per movie: 50
# Pixel size (A): 3.0000
# 1/(A)          FRC
# -----------------------
# 
# Micrograph 1 of 1. Score: .517
 0.8333334E-03  0.9999990     
 0.2500000E-02  0.9745085     
 0.4166666E-02  0.9567930     
 0.5833333E-02  0.9214031     
 0.7499999E-02  0.9027541     
 0.9166666E-02  0.7453215     
 0.1083333E-01  0.7134414     
 0.1250000E-01  0.8435105     
 0.1416667E-01  0.9127277     
 0.1583333E-01  0.9159958     
 0.1750000E-01  0.8634678     
 0.1916667E-01  0.6531897     
 0.2083333E-01  0.7424600     
 0.2250000E-01  0.8539001     
 0.2416667E-01  0.8906217     
 0.2583333E-01  0.8525966     
 0.2750000E-01  0.7084208     
 0.2916667E-01  0.5885714     
 0.3083333E-01  0.6749433     
 0.3250000E-01  0.6920453     
 0.3416666E-01  0.6356388     
 0.3583334E-01  0.5029891     
 0.3750000E-01  0.4393196     
 0.3916667E-01  0.4062553     
 0.4083334E-01  0.4077674     
 0.4250000E-01  0.3547424     
 0.4416666E-01  0.2193325     
 0.4583333E-01  0.1287798     
 0.4750000E-01  0.1911084     
 0.4916666E-01  0.9644751E-01 
 0.5083333E-01  0.9160855E-01 
 0.5250000E-01  0.8397852E-01 
 0.5416667E-01  0.1070972     
 0.5583333E-01  0.1708901     
 0.5750000E-01  0.2089915     
 0.5916666E-01  0.2708949     
 0.6083334E-01  0.2931302     
 0.6250000E-01  0.2509511     
 0.6416667E-01  0.2220633     
 0.6583333E-01  0.2241131     
 0.6750000E-01  0.1343680     
 0.6916667E-01  0.1297349     
 0.7083333E-01  0.1046861     
 0.7250000E-01  0.5820854E-01 
 0.7416667E-01  0.7092068E-01 
 0.7583334E-01  0.1288686     
 0.7749999E-01  0.1801284     
 0.7916667E-01  0.2254817     
 0.8083334E-01  0.2248323     
 0.8250000E-01  0.2014800     
 0.8416667E-01  0.1430344     
 0.8583333E-01  0.8850185E-01 
 0.8750000E-01  0.6122709E-01 
 0.8916666E-01  0.1593472E-01 
 0.9083333E-01  0.7628476E-01 
 0.9250000E-01  0.1201425     
 0.9416667E-01  0.1743425     
 0.9583333E-01  0.1996429     
 0.9750000E-01  0.1454109     
 0.9916665E-01  0.8537881E-01 
 0.1008333      0.6218130E-01 
 0.1025000      0.2355363E-01 
 0.1041667      0.9047952E-01 
 0.1058333      0.1399409     
 0.1075000      0.1578514     
 0.1091667      0.1332663     
 0.1108333      0.1162338     
 0.1125000      0.1143311     
 0.1141667      0.5796882E-01 
 0.1158333      0.4283493E-01 
 0.1175000      0.8398015E-01 
 0.1191667      0.1132120     
 0.1208333      0.7998879E-01 
 0.1225000      0.7865077E-01 
 0.1241667      0.5887586E-01 
 0.1258333      0.3946988E-01 
 0.1275000      0.2561740E-01 
 0.1291667      0.1151839     
 0.1308333      0.7514746E-01 
 0.1325000      0.6188428E-01 
 0.1341667      0.3180547E-01 
 0.1358333      0.3593518E-01 
 0.1375000      0.5265046E-01 
 0.1391667      0.7163221E-01 
 0.1408333      0.7952967E-01 
 0.1425000      0.6774201E-01 
 0.1441667      0.3999623E-01 
 0.1458333      0.3969246E-01 
 0.1475000      0.7350104E-01 
 0.1491667      0.6244125E-01 
 0.1508333      0.5822276E-01 
 0.1525000      0.3545087E-01 
 0.1541667      0.5690917E-01 
 0.1558333      0.6519561E-01 
 0.1575000      0.3972282E-01 
 0.1591667      0.2152684E-01 
 0.1608333      0.3469393E-01 
 0.1625000      0.5929863E-01 
 0.1641667      0.6513969E-01 
 0.1658333      0.4030064E-01 
