# SumMovie FRC for input stack : stack1.mrc
# Number of micrographs: 1
# Number of frames per movie: 50
# Pixel size (A): 3.0000
# 1/(A)          FRC
# -----------------------
# 
# Micrograph 1 of 1. Score: .527
 0.8333334E-03  0.9999990     
 0.2500000E-02  0.9744791     
 0.4166666E-02  0.9568079     
 0.5833333E-02  0.9214151     
 0.7499999E-02  0.9030767     
 0.9166666E-02  0.7474285     
 0.1083333E-01  0.7167279     
 0.1250000E-01  0.8473448     
 0.1416667E-01  0.9153231     
 0.1583333E-01  0.9179845     
 0.1750000E-01  0.8681688     
 0.1916667E-01  0.6625815     
 0.2083333E-01  0.7508786     
 0.2250000E-01  0.8608018     
 0.2416667E-01  0.8963712     
 0.2583333E-01  0.8618530     
 0.2750000E-01  0.7246197     
 0.2916667E-01  0.6128458     
 0.3083333E-01  0.6912137     
 0.3250000E-01  0.7153587     
 0.3416666E-01  0.6616476     
 0.3583334E-01  0.5222782     
 0.3750000E-01  0.4547090     
 0.3916667E-01  0.4289182     
 0.4083334E-01  0.4327798     
 0.4250000E-01  0.3687114     
 0.4416666E-01  0.2268020     
 0.4583333E-01  0.1288495     
 0.4750000E-01  0.1824317     
 0.4916666E-01  0.8933058E-01 
 0.5083333E-01  0.7788325E-01 
 0.5250000E-01  0.7468467E-01 
 0.5416667E-01  0.1014897     
 0.5583333E-01  0.1790034     
 0.5750000E-01  0.2126269     
 0.5916666E-01  0.3028898     
 0.6083334E-01  0.3116503     
 0.6250000E-01  0.2794724     
 0.6416667E-01  0.2394848     
 0.6583333E-01  0.2367947     
 0.6750000E-01  0.1390956     
 0.6916667E-01  0.1111849     
 0.7083333E-01  0.8611035E-01 
 0.7250000E-01  0.5344861E-01 
 0.7416667E-01  0.7258342E-01 
 0.7583334E-01  0.1377900     
 0.7749999E-01  0.2024299     
 0.7916667E-01  0.2689809     
 0.8083334E-01  0.2525393     
 0.8250000E-01  0.2347250     
 0.8416667E-01  0.1628125     
 0.8583333E-01  0.9809655E-01 
 0.8750000E-01  0.6031996E-01 
 0.8916666E-01  0.3843126E-01 
 0.9083333E-01  0.9335441E-01 
 0.9250000E-01  0.1467729     
 0.9416667E-01  0.2027754     
 0.9583333E-01  0.2187431     
 0.9750000E-01  0.1598614     
 0.9916665E-01  0.1069680     
 0.1008333      0.6533991E-01 
 0.1025000      0.4582776E-01 
 0.1041667      0.6681398E-01 
 0.1058333      0.1420004     
 0.1075000      0.1610619     
 0.1091667      0.1465224     
 0.1108333      0.1091177     
 0.1125000      0.1266984     
 0.1141667      0.6382372E-01 
 0.1158333      0.4111569E-01 
 0.1175000      0.8717189E-01 
 0.1191667      0.1043359     
 0.1208333      0.9566446E-01 
 0.1225000      0.9985315E-01 
 0.1241667      0.6666225E-01 
 0.1258333      0.3818482E-01 
 0.1275000      0.5129471E-01 
 0.1291667      0.9801925E-01 
 0.1308333      0.9213413E-01 
 0.1325000      0.6223960E-01 
 0.1341667      0.4096588E-01 
 0.1358333      0.2708222E-01 
 0.1375000      0.5174777E-01 
 0.1391667      0.7640894E-01 
 0.1408333      0.8010127E-01 
 0.1425000      0.4456513E-01 
 0.1441667      0.3045626E-01 
 0.1458333      0.4203889E-01 
 0.1475000      0.6648163E-01 
 0.1491667      0.5415976E-01 
 0.1508333      0.7521930E-01 
 0.1525000      0.3284801E-01 
 0.1541667      0.3339136E-01 
 0.1558333      0.6762747E-01 
 0.1575000      0.4732868E-01 
 0.1591667      0.1053005E-01 
 0.1608333      0.3776653E-01 
 0.1625000      0.5189582E-01 
 0.1641667      0.4935059E-01 
 0.1658333      0.1444723E-01 
