# SumMovie FRC for input stack : stack6.mrc
# Number of micrographs: 1
# Number of frames per movie: 50
# Pixel size (A): 3.0000
# 1/(A)          FRC
# -----------------------
# 
# Micrograph 1 of 1. Score: .592
 0.8333334E-03  0.9999999     
 0.2500000E-02  0.9513108     
 0.4166666E-02  0.9320014     
 0.5833333E-02  0.8474437     
 0.7499999E-02  0.8653630     
 0.9166666E-02  0.6793889     
 0.1083333E-01  0.6590977     
 0.1250000E-01  0.8496999     
 0.1416667E-01  0.8881171     
 0.1583333E-01  0.9353442     
 0.1750000E-01  0.8940733     
 0.1916667E-01  0.5997394     
 0.2083333E-01  0.6726402     
 0.2250000E-01  0.8428714     
 0.2416667E-01  0.9029205     
 0.2583333E-01  0.8566510     
 0.2750000E-01  0.7346247     
 0.2916667E-01  0.6248163     
 0.3083333E-01  0.6977872     
 0.3250000E-01  0.7287426     
 0.3416666E-01  0.7021629     
 0.3583334E-01  0.6003531     
 0.3750000E-01  0.5388697     
 0.3916667E-01  0.5311410     
 0.4083334E-01  0.5735923     
 0.4250000E-01  0.4561859     
 0.4416666E-01  0.3946327     
 0.4583333E-01  0.3609551     
 0.4750000E-01  0.3008772     
 0.4916666E-01  0.2242585     
 0.5083333E-01  0.1339199     
 0.5250000E-01  0.1140034     
 0.5416667E-01  0.6098014E-01 
 0.5583333E-01  0.9610499E-01 
 0.5750000E-01  0.1221340     
 0.5916666E-01  0.1961304     
 0.6083334E-01  0.2681100     
 0.6250000E-01  0.2881134     
 0.6416667E-01  0.3445559     
 0.6583333E-01  0.3766750     
 0.6750000E-01  0.3498756     
 0.6916667E-01  0.3460699     
 0.7083333E-01  0.2871928     
 0.7250000E-01  0.2199335     
 0.7416667E-01  0.1211425     
 0.7583334E-01  0.7930558E-01 
 0.7749999E-01  0.6297310E-01 
 0.7916667E-01  0.7877861E-01 
 0.8083334E-01  0.1850260     
 0.8250000E-01  0.2312453     
 0.8416667E-01  0.2999945     
 0.8583333E-01  0.3107717     
 0.8750000E-01  0.2915111     
 0.8916666E-01  0.2411100     
 0.9083333E-01  0.1643195     
 0.9250000E-01  0.8256754E-01 
 0.9416667E-01  0.4635277E-01 
 0.9583333E-01  0.8329804E-01 
 0.9750000E-01  0.8686452E-01 
 0.9916665E-01  0.1448256     
 0.1008333      0.2152442     
 0.1025000      0.2342921     
 0.1041667      0.1738424     
 0.1058333      0.1442295     
 0.1075000      0.8086852E-01 
 0.1091667      0.7465751E-01 
 0.1108333      0.4255307E-01 
 0.1125000      0.8922790E-01 
 0.1141667      0.1398879     
 0.1158333      0.1919519     
 0.1175000      0.1754224     
 0.1191667      0.1306369     
 0.1208333      0.3960442E-01 
 0.1225000      0.4375170E-01 
 0.1241667      0.4613167E-01 
 0.1258333      0.1045123     
 0.1275000      0.1207242     
 0.1291667      0.1324679     
 0.1308333      0.1060660     
 0.1325000      0.5997485E-01 
 0.1341667      0.5394195E-01 
 0.1358333      0.7864854E-01 
 0.1375000      0.7177240E-01 
 0.1391667      0.1082618     
 0.1408333      0.9164340E-01 
 0.1425000      0.7486061E-01 
 0.1441667      0.5656267E-01 
 0.1458333      0.4574062E-01 
 0.1475000      0.4799072E-01 
 0.1491667      0.7932392E-01 
 0.1508333      0.9276232E-01 
 0.1525000      0.6645628E-01 
 0.1541667      0.4939330E-01 
 0.1558333      0.3731900E-01 
 0.1575000      0.7362488E-01 
 0.1591667      0.7993978E-01 
 0.1608333      0.7790563E-01 
 0.1625000      0.7768039E-01 
 0.1641667      0.5278663E-01 
 0.1658333      0.2846079E-01 
