# SumMovie FRC for input stack : stack6.mrc
# Number of micrographs: 1
# Number of frames per movie: 50
# Pixel size (A): 3.0000
# 1/(A)          FRC
# -----------------------
# 
# Micrograph 1 of 1. Score: .592
 0.8333334E-03  0.9999999     
 0.2500000E-02  0.9512879     
 0.4166666E-02  0.9319461     
 0.5833333E-02  0.8474870     
 0.7499999E-02  0.8653510     
 0.9166666E-02  0.6785263     
 0.1083333E-01  0.6582608     
 0.1250000E-01  0.8498496     
 0.1416667E-01  0.8879871     
 0.1583333E-01  0.9352560     
 0.1750000E-01  0.8940175     
 0.1916667E-01  0.6005695     
 0.2083333E-01  0.6727655     
 0.2250000E-01  0.8432097     
 0.2416667E-01  0.9026590     
 0.2583333E-01  0.8572961     
 0.2750000E-01  0.7353481     
 0.2916667E-01  0.6256685     
 0.3083333E-01  0.6980442     
 0.3250000E-01  0.7292659     
 0.3416666E-01  0.7026700     
 0.3583334E-01  0.6008810     
 0.3750000E-01  0.5389028     
 0.3916667E-01  0.5312091     
 0.4083334E-01  0.5750092     
 0.4250000E-01  0.4581329     
 0.4416666E-01  0.3963752     
 0.4583333E-01  0.3652464     
 0.4750000E-01  0.3039097     
 0.4916666E-01  0.2232455     
 0.5083333E-01  0.1350723     
 0.5250000E-01  0.1181247     
 0.5416667E-01  0.6203607E-01 
 0.5583333E-01  0.9973716E-01 
 0.5750000E-01  0.1217498     
 0.5916666E-01  0.1988008     
 0.6083334E-01  0.2711885     
 0.6250000E-01  0.2917582     
 0.6416667E-01  0.3455845     
 0.6583333E-01  0.3746563     
 0.6750000E-01  0.3496126     
 0.6916667E-01  0.3467180     
 0.7083333E-01  0.2918749     
 0.7250000E-01  0.2227902     
 0.7416667E-01  0.1242737     
 0.7583334E-01  0.7771292E-01 
 0.7749999E-01  0.6833696E-01 
 0.7916667E-01  0.7854103E-01 
 0.8083334E-01  0.1858056     
 0.8250000E-01  0.2309157     
 0.8416667E-01  0.2971821     
 0.8583333E-01  0.3111735     
 0.8750000E-01  0.2918163     
 0.8916666E-01  0.2443196     
 0.9083333E-01  0.1631329     
 0.9250000E-01  0.8640932E-01 
 0.9416667E-01  0.4725066E-01 
 0.9583333E-01  0.8739084E-01 
 0.9750000E-01  0.8850566E-01 
 0.9916665E-01  0.1436664     
 0.1008333      0.2178749     
 0.1025000      0.2406742     
 0.1041667      0.1725951     
 0.1058333      0.1485226     
 0.1075000      0.8150143E-01 
 0.1091667      0.7626721E-01 
 0.1108333      0.4465793E-01 
 0.1125000      0.8751123E-01 
 0.1141667      0.1427666     
 0.1158333      0.1918190     
 0.1175000      0.1720704     
 0.1191667      0.1302831     
 0.1208333      0.4311420E-01 
 0.1225000      0.4344967E-01 
 0.1241667      0.3873732E-01 
 0.1258333      0.1049474     
 0.1275000      0.1234065     
 0.1291667      0.1271482     
 0.1308333      0.1128769     
 0.1325000      0.5749579E-01 
 0.1341667      0.4871256E-01 
 0.1358333      0.7502772E-01 
 0.1375000      0.7133493E-01 
 0.1391667      0.1033678     
 0.1408333      0.9129812E-01 
 0.1425000      0.7087114E-01 
 0.1441667      0.5851009E-01 
 0.1458333      0.4083502E-01 
 0.1475000      0.4858799E-01 
 0.1491667      0.7787953E-01 
 0.1508333      0.9431308E-01 
 0.1525000      0.6829798E-01 
 0.1541667      0.4760179E-01 
 0.1558333      0.3735610E-01 
 0.1575000      0.7473928E-01 
 0.1591667      0.8280478E-01 
 0.1608333      0.7710803E-01 
 0.1625000      0.7696515E-01 
 0.1641667      0.6105287E-01 
 0.1658333      0.2928093E-01 
