# SumMovie FRC for input stack : stack1.mrc
# Number of micrographs: 1
# Number of frames per movie: 50
# Pixel size (A): 3.0000
# 1/(A)          FRC
# -----------------------
# 
# Micrograph 1 of 1. Score: .506
 0.8333334E-03  0.9999990     
 0.2500000E-02  0.9744962     
 0.4166666E-02  0.9567098     
 0.5833333E-02  0.9213627     
 0.7499999E-02  0.9023502     
 0.9166666E-02  0.7423310     
 0.1083333E-01  0.7104585     
 0.1250000E-01  0.8393570     
 0.1416667E-01  0.9094690     
 0.1583333E-01  0.9133201     
 0.1750000E-01  0.8579052     
 0.1916667E-01  0.6410160     
 0.2083333E-01  0.7326308     
 0.2250000E-01  0.8461258     
 0.2416667E-01  0.8836006     
 0.2583333E-01  0.8421513     
 0.2750000E-01  0.6916707     
 0.2916667E-01  0.5615314     
 0.3083333E-01  0.6568046     
 0.3250000E-01  0.6643695     
 0.3416666E-01  0.6074252     
 0.3583334E-01  0.4861536     
 0.3750000E-01  0.4286853     
 0.3916667E-01  0.3818398     
 0.4083334E-01  0.3796588     
 0.4250000E-01  0.3395571     
 0.4416666E-01  0.2152641     
 0.4583333E-01  0.1386174     
 0.4750000E-01  0.1896172     
 0.4916666E-01  0.1091108     
 0.5083333E-01  0.9637665E-01 
 0.5250000E-01  0.9922284E-01 
 0.5416667E-01  0.1137308     
 0.5583333E-01  0.1689981     
 0.5750000E-01  0.2180381     
 0.5916666E-01  0.2486018     
 0.6083334E-01  0.2827710     
 0.6250000E-01  0.2397349     
 0.6416667E-01  0.2332693     
 0.6583333E-01  0.2245393     
 0.6750000E-01  0.1404661     
 0.6916667E-01  0.1511796     
 0.7083333E-01  0.1218000     
 0.7250000E-01  0.7055508E-01 
 0.7416667E-01  0.8901020E-01 
 0.7583334E-01  0.1386907     
 0.7749999E-01  0.1901545     
 0.7916667E-01  0.2081532     
 0.8083334E-01  0.2109331     
 0.8250000E-01  0.2028832     
 0.8416667E-01  0.1608078     
 0.8583333E-01  0.1022142     
 0.8750000E-01  0.6140321E-01 
 0.8916666E-01  0.2307503E-01 
 0.9083333E-01  0.9665558E-01 
 0.9250000E-01  0.1254988     
 0.9416667E-01  0.1753734     
 0.9583333E-01  0.1852731     
 0.9750000E-01  0.1537569     
 0.9916665E-01  0.9468960E-01 
 0.1008333      0.8352277E-01 
 0.1025000      0.3688316E-01 
 0.1041667      0.1106822     
 0.1058333      0.1495891     
 0.1075000      0.1410656     
 0.1091667      0.1385582     
 0.1108333      0.1081775     
 0.1125000      0.1142887     
 0.1141667      0.7243609E-01 
 0.1158333      0.4691838E-01 
 0.1175000      0.7430021E-01 
 0.1191667      0.1058031     
 0.1208333      0.9932360E-01 
 0.1225000      0.6157016E-01 
 0.1241667      0.7574294E-01 
 0.1258333      0.4931926E-01 
 0.1275000      0.3398772E-01 
 0.1291667      0.1178076     
 0.1308333      0.9177349E-01 
 0.1325000      0.8224685E-01 
 0.1341667      0.2889462E-01 
 0.1358333      0.5940112E-01 
 0.1375000      0.6467482E-01 
 0.1391667      0.7471609E-01 
 0.1408333      0.9105249E-01 
 0.1425000      0.5860107E-01 
 0.1441667      0.3984790E-01 
 0.1458333      0.6189261E-01 
 0.1475000      0.8753421E-01 
 0.1491667      0.5505114E-01 
 0.1508333      0.4887608E-01 
 0.1525000      0.3906253E-01 
 0.1541667      0.4513769E-01 
 0.1558333      0.4793711E-01 
 0.1575000      0.6051875E-01 
 0.1591667      0.2231534E-01 
 0.1608333      0.6494464E-01 
 0.1625000      0.4495603E-01 
 0.1641667      0.7029735E-01 
 0.1658333      0.4406934E-01 
