# SumMovie FRC for input stack : stack6.mrc
# Number of micrographs: 1
# Number of frames per movie: 50
# Pixel size (A): 3.0000
# 1/(A)          FRC
# -----------------------
# 
# Micrograph 1 of 1. Score: .592
 0.8333334E-03  0.9999999     
 0.2500000E-02  0.9512801     
 0.4166666E-02  0.9319599     
 0.5833333E-02  0.8475571     
 0.7499999E-02  0.8653120     
 0.9166666E-02  0.6785719     
 0.1083333E-01  0.6579092     
 0.1250000E-01  0.8498964     
 0.1416667E-01  0.8881441     
 0.1583333E-01  0.9353068     
 0.1750000E-01  0.8937544     
 0.1916667E-01  0.6007668     
 0.2083333E-01  0.6730109     
 0.2250000E-01  0.8436338     
 0.2416667E-01  0.9027369     
 0.2583333E-01  0.8573850     
 0.2750000E-01  0.7354492     
 0.2916667E-01  0.6256628     
 0.3083333E-01  0.6983901     
 0.3250000E-01  0.7289928     
 0.3416666E-01  0.7027153     
 0.3583334E-01  0.6013182     
 0.3750000E-01  0.5381511     
 0.3916667E-01  0.5307694     
 0.4083334E-01  0.5749802     
 0.4250000E-01  0.4582041     
 0.4416666E-01  0.3960729     
 0.4583333E-01  0.3650103     
 0.4750000E-01  0.3046366     
 0.4916666E-01  0.2233185     
 0.5083333E-01  0.1342581     
 0.5250000E-01  0.1158510     
 0.5416667E-01  0.6027732E-01 
 0.5583333E-01  0.9862303E-01 
 0.5750000E-01  0.1218632     
 0.5916666E-01  0.1959798     
 0.6083334E-01  0.2696039     
 0.6250000E-01  0.2897262     
 0.6416667E-01  0.3448830     
 0.6583333E-01  0.3743080     
 0.6750000E-01  0.3473534     
 0.6916667E-01  0.3451165     
 0.7083333E-01  0.2917840     
 0.7250000E-01  0.2226294     
 0.7416667E-01  0.1221143     
 0.7583334E-01  0.7579271E-01 
 0.7749999E-01  0.6497472E-01 
 0.7916667E-01  0.7727949E-01 
 0.8083334E-01  0.1839261     
 0.8250000E-01  0.2326421     
 0.8416667E-01  0.2949573     
 0.8583333E-01  0.3104935     
 0.8750000E-01  0.2919430     
 0.8916666E-01  0.2419586     
 0.9083333E-01  0.1630774     
 0.9250000E-01  0.8643126E-01 
 0.9416667E-01  0.4545512E-01 
 0.9583333E-01  0.8533814E-01 
 0.9750000E-01  0.8578949E-01 
 0.9916665E-01  0.1439312     
 0.1008333      0.2208405     
 0.1025000      0.2386850     
 0.1041667      0.1712673     
 0.1058333      0.1469740     
 0.1075000      0.7912324E-01 
 0.1091667      0.7956152E-01 
 0.1108333      0.4218188E-01 
 0.1125000      0.8911346E-01 
 0.1141667      0.1408580     
 0.1158333      0.1924922     
 0.1175000      0.1699993     
 0.1191667      0.1289519     
 0.1208333      0.4135355E-01 
 0.1225000      0.4483046E-01 
 0.1241667      0.3767401E-01 
 0.1258333      0.1036122     
 0.1275000      0.1202980     
 0.1291667      0.1263347     
 0.1308333      0.1106344     
 0.1325000      0.5622499E-01 
 0.1341667      0.4448365E-01 
 0.1358333      0.7315974E-01 
 0.1375000      0.7072513E-01 
 0.1391667      0.1006870     
 0.1408333      0.9009374E-01 
 0.1425000      0.6869055E-01 
 0.1441667      0.5533724E-01 
 0.1458333      0.3934662E-01 
 0.1475000      0.4702947E-01 
 0.1491667      0.7574662E-01 
 0.1508333      0.9180998E-01 
 0.1525000      0.6846904E-01 
 0.1541667      0.4485510E-01 
 0.1558333      0.3348489E-01 
 0.1575000      0.7236023E-01 
 0.1591667      0.8118130E-01 
 0.1608333      0.7876724E-01 
 0.1625000      0.7630610E-01 
 0.1641667      0.6230035E-01 
 0.1658333      0.2820935E-01 
