# SumMovie FRC for input stack : stack16.mrc
# Number of micrographs: 1
# Number of frames per movie: 50
# Pixel size (A): 3.0000
# 1/(A)          FRC
# -----------------------
# 
# Micrograph 1 of 1. Score: .529
 0.8333334E-03  0.9999994     
 0.2500000E-02  0.9670057     
 0.4166666E-02  0.9459238     
 0.5833333E-02  0.9109842     
 0.7499999E-02  0.8943182     
 0.9166666E-02  0.8411843     
 0.1083333E-01  0.7716905     
 0.1250000E-01  0.8786311     
 0.1416667E-01  0.9333698     
 0.1583333E-01  0.9637936     
 0.1750000E-01  0.9436620     
 0.1916667E-01  0.7650267     
 0.2083333E-01  0.8002145     
 0.2250000E-01  0.8930939     
 0.2416667E-01  0.9346037     
 0.2583333E-01  0.9256020     
 0.2750000E-01  0.8148450     
 0.2916667E-01  0.6806189     
 0.3083333E-01  0.7324729     
 0.3250000E-01  0.7779465     
 0.3416666E-01  0.6991659     
 0.3583334E-01  0.5604193     
 0.3750000E-01  0.4264506     
 0.3916667E-01  0.3590270     
 0.4083334E-01  0.2960165     
 0.4250000E-01  0.1138875     
 0.4416666E-01  0.1226873     
 0.4583333E-01  0.1053350     
 0.4750000E-01  0.1363556     
 0.4916666E-01  0.2713363     
 0.5083333E-01  0.3322246     
 0.5250000E-01  0.3611596     
 0.5416667E-01  0.3593649     
 0.5583333E-01  0.4072738     
 0.5750000E-01  0.3466742     
 0.5916666E-01  0.2645223     
 0.6083334E-01  0.1771201     
 0.6250000E-01  0.9113196E-01 
 0.6416667E-01  0.1121292     
 0.6583333E-01  0.1423393     
 0.6750000E-01  0.1934984     
 0.6916667E-01  0.3016344     
 0.7083333E-01  0.3932107     
 0.7250000E-01  0.3348083     
 0.7416667E-01  0.2722408     
 0.7583334E-01  0.1650176     
 0.7749999E-01  0.1120366     
 0.7916667E-01  0.9322485E-01 
 0.8083334E-01  0.2467688     
 0.8250000E-01  0.2511477     
 0.8416667E-01  0.3290246     
 0.8583333E-01  0.2810793     
 0.8750000E-01  0.1851082     
 0.8916666E-01  0.1167990     
 0.9083333E-01  0.9755239E-01 
 0.9250000E-01  0.1824097     
 0.9416667E-01  0.2418587     
 0.9583333E-01  0.2586962     
 0.9750000E-01  0.2083797     
 0.9916665E-01  0.1248699     
 0.1008333      0.1022755     
 0.1025000      0.1336446     
 0.1041667      0.1902984     
 0.1058333      0.2301504     
 0.1075000      0.1877806     
 0.1091667      0.1303692     
 0.1108333      0.6731313E-01 
 0.1125000      0.1527647     
 0.1141667      0.1818040     
 0.1158333      0.1720791     
 0.1175000      0.1324558     
 0.1191667      0.9122091E-01 
 0.1208333      0.1135169     
 0.1225000      0.1490085     
 0.1241667      0.1687838     
 0.1258333      0.1288730     
 0.1275000      0.8775948E-01 
 0.1291667      0.1045864     
 0.1308333      0.1393654     
 0.1325000      0.1349028     
 0.1341667      0.1071711     
 0.1358333      0.6146184E-01 
 0.1375000      0.1177263     
 0.1391667      0.1338652     
 0.1408333      0.1316517     
 0.1425000      0.8740249E-01 
 0.1441667      0.1140947     
 0.1458333      0.1188118     
 0.1475000      0.1135083     
 0.1491667      0.1162903     
 0.1508333      0.9918573E-01 
 0.1525000      0.1189456     
 0.1541667      0.1103994     
 0.1558333      0.8803021E-01 
 0.1575000      0.8956958E-01 
 0.1591667      0.1078355     
 0.1608333      0.1111816     
 0.1625000      0.6882632E-01 
 0.1641667      0.8990202E-01 
 0.1658333      0.1366259     
