# SumMovie FRC for input stack : stack6.mrc
# Number of micrographs: 1
# Number of frames per movie: 50
# Pixel size (A): 3.0000
# 1/(A)          FRC
# -----------------------
# 
# Micrograph 1 of 1. Score: .591
 0.8333334E-03  0.9999999     
 0.2500000E-02  0.9513730     
 0.4166666E-02  0.9318334     
 0.5833333E-02  0.8470786     
 0.7499999E-02  0.8656988     
 0.9166666E-02  0.6772786     
 0.1083333E-01  0.6583871     
 0.1250000E-01  0.8488219     
 0.1416667E-01  0.8872225     
 0.1583333E-01  0.9345849     
 0.1750000E-01  0.8938904     
 0.1916667E-01  0.6006143     
 0.2083333E-01  0.6706120     
 0.2250000E-01  0.8397678     
 0.2416667E-01  0.9009681     
 0.2583333E-01  0.8553890     
 0.2750000E-01  0.7322205     
 0.2916667E-01  0.6270900     
 0.3083333E-01  0.6947882     
 0.3250000E-01  0.7289787     
 0.3416666E-01  0.7003182     
 0.3583334E-01  0.5977368     
 0.3750000E-01  0.5414382     
 0.3916667E-01  0.5295054     
 0.4083334E-01  0.5721018     
 0.4250000E-01  0.4564552     
 0.4416666E-01  0.3915815     
 0.4583333E-01  0.3653839     
 0.4750000E-01  0.2997960     
 0.4916666E-01  0.2228605     
 0.5083333E-01  0.1326420     
 0.5250000E-01  0.1200891     
 0.5416667E-01  0.6716885E-01 
 0.5583333E-01  0.1006534     
 0.5750000E-01  0.1240074     
 0.5916666E-01  0.2028379     
 0.6083334E-01  0.2720060     
 0.6250000E-01  0.2957956     
 0.6416667E-01  0.3453772     
 0.6583333E-01  0.3671929     
 0.6750000E-01  0.3485508     
 0.6916667E-01  0.3418335     
 0.7083333E-01  0.2871422     
 0.7250000E-01  0.2262966     
 0.7416667E-01  0.1362198     
 0.7583334E-01  0.8597225E-01 
 0.7749999E-01  0.7418412E-01 
 0.7916667E-01  0.7579735E-01 
 0.8083334E-01  0.1895591     
 0.8250000E-01  0.2239124     
 0.8416667E-01  0.2898105     
 0.8583333E-01  0.3067739     
 0.8750000E-01  0.2867913     
 0.8916666E-01  0.2481131     
 0.9083333E-01  0.1670786     
 0.9250000E-01  0.8866347E-01 
 0.9416667E-01  0.5680009E-01 
 0.9583333E-01  0.8570172E-01 
 0.9750000E-01  0.8759642E-01 
 0.9916665E-01  0.1477745     
 0.1008333      0.2085187     
 0.1025000      0.2370496     
 0.1041667      0.1804562     
 0.1058333      0.1477304     
 0.1075000      0.8006520E-01 
 0.1091667      0.6895833E-01 
 0.1108333      0.5692242E-01 
 0.1125000      0.8664344E-01 
 0.1141667      0.1487501     
 0.1158333      0.1884932     
 0.1175000      0.1788800     
 0.1191667      0.1484756     
 0.1208333      0.5095263E-01 
 0.1225000      0.4581234E-01 
 0.1241667      0.3751276E-01 
 0.1258333      0.1086322     
 0.1275000      0.1342571     
 0.1291667      0.1317513     
 0.1308333      0.1168684     
 0.1325000      0.6689331E-01 
 0.1341667      0.5165217E-01 
 0.1358333      0.7769915E-01 
 0.1375000      0.6978928E-01 
 0.1391667      0.1035747     
 0.1408333      0.9725709E-01 
 0.1425000      0.7690175E-01 
 0.1441667      0.6544319E-01 
 0.1458333      0.3852478E-01 
 0.1475000      0.5624594E-01 
 0.1491667      0.7857641E-01 
 0.1508333      0.9281752E-01 
 0.1525000      0.6559934E-01 
 0.1541667      0.4664836E-01 
 0.1558333      0.5415290E-01 
 0.1575000      0.7279017E-01 
 0.1591667      0.8839492E-01 
 0.1608333      0.7732128E-01 
 0.1625000      0.8146229E-01 
 0.1641667      0.6767399E-01 
 0.1658333      0.2581514E-01 
