# SumMovie FRC for input stack : stack1.mrc
# Number of micrographs: 1
# Number of frames per movie: 50
# Pixel size (A): 3.0000
# 1/(A)          FRC
# -----------------------
# 
# Micrograph 1 of 1. Score: .503
 0.8333334E-03  0.9999990     
 0.2500000E-02  0.9744911     
 0.4166666E-02  0.9566883     
 0.5833333E-02  0.9213427     
 0.7499999E-02  0.9022303     
 0.9166666E-02  0.7416140     
 0.1083333E-01  0.7097198     
 0.1250000E-01  0.8383133     
 0.1416667E-01  0.9086401     
 0.1583333E-01  0.9126321     
 0.1750000E-01  0.8564776     
 0.1916667E-01  0.6378474     
 0.2083333E-01  0.7300988     
 0.2250000E-01  0.8440927     
 0.2416667E-01  0.8817438     
 0.2583333E-01  0.8394511     
 0.2750000E-01  0.6875204     
 0.2916667E-01  0.5550231     
 0.3083333E-01  0.6523623     
 0.3250000E-01  0.6574001     
 0.3416666E-01  0.6006197     
 0.3583334E-01  0.4823174     
 0.3750000E-01  0.4263314     
 0.3916667E-01  0.3760485     
 0.4083334E-01  0.3731994     
 0.4250000E-01  0.3355646     
 0.4416666E-01  0.2141691     
 0.4583333E-01  0.1411485     
 0.4750000E-01  0.1876061     
 0.4916666E-01  0.1115879     
 0.5083333E-01  0.9666926E-01 
 0.5250000E-01  0.1025396     
 0.5416667E-01  0.1144185     
 0.5583333E-01  0.1695008     
 0.5750000E-01  0.2195831     
 0.5916666E-01  0.2444754     
 0.6083334E-01  0.2806328     
 0.6250000E-01  0.2387664     
 0.6416667E-01  0.2367703     
 0.6583333E-01  0.2244255     
 0.6750000E-01  0.1421566     
 0.6916667E-01  0.1540978     
 0.7083333E-01  0.1244693     
 0.7250000E-01  0.7380787E-01 
 0.7416667E-01  0.9366463E-01 
 0.7583334E-01  0.1426072     
 0.7749999E-01  0.1943659     
 0.7916667E-01  0.2075642     
 0.8083334E-01  0.2084764     
 0.8250000E-01  0.2056669     
 0.8416667E-01  0.1656559     
 0.8583333E-01  0.1065216     
 0.8750000E-01  0.6376297E-01 
 0.8916666E-01  0.2909544E-01 
 0.9083333E-01  0.1044958     
 0.9250000E-01  0.1297484     
 0.9416667E-01  0.1772910     
 0.9583333E-01  0.1840171     
 0.9750000E-01  0.1568675     
 0.9916665E-01  0.1000093     
 0.1008333      0.8957787E-01 
 0.1025000      0.4281245E-01 
 0.1041667      0.1116784     
 0.1058333      0.1538304     
 0.1075000      0.1393246     
 0.1091667      0.1411247     
 0.1108333      0.1092921     
 0.1125000      0.1146977     
 0.1141667      0.7609589E-01 
 0.1158333      0.4939822E-01 
 0.1175000      0.7745483E-01 
 0.1191667      0.1019837     
 0.1208333      0.1046595     
 0.1225000      0.6327692E-01 
 0.1241667      0.8241614E-01 
 0.1258333      0.5546726E-01 
 0.1275000      0.4322310E-01 
 0.1291667      0.1187473     
 0.1308333      0.9812680E-01 
 0.1325000      0.8713648E-01 
 0.1341667      0.3502296E-01 
 0.1358333      0.6386989E-01 
 0.1375000      0.7077865E-01 
 0.1391667      0.7768894E-01 
 0.1408333      0.9622297E-01 
 0.1425000      0.5615638E-01 
 0.1441667      0.4526068E-01 
 0.1458333      0.7033467E-01 
 0.1475000      0.9269156E-01 
 0.1491667      0.5735964E-01 
 0.1508333      0.5589635E-01 
 0.1525000      0.4148758E-01 
 0.1541667      0.4588465E-01 
 0.1558333      0.5038903E-01 
 0.1575000      0.6811123E-01 
 0.1591667      0.3153408E-01 
 0.1608333      0.7191372E-01 
 0.1625000      0.4387554E-01 
 0.1641667      0.6811824E-01 
 0.1658333      0.4818033E-01 
