# SumMovie FRC for input stack : stack1.mrc
# Number of micrographs: 1
# Number of frames per movie: 50
# Pixel size (A): 3.0000
# 1/(A)          FRC
# -----------------------
# 
# Micrograph 1 of 1. Score: .492
 0.8333334E-03  0.9999990     
 0.2500000E-02  0.9744701     
 0.4166666E-02  0.9565895     
 0.5833333E-02  0.9211868     
 0.7499999E-02  0.9017124     
 0.9166666E-02  0.7386375     
 0.1083333E-01  0.7065750     
 0.1250000E-01  0.8339999     
 0.1416667E-01  0.9052753     
 0.1583333E-01  0.9097133     
 0.1750000E-01  0.8504413     
 0.1916667E-01  0.6243765     
 0.2083333E-01  0.7189568     
 0.2250000E-01  0.8355064     
 0.2416667E-01  0.8739180     
 0.2583333E-01  0.8278212     
 0.2750000E-01  0.6706976     
 0.2916667E-01  0.5298021     
 0.3083333E-01  0.6342932     
 0.3250000E-01  0.6292818     
 0.3416666E-01  0.5737771     
 0.3583334E-01  0.4674248     
 0.3750000E-01  0.4172175     
 0.3916667E-01  0.3535140     
 0.4083334E-01  0.3496093     
 0.4250000E-01  0.3174070     
 0.4416666E-01  0.2088776     
 0.4583333E-01  0.1504710     
 0.4750000E-01  0.1766250     
 0.4916666E-01  0.1193658     
 0.5083333E-01  0.9797525E-01 
 0.5250000E-01  0.1144066     
 0.5416667E-01  0.1144335     
 0.5583333E-01  0.1741858     
 0.5750000E-01  0.2205985     
 0.5916666E-01  0.2332418     
 0.6083334E-01  0.2704071     
 0.6250000E-01  0.2358738     
 0.6416667E-01  0.2459202     
 0.6583333E-01  0.2218410     
 0.6750000E-01  0.1468471     
 0.6916667E-01  0.1549854     
 0.7083333E-01  0.1294176     
 0.7250000E-01  0.8088299E-01 
 0.7416667E-01  0.1083915     
 0.7583334E-01  0.1587880     
 0.7749999E-01  0.2092657     
 0.7916667E-01  0.2104263     
 0.8083334E-01  0.1998941     
 0.8250000E-01  0.2177371     
 0.8416667E-01  0.1795958     
 0.8583333E-01  0.1189538     
 0.8750000E-01  0.7658620E-01 
 0.8916666E-01  0.5693665E-01 
 0.9083333E-01  0.1336503     
 0.9250000E-01  0.1457753     
 0.9416667E-01  0.1794733     
 0.9583333E-01  0.1842217     
 0.9750000E-01  0.1668923     
 0.9916665E-01  0.1201578     
 0.1008333      0.1060783     
 0.1025000      0.6633137E-01 
 0.1041667      0.1072898     
 0.1058333      0.1715325     
 0.1075000      0.1472881     
 0.1091667      0.1490674     
 0.1108333      0.1268013     
 0.1125000      0.1133316     
 0.1141667      0.8669102E-01 
 0.1158333      0.6198533E-01 
 0.1175000      0.1072114     
 0.1191667      0.9322362E-01 
 0.1208333      0.1164797     
 0.1225000      0.8915228E-01 
 0.1241667      0.1020807     
 0.1258333      0.9194936E-01 
 0.1275000      0.7997793E-01 
 0.1291667      0.1189761     
 0.1308333      0.1299472     
 0.1325000      0.1120086     
 0.1341667      0.6994522E-01 
 0.1358333      0.8217594E-01 
 0.1375000      0.9873616E-01 
 0.1391667      0.1006954     
 0.1408333      0.1151341     
 0.1425000      0.7647318E-01 
 0.1441667      0.7533726E-01 
 0.1458333      0.9634898E-01 
 0.1475000      0.1193652     
 0.1491667      0.8189291E-01 
 0.1508333      0.1020296     
 0.1525000      0.7869595E-01 
 0.1541667      0.7706892E-01 
 0.1558333      0.7638514E-01 
 0.1575000      0.9812087E-01 
 0.1591667      0.8223496E-01 
 0.1608333      0.9527554E-01 
 0.1625000      0.6933440E-01 
 0.1641667      0.7899309E-01 
 0.1658333      0.8091299E-01 
