# SumMovie FRC for input stack : stack1.mrc
# Number of micrographs: 1
# Number of frames per movie: 50
# Pixel size (A): 3.0000
# 1/(A)          FRC
# -----------------------
# 
# Micrograph 1 of 1. Score: .526
 0.8333334E-03  0.9999990     
 0.2500000E-02  0.9744815     
 0.4166666E-02  0.9568034     
 0.5833333E-02  0.9214018     
 0.7499999E-02  0.9030447     
 0.9166666E-02  0.7474532     
 0.1083333E-01  0.7164805     
 0.1250000E-01  0.8471872     
 0.1416667E-01  0.9152136     
 0.1583333E-01  0.9179583     
 0.1750000E-01  0.8679405     
 0.1916667E-01  0.6623088     
 0.2083333E-01  0.7504553     
 0.2250000E-01  0.8604146     
 0.2416667E-01  0.8961458     
 0.2583333E-01  0.8614177     
 0.2750000E-01  0.7237054     
 0.2916667E-01  0.6118665     
 0.3083333E-01  0.6904327     
 0.3250000E-01  0.7143209     
 0.3416666E-01  0.6604376     
 0.3583334E-01  0.5210325     
 0.3750000E-01  0.4532578     
 0.3916667E-01  0.4277213     
 0.4083334E-01  0.4315781     
 0.4250000E-01  0.3679950     
 0.4416666E-01  0.2256611     
 0.4583333E-01  0.1290893     
 0.4750000E-01  0.1830831     
 0.4916666E-01  0.8924044E-01 
 0.5083333E-01  0.7827482E-01 
 0.5250000E-01  0.7507168E-01 
 0.5416667E-01  0.1015242     
 0.5583333E-01  0.1786019     
 0.5750000E-01  0.2109829     
 0.5916666E-01  0.3009304     
 0.6083334E-01  0.3102462     
 0.6250000E-01  0.2777329     
 0.6416667E-01  0.2369317     
 0.6583333E-01  0.2350769     
 0.6750000E-01  0.1380740     
 0.6916667E-01  0.1113818     
 0.7083333E-01  0.8726501E-01 
 0.7250000E-01  0.5321582E-01 
 0.7416667E-01  0.7158381E-01 
 0.7583334E-01  0.1360428     
 0.7749999E-01  0.2000923     
 0.7916667E-01  0.2661537     
 0.8083334E-01  0.2503364     
 0.8250000E-01  0.2317388     
 0.8416667E-01  0.1593342     
 0.8583333E-01  0.9653921E-01 
 0.8750000E-01  0.6033963E-01 
 0.8916666E-01  0.3701544E-01 
 0.9083333E-01  0.9167791E-01 
 0.9250000E-01  0.1439813     
 0.9416667E-01  0.2003132     
 0.9583333E-01  0.2169984     
 0.9750000E-01  0.1581571     
 0.9916665E-01  0.1046219     
 0.1008333      0.6451291E-01 
 0.1025000      0.4405608E-01 
 0.1041667      0.6739735E-01 
 0.1058333      0.1409373     
 0.1075000      0.1614943     
 0.1091667      0.1442150     
 0.1108333      0.1085633     
 0.1125000      0.1258793     
 0.1141667      0.6345554E-01 
 0.1158333      0.4120730E-01 
 0.1175000      0.8688900E-01 
 0.1191667      0.1039756     
 0.1208333      0.9428195E-01 
 0.1225000      0.9834889E-01 
 0.1241667      0.6568493E-01 
 0.1258333      0.3749580E-01 
 0.1275000      0.4921318E-01 
 0.1291667      0.9770159E-01 
 0.1308333      0.8760396E-01 
 0.1325000      0.5949902E-01 
 0.1341667      0.4124358E-01 
 0.1358333      0.2714847E-01 
 0.1375000      0.4904496E-01 
 0.1391667      0.7565065E-01 
 0.1408333      0.8011323E-01 
 0.1425000      0.4379818E-01 
 0.1441667      0.2974604E-01 
 0.1458333      0.4172344E-01 
 0.1475000      0.6505913E-01 
 0.1491667      0.5394823E-01 
 0.1508333      0.7544428E-01 
 0.1525000      0.3211301E-01 
 0.1541667      0.3350280E-01 
 0.1558333      0.6925739E-01 
 0.1575000      0.4625280E-01 
 0.1591667      0.1106349E-01 
 0.1608333      0.3554301E-01 
 0.1625000      0.5251688E-01 
 0.1641667      0.4971169E-01 
 0.1658333      0.1477743E-01 
