# SumMovie FRC for input stack : stack16.mrc
# Number of micrographs: 1
# Number of frames per movie: 50
# Pixel size (A): 3.0000
# 1/(A)          FRC
# -----------------------
# 
# Micrograph 1 of 1. Score: .538
 0.8333334E-03  0.9999994     
 0.2500000E-02  0.9671984     
 0.4166666E-02  0.9455811     
 0.5833333E-02  0.9118870     
 0.7499999E-02  0.8961237     
 0.9166666E-02  0.8419277     
 0.1083333E-01  0.7758437     
 0.1250000E-01  0.8831500     
 0.1416667E-01  0.9352254     
 0.1583333E-01  0.9656361     
 0.1750000E-01  0.9458899     
 0.1916667E-01  0.7754490     
 0.2083333E-01  0.8038183     
 0.2250000E-01  0.9020789     
 0.2416667E-01  0.9422315     
 0.2583333E-01  0.9335912     
 0.2750000E-01  0.8302416     
 0.2916667E-01  0.7029965     
 0.3083333E-01  0.7510347     
 0.3250000E-01  0.7961736     
 0.3416666E-01  0.7302200     
 0.3583334E-01  0.6041199     
 0.3750000E-01  0.4404462     
 0.3916667E-01  0.3773027     
 0.4083334E-01  0.2920335     
 0.4250000E-01  0.1215438     
 0.4416666E-01  0.1256158     
 0.4583333E-01  0.9021913E-01 
 0.4750000E-01  0.1491368     
 0.4916666E-01  0.2679623     
 0.5083333E-01  0.3424037     
 0.5250000E-01  0.3889575     
 0.5416667E-01  0.3761186     
 0.5583333E-01  0.4212503     
 0.5750000E-01  0.3626810     
 0.5916666E-01  0.2799083     
 0.6083334E-01  0.1908041     
 0.6250000E-01  0.8468104E-01 
 0.6416667E-01  0.1053066     
 0.6583333E-01  0.1394809     
 0.6750000E-01  0.2107643     
 0.6916667E-01  0.3172855     
 0.7083333E-01  0.4071344     
 0.7250000E-01  0.3669554     
 0.7416667E-01  0.2949609     
 0.7583334E-01  0.1840770     
 0.7749999E-01  0.1171022     
 0.7916667E-01  0.1002915     
 0.8083334E-01  0.2504128     
 0.8250000E-01  0.2747059     
 0.8416667E-01  0.3632728     
 0.8583333E-01  0.2986560     
 0.8750000E-01  0.1877752     
 0.8916666E-01  0.1185423     
 0.9083333E-01  0.8182239E-01 
 0.9250000E-01  0.1921307     
 0.9416667E-01  0.2624809     
 0.9583333E-01  0.2749134     
 0.9750000E-01  0.2166282     
 0.9916665E-01  0.1001612     
 0.1008333      0.6501265E-01 
 0.1025000      0.1258634     
 0.1041667      0.1862459     
 0.1058333      0.2422131     
 0.1075000      0.1856640     
 0.1091667      0.1119062     
 0.1108333      0.5040379E-01 
 0.1125000      0.1400675     
 0.1141667      0.1913953     
 0.1158333      0.1883773     
 0.1175000      0.1118550     
 0.1191667      0.5201732E-01 
 0.1208333      0.8954173E-01 
 0.1225000      0.1577232     
 0.1241667      0.1679275     
 0.1258333      0.1069561     
 0.1275000      0.6438525E-01 
 0.1291667      0.9274904E-01 
 0.1308333      0.1305869     
 0.1325000      0.1363200     
 0.1341667      0.7726865E-01 
 0.1358333      0.5429957E-01 
 0.1375000      0.1063890     
 0.1391667      0.1375294     
 0.1408333      0.9547012E-01 
 0.1425000      0.7227001E-01 
 0.1441667      0.7434193E-01 
 0.1458333      0.1046915     
 0.1475000      0.9964465E-01 
 0.1491667      0.6500599E-01 
 0.1508333      0.6541622E-01 
 0.1525000      0.1041991     
 0.1541667      0.9463387E-01 
 0.1558333      0.6103589E-01 
 0.1575000      0.4702652E-01 
 0.1591667      0.8864807E-01 
 0.1608333      0.9333911E-01 
 0.1625000      0.4430960E-01 
 0.1641667      0.6150816E-01 
 0.1658333      0.1333593     
