# SumMovie FRC for input stack : stack6.mrc
# Number of micrographs: 1
# Number of frames per movie: 50
# Pixel size (A): 3.0000
# 1/(A)          FRC
# -----------------------
# 
# Micrograph 1 of 1. Score: .592
 0.8333334E-03  0.9999999     
 0.2500000E-02  0.9512986     
 0.4166666E-02  0.9319127     
 0.5833333E-02  0.8474702     
 0.7499999E-02  0.8654170     
 0.9166666E-02  0.6781687     
 0.1083333E-01  0.6580008     
 0.1250000E-01  0.8497322     
 0.1416667E-01  0.8878957     
 0.1583333E-01  0.9351327     
 0.1750000E-01  0.8939122     
 0.1916667E-01  0.6009190     
 0.2083333E-01  0.6728944     
 0.2250000E-01  0.8428652     
 0.2416667E-01  0.9024521     
 0.2583333E-01  0.8571881     
 0.2750000E-01  0.7349244     
 0.2916667E-01  0.6261523     
 0.3083333E-01  0.6976133     
 0.3250000E-01  0.7293528     
 0.3416666E-01  0.7022954     
 0.3583334E-01  0.6001946     
 0.3750000E-01  0.5391918     
 0.3916667E-01  0.5310682     
 0.4083334E-01  0.5746095     
 0.4250000E-01  0.4580991     
 0.4416666E-01  0.3955788     
 0.4583333E-01  0.3665511     
 0.4750000E-01  0.3030912     
 0.4916666E-01  0.2231362     
 0.5083333E-01  0.1348365     
 0.5250000E-01  0.1174863     
 0.5416667E-01  0.6228591E-01 
 0.5583333E-01  0.9930646E-01 
 0.5750000E-01  0.1210448     
 0.5916666E-01  0.1996910     
 0.6083334E-01  0.2709184     
 0.6250000E-01  0.2927414     
 0.6416667E-01  0.3449548     
 0.6583333E-01  0.3729895     
 0.6750000E-01  0.3486143     
 0.6916667E-01  0.3470144     
 0.7083333E-01  0.2916865     
 0.7250000E-01  0.2239478     
 0.7416667E-01  0.1275575     
 0.7583334E-01  0.7746729E-01 
 0.7749999E-01  0.7096925E-01 
 0.7916667E-01  0.7773090E-01 
 0.8083334E-01  0.1857820     
 0.8250000E-01  0.2290297     
 0.8416667E-01  0.2959818     
 0.8583333E-01  0.3109648     
 0.8750000E-01  0.2918843     
 0.8916666E-01  0.2449197     
 0.9083333E-01  0.1633161     
 0.9250000E-01  0.8564349E-01 
 0.9416667E-01  0.5158873E-01 
 0.9583333E-01  0.8594865E-01 
 0.9750000E-01  0.8822784E-01 
 0.9916665E-01  0.1414842     
 0.1008333      0.2194335     
 0.1025000      0.2414580     
 0.1041667      0.1735649     
 0.1058333      0.1522034     
 0.1075000      0.8253396E-01 
 0.1091667      0.7353082E-01 
 0.1108333      0.4550635E-01 
 0.1125000      0.8470387E-01 
 0.1141667      0.1413483     
 0.1158333      0.1931022     
 0.1175000      0.1710578     
 0.1191667      0.1323603     
 0.1208333      0.4273153E-01 
 0.1225000      0.4414607E-01 
 0.1241667      0.3322345E-01 
 0.1258333      0.1033075     
 0.1275000      0.1225321     
 0.1291667      0.1277842     
 0.1308333      0.1168957     
 0.1325000      0.6202041E-01 
 0.1341667      0.4840901E-01 
 0.1358333      0.7491001E-01 
 0.1375000      0.6731275E-01 
 0.1391667      0.1025512     
 0.1408333      0.9030030E-01 
 0.1425000      0.7153741E-01 
 0.1441667      0.6036699E-01 
 0.1458333      0.3692038E-01 
 0.1475000      0.5264807E-01 
 0.1491667      0.7372497E-01 
 0.1508333      0.9213287E-01 
 0.1525000      0.6702793E-01 
 0.1541667      0.4601372E-01 
 0.1558333      0.3692734E-01 
 0.1575000      0.7255900E-01 
 0.1591667      0.8433338E-01 
 0.1608333      0.7644556E-01 
 0.1625000      0.7696185E-01 
 0.1641667      0.5578546E-01 
 0.1658333      0.2918883E-01 
