# SumMovie FRC for input stack : stack11.mrc
# Number of micrographs: 1
# Number of frames per movie: 50
# Pixel size (A): 3.0000
# 1/(A)          FRC
# -----------------------
# 
# Micrograph 1 of 1. Score: .577
 0.8333334E-03  0.9999998     
 0.2500000E-02  0.8506194     
 0.4166666E-02  0.8709205     
 0.5833333E-02  0.8516256     
 0.7499999E-02  0.8579586     
 0.9166666E-02  0.7376268     
 0.1083333E-01  0.6258383     
 0.1250000E-01  0.8539415     
 0.1416667E-01  0.9154812     
 0.1583333E-01  0.9441891     
 0.1750000E-01  0.9083049     
 0.1916667E-01  0.6543886     
 0.2083333E-01  0.7417684     
 0.2250000E-01  0.8761621     
 0.2416667E-01  0.9248636     
 0.2583333E-01  0.8933780     
 0.2750000E-01  0.7467159     
 0.2916667E-01  0.6522591     
 0.3083333E-01  0.7205430     
 0.3250000E-01  0.7781389     
 0.3416666E-01  0.7320787     
 0.3583334E-01  0.5954980     
 0.3750000E-01  0.5329902     
 0.3916667E-01  0.5112953     
 0.4083334E-01  0.5214658     
 0.4250000E-01  0.4080551     
 0.4416666E-01  0.3426813     
 0.4583333E-01  0.3001760     
 0.4750000E-01  0.2178150     
 0.4916666E-01  0.1031864     
 0.5083333E-01  0.7478219E-01 
 0.5250000E-01  0.1385050     
 0.5416667E-01  0.1445710     
 0.5583333E-01  0.2169675     
 0.5750000E-01  0.3000689     
 0.5916666E-01  0.3846200     
 0.6083334E-01  0.3615854     
 0.6250000E-01  0.4235443     
 0.6416667E-01  0.4056773     
 0.6583333E-01  0.3288796     
 0.6750000E-01  0.3042240     
 0.6916667E-01  0.1824140     
 0.7083333E-01  0.1072037     
 0.7250000E-01  0.6361114E-01 
 0.7416667E-01  0.1095151     
 0.7583334E-01  0.2006759     
 0.7749999E-01  0.2845263     
 0.7916667E-01  0.3248470     
 0.8083334E-01  0.3794692     
 0.8250000E-01  0.3374116     
 0.8416667E-01  0.3171721     
 0.8583333E-01  0.2073848     
 0.8750000E-01  0.1010776     
 0.8916666E-01  0.6574399E-01 
 0.9083333E-01  0.1336543     
 0.9250000E-01  0.2397820     
 0.9416667E-01  0.2910835     
 0.9583333E-01  0.2972712     
 0.9750000E-01  0.2677335     
 0.9916665E-01  0.2180923     
 0.1008333      0.1051679     
 0.1025000      0.3805621E-01 
 0.1041667      0.1106481     
 0.1058333      0.1888079     
 0.1075000      0.2370272     
 0.1091667      0.2345709     
 0.1108333      0.1982812     
 0.1125000      0.1303080     
 0.1141667      0.6014844E-01 
 0.1158333      0.8056977E-01 
 0.1175000      0.1386410     
 0.1191667      0.1703165     
 0.1208333      0.1625163     
 0.1225000      0.1316462     
 0.1241667      0.7215501E-01 
 0.1258333      0.6215765E-01 
 0.1275000      0.8842950E-01 
 0.1291667      0.1423922     
 0.1308333      0.1675707     
 0.1325000      0.1617654     
 0.1341667      0.8582611E-01 
 0.1358333      0.4919453E-01 
 0.1375000      0.8974962E-01 
 0.1391667      0.9937177E-01 
 0.1408333      0.1280289     
 0.1425000      0.9949343E-01 
 0.1441667      0.6750555E-01 
 0.1458333      0.4351287E-01 
 0.1475000      0.5624551E-01 
 0.1491667      0.1107410     
 0.1508333      0.9894777E-01 
 0.1525000      0.7999532E-01 
 0.1541667      0.6354492E-01 
 0.1558333      0.6099428E-01 
 0.1575000      0.1141953     
 0.1591667      0.6990728E-01 
 0.1608333      0.6084760E-01 
 0.1625000      0.5669217E-01 
 0.1641667      0.6903358E-01 
 0.1658333      0.9206401E-01 
