# SumMovie FRC for input stack : stack16.mrc
# Number of micrographs: 1
# Number of frames per movie: 50
# Pixel size (A): 3.0000
# 1/(A)          FRC
# -----------------------
# 
# Micrograph 1 of 1. Score: .538
 0.8333334E-03  0.9999994     
 0.2500000E-02  0.9672263     
 0.4166666E-02  0.9454265     
 0.5833333E-02  0.9120734     
 0.7499999E-02  0.8965342     
 0.9166666E-02  0.8416196     
 0.1083333E-01  0.7767329     
 0.1250000E-01  0.8840557     
 0.1416667E-01  0.9355373     
 0.1583333E-01  0.9656242     
 0.1750000E-01  0.9459081     
 0.1916667E-01  0.7766538     
 0.2083333E-01  0.8028853     
 0.2250000E-01  0.9024012     
 0.2416667E-01  0.9434925     
 0.2583333E-01  0.9341079     
 0.2750000E-01  0.8306648     
 0.2916667E-01  0.7051587     
 0.3083333E-01  0.7543032     
 0.3250000E-01  0.7966205     
 0.3416666E-01  0.7331068     
 0.3583334E-01  0.6084452     
 0.3750000E-01  0.4392740     
 0.3916667E-01  0.3791935     
 0.4083334E-01  0.2920869     
 0.4250000E-01  0.1228880     
 0.4416666E-01  0.1180987     
 0.4583333E-01  0.8309248E-01 
 0.4750000E-01  0.1475381     
 0.4916666E-01  0.2687873     
 0.5083333E-01  0.3447555     
 0.5250000E-01  0.3899102     
 0.5416667E-01  0.3826102     
 0.5583333E-01  0.4241543     
 0.5750000E-01  0.3622675     
 0.5916666E-01  0.2769470     
 0.6083334E-01  0.1854682     
 0.6250000E-01  0.7925084E-01 
 0.6416667E-01  0.1029782     
 0.6583333E-01  0.1387019     
 0.6750000E-01  0.2085912     
 0.6916667E-01  0.3148747     
 0.7083333E-01  0.4059080     
 0.7250000E-01  0.3728637     
 0.7416667E-01  0.3079276     
 0.7583334E-01  0.1808487     
 0.7749999E-01  0.1184411     
 0.7916667E-01  0.9287477E-01 
 0.8083334E-01  0.2488033     
 0.8250000E-01  0.2757306     
 0.8416667E-01  0.3597963     
 0.8583333E-01  0.3018804     
 0.8750000E-01  0.1847421     
 0.8916666E-01  0.1196151     
 0.9083333E-01  0.7822047E-01 
 0.9250000E-01  0.1847324     
 0.9416667E-01  0.2603872     
 0.9583333E-01  0.2809253     
 0.9750000E-01  0.2085165     
 0.9916665E-01  0.9613204E-01 
 0.1008333      0.5787373E-01 
 0.1025000      0.1199355     
 0.1041667      0.1913784     
 0.1058333      0.2404682     
 0.1075000      0.1785781     
 0.1091667      0.1096723     
 0.1108333      0.5676342E-01 
 0.1125000      0.1385865     
 0.1141667      0.1961017     
 0.1158333      0.1883018     
 0.1175000      0.1107904     
 0.1191667      0.4784041E-01 
 0.1208333      0.8969726E-01 
 0.1225000      0.1554810     
 0.1241667      0.1747626     
 0.1258333      0.1075807     
 0.1275000      0.6524104E-01 
 0.1291667      0.8632392E-01 
 0.1308333      0.1199064     
 0.1325000      0.1336725     
 0.1341667      0.6557459E-01 
 0.1358333      0.4293035E-01 
 0.1375000      0.1123716     
 0.1391667      0.1346168     
 0.1408333      0.9322225E-01 
 0.1425000      0.7490688E-01 
 0.1441667      0.7408005E-01 
 0.1458333      0.1139919     
 0.1475000      0.9460966E-01 
 0.1491667      0.6368285E-01 
 0.1508333      0.7164685E-01 
 0.1525000      0.1013585     
 0.1541667      0.8466892E-01 
 0.1558333      0.7508051E-01 
 0.1575000      0.4376097E-01 
 0.1591667      0.8370201E-01 
 0.1608333      0.8538695E-01 
 0.1625000      0.4288201E-01 
 0.1641667      0.6384169E-01 
 0.1658333      0.1302535     
