# SumMovie FRC for input stack : stack1.mrc
# Number of micrographs: 1
# Number of frames per movie: 50
# Pixel size (A): 3.0000
# 1/(A)          FRC
# -----------------------
# 
# Micrograph 1 of 1. Score: .538
 0.8333334E-03  0.9999990     
 0.2500000E-02  0.9744101     
 0.4166666E-02  0.9567538     
 0.5833333E-02  0.9213633     
 0.7499999E-02  0.9030104     
 0.9166666E-02  0.7493793     
 0.1083333E-01  0.7196037     
 0.1250000E-01  0.8503199     
 0.1416667E-01  0.9173707     
 0.1583333E-01  0.9195650     
 0.1750000E-01  0.8712048     
 0.1916667E-01  0.6692445     
 0.2083333E-01  0.7580954     
 0.2250000E-01  0.8662905     
 0.2416667E-01  0.9014384     
 0.2583333E-01  0.8698738     
 0.2750000E-01  0.7381002     
 0.2916667E-01  0.6352491     
 0.3083333E-01  0.7048663     
 0.3250000E-01  0.7324691     
 0.3416666E-01  0.6770696     
 0.3583334E-01  0.5394202     
 0.3750000E-01  0.4742839     
 0.3916667E-01  0.4453128     
 0.4083334E-01  0.4492419     
 0.4250000E-01  0.3866015     
 0.4416666E-01  0.2468320     
 0.4583333E-01  0.1539562     
 0.4750000E-01  0.1738182     
 0.4916666E-01  0.8952414E-01 
 0.5083333E-01  0.5704281E-01 
 0.5250000E-01  0.7554661E-01 
 0.5416667E-01  0.1058003     
 0.5583333E-01  0.1871530     
 0.5750000E-01  0.2409413     
 0.5916666E-01  0.3278713     
 0.6083334E-01  0.3318290     
 0.6250000E-01  0.3204816     
 0.6416667E-01  0.2833496     
 0.6583333E-01  0.2686734     
 0.6750000E-01  0.1574723     
 0.6916667E-01  0.1167084     
 0.7083333E-01  0.7947838E-01 
 0.7250000E-01  0.6421501E-01 
 0.7416667E-01  0.1001188     
 0.7583334E-01  0.1531294     
 0.7749999E-01  0.2492631     
 0.7916667E-01  0.2876262     
 0.8083334E-01  0.2814637     
 0.8250000E-01  0.2851032     
 0.8416667E-01  0.2175781     
 0.8583333E-01  0.1166647     
 0.8750000E-01  0.4937750E-01 
 0.8916666E-01  0.4051777E-01 
 0.9083333E-01  0.1236555     
 0.9250000E-01  0.1766284     
 0.9416667E-01  0.2324497     
 0.9583333E-01  0.2410778     
 0.9750000E-01  0.1973624     
 0.9916665E-01  0.1123081     
 0.1008333      0.6758768E-01 
 0.1025000      0.5065258E-01 
 0.1041667      0.1193308     
 0.1058333      0.1567743     
 0.1075000      0.1610385     
 0.1091667      0.1639308     
 0.1108333      0.1172298     
 0.1125000      0.1179259     
 0.1141667      0.3704009E-01 
 0.1158333      0.5282584E-01 
 0.1175000      0.1037379     
 0.1191667      0.1086367     
 0.1208333      0.1031689     
 0.1225000      0.9999706E-01 
 0.1241667      0.3322207E-01 
 0.1258333      0.4021528E-01 
 0.1275000      0.5994506E-01 
 0.1291667      0.1158320     
 0.1308333      0.1166733     
 0.1325000      0.5995640E-01 
 0.1341667      0.4676640E-01 
 0.1358333      0.3746144E-01 
 0.1375000      0.8612305E-01 
 0.1391667      0.6344312E-01 
 0.1408333      0.9417239E-01 
 0.1425000      0.5890892E-01 
 0.1441667      0.2679139E-01 
 0.1458333      0.4033576E-01 
 0.1475000      0.7654196E-01 
 0.1491667      0.6203684E-01 
 0.1508333      0.5634708E-01 
 0.1525000      0.4194250E-01 
 0.1541667      0.5239706E-01 
 0.1558333      0.7044534E-01 
 0.1575000      0.2749319E-01 
 0.1591667      0.2222273E-01 
 0.1608333      0.3563157E-01 
 0.1625000      0.5258460E-01 
 0.1641667      0.4308918E-01 
 0.1658333      0.3538849E-01 
