# SumMovie FRC for input stack : stack16.mrc
# Number of micrographs: 1
# Number of frames per movie: 50
# Pixel size (A): 3.0000
# 1/(A)          FRC
# -----------------------
# 
# Micrograph 1 of 1. Score: .538
 0.8333334E-03  0.9999994     
 0.2500000E-02  0.9672067     
 0.4166666E-02  0.9454600     
 0.5833333E-02  0.9120424     
 0.7499999E-02  0.8964290     
 0.9166666E-02  0.8416715     
 0.1083333E-01  0.7765819     
 0.1250000E-01  0.8837999     
 0.1416667E-01  0.9354566     
 0.1583333E-01  0.9656537     
 0.1750000E-01  0.9459389     
 0.1916667E-01  0.7764044     
 0.2083333E-01  0.8033299     
 0.2250000E-01  0.9024645     
 0.2416667E-01  0.9432691     
 0.2583333E-01  0.9341005     
 0.2750000E-01  0.8306839     
 0.2916667E-01  0.7049217     
 0.3083333E-01  0.7537559     
 0.3250000E-01  0.7967256     
 0.3416666E-01  0.7328210     
 0.3583334E-01  0.6081753     
 0.3750000E-01  0.4397608     
 0.3916667E-01  0.3793805     
 0.4083334E-01  0.2914197     
 0.4250000E-01  0.1230763     
 0.4416666E-01  0.1203464     
 0.4583333E-01  0.8438674E-01 
 0.4750000E-01  0.1485218     
 0.4916666E-01  0.2684782     
 0.5083333E-01  0.3437560     
 0.5250000E-01  0.3891767     
 0.5416667E-01  0.3817026     
 0.5583333E-01  0.4244443     
 0.5750000E-01  0.3624316     
 0.5916666E-01  0.2782446     
 0.6083334E-01  0.1865256     
 0.6250000E-01  0.8043952E-01 
 0.6416667E-01  0.1035549     
 0.6583333E-01  0.1377075     
 0.6750000E-01  0.2075046     
 0.6916667E-01  0.3156730     
 0.7083333E-01  0.4074225     
 0.7250000E-01  0.3712898     
 0.7416667E-01  0.3046307     
 0.7583334E-01  0.1824353     
 0.7749999E-01  0.1175570     
 0.7916667E-01  0.9465372E-01 
 0.8083334E-01  0.2498520     
 0.8250000E-01  0.2756732     
 0.8416667E-01  0.3610581     
 0.8583333E-01  0.3018906     
 0.8750000E-01  0.1844346     
 0.8916666E-01  0.1192444     
 0.9083333E-01  0.7684091E-01 
 0.9250000E-01  0.1873072     
 0.9416667E-01  0.2610597     
 0.9583333E-01  0.2780292     
 0.9750000E-01  0.2088997     
 0.9916665E-01  0.9605562E-01 
 0.1008333      0.5850543E-01 
 0.1025000      0.1215444     
 0.1041667      0.1905937     
 0.1058333      0.2403851     
 0.1075000      0.1797292     
 0.1091667      0.1093390     
 0.1108333      0.5434316E-01 
 0.1125000      0.1373198     
 0.1141667      0.1985110     
 0.1158333      0.1882315     
 0.1175000      0.1126799     
 0.1191667      0.4657480E-01 
 0.1208333      0.8807033E-01 
 0.1225000      0.1578766     
 0.1241667      0.1724979     
 0.1258333      0.1082078     
 0.1275000      0.6414546E-01 
 0.1291667      0.8948430E-01 
 0.1308333      0.1192089     
 0.1325000      0.1346654     
 0.1341667      0.6779199E-01 
 0.1358333      0.4748977E-01 
 0.1375000      0.1098781     
 0.1391667      0.1366389     
 0.1408333      0.9146266E-01 
 0.1425000      0.7354806E-01 
 0.1441667      0.7257619E-01 
 0.1458333      0.1113350     
 0.1475000      0.9235615E-01 
 0.1491667      0.5748167E-01 
 0.1508333      0.6692643E-01 
 0.1525000      0.9788582E-01 
 0.1541667      0.8359755E-01 
 0.1558333      0.7252701E-01 
 0.1575000      0.4389728E-01 
 0.1591667      0.8249517E-01 
 0.1608333      0.8651186E-01 
 0.1625000      0.4539533E-01 
 0.1641667      0.6166006E-01 
 0.1658333      0.1298428     
