# SumMovie FRC for input stack : stack6.mrc
# Number of micrographs: 1
# Number of frames per movie: 50
# Pixel size (A): 3.0000
# 1/(A)          FRC
# -----------------------
# 
# Micrograph 1 of 1. Score: .589
 0.8333334E-03  0.9999999     
 0.2500000E-02  0.9513918     
 0.4166666E-02  0.9317674     
 0.5833333E-02  0.8467897     
 0.7499999E-02  0.8658046     
 0.9166666E-02  0.6760769     
 0.1083333E-01  0.6577358     
 0.1250000E-01  0.8479443     
 0.1416667E-01  0.8864970     
 0.1583333E-01  0.9338900     
 0.1750000E-01  0.8933854     
 0.1916667E-01  0.6009485     
 0.2083333E-01  0.6683782     
 0.2250000E-01  0.8372344     
 0.2416667E-01  0.8990827     
 0.2583333E-01  0.8533682     
 0.2750000E-01  0.7299039     
 0.2916667E-01  0.6267251     
 0.3083333E-01  0.6914014     
 0.3250000E-01  0.7284557     
 0.3416666E-01  0.6976864     
 0.3583334E-01  0.5946112     
 0.3750000E-01  0.5412939     
 0.3916667E-01  0.5263587     
 0.4083334E-01  0.5684996     
 0.4250000E-01  0.4548630     
 0.4416666E-01  0.3861753     
 0.4583333E-01  0.3623178     
 0.4750000E-01  0.2983887     
 0.4916666E-01  0.2218203     
 0.5083333E-01  0.1262511     
 0.5250000E-01  0.1223787     
 0.5416667E-01  0.6991068E-01 
 0.5583333E-01  0.1051242     
 0.5750000E-01  0.1265058     
 0.5916666E-01  0.2062812     
 0.6083334E-01  0.2735944     
 0.6250000E-01  0.2954636     
 0.6416667E-01  0.3482018     
 0.6583333E-01  0.3600283     
 0.6750000E-01  0.3461763     
 0.6916667E-01  0.3323531     
 0.7083333E-01  0.2846301     
 0.7250000E-01  0.2254762     
 0.7416667E-01  0.1350470     
 0.7583334E-01  0.9202259E-01 
 0.7749999E-01  0.7749377E-01 
 0.7916667E-01  0.7656235E-01 
 0.8083334E-01  0.1866108     
 0.8250000E-01  0.2243216     
 0.8416667E-01  0.2788283     
 0.8583333E-01  0.2978781     
 0.8750000E-01  0.2830289     
 0.8916666E-01  0.2449100     
 0.9083333E-01  0.1640631     
 0.9250000E-01  0.9681109E-01 
 0.9416667E-01  0.5233695E-01 
 0.9583333E-01  0.9180812E-01 
 0.9750000E-01  0.8951274E-01 
 0.9916665E-01  0.1504167     
 0.1008333      0.2090609     
 0.1025000      0.2372376     
 0.1041667      0.1755078     
 0.1058333      0.1460749     
 0.1075000      0.8248449E-01 
 0.1091667      0.6583320E-01 
 0.1108333      0.6291614E-01 
 0.1125000      0.9049788E-01 
 0.1141667      0.1563193     
 0.1158333      0.1844430     
 0.1175000      0.1668081     
 0.1191667      0.1436282     
 0.1208333      0.5625252E-01 
 0.1225000      0.4680200E-01 
 0.1241667      0.3416808E-01 
 0.1258333      0.1052372     
 0.1275000      0.1359446     
 0.1291667      0.1280819     
 0.1308333      0.1135649     
 0.1325000      0.6527353E-01 
 0.1341667      0.5644435E-01 
 0.1358333      0.7882456E-01 
 0.1375000      0.7000974E-01 
 0.1391667      0.9734621E-01 
 0.1408333      0.9621596E-01 
 0.1425000      0.7877162E-01 
 0.1441667      0.6932210E-01 
 0.1458333      0.4406296E-01 
 0.1475000      0.6272127E-01 
 0.1491667      0.7360180E-01 
 0.1508333      0.9615050E-01 
 0.1525000      0.6262365E-01 
 0.1541667      0.4915435E-01 
 0.1558333      0.6090220E-01 
 0.1575000      0.7308754E-01 
 0.1591667      0.9210780E-01 
 0.1608333      0.7557838E-01 
 0.1625000      0.7947923E-01 
 0.1641667      0.6281374E-01 
 0.1658333      0.3573691E-01 
