# SumMovie FRC for input stack : stack1.mrc
# Number of micrographs: 1
# Number of frames per movie: 50
# Pixel size (A): 3.0000
# 1/(A)          FRC
# -----------------------
# 
# Micrograph 1 of 1. Score: .535
 0.8333334E-03  0.9999990     
 0.2500000E-02  0.9744309     
 0.4166666E-02  0.9567621     
 0.5833333E-02  0.9213856     
 0.7499999E-02  0.9030779     
 0.9166666E-02  0.7488230     
 0.1083333E-01  0.7186536     
 0.1250000E-01  0.8496063     
 0.1416667E-01  0.9167763     
 0.1583333E-01  0.9193090     
 0.1750000E-01  0.8706648     
 0.1916667E-01  0.6681703     
 0.2083333E-01  0.7559516     
 0.2250000E-01  0.8648441     
 0.2416667E-01  0.9001926     
 0.2583333E-01  0.8676978     
 0.2750000E-01  0.7348922     
 0.2916667E-01  0.6294006     
 0.3083333E-01  0.7012025     
 0.3250000E-01  0.7291456     
 0.3416666E-01  0.6745356     
 0.3583334E-01  0.5346016     
 0.3750000E-01  0.4676706     
 0.3916667E-01  0.4417574     
 0.4083334E-01  0.4464191     
 0.4250000E-01  0.3805740     
 0.4416666E-01  0.2380236     
 0.4583333E-01  0.1430242     
 0.4750000E-01  0.1737781     
 0.4916666E-01  0.8872645E-01 
 0.5083333E-01  0.6251886E-01 
 0.5250000E-01  0.7386848E-01 
 0.5416667E-01  0.1034932     
 0.5583333E-01  0.1850877     
 0.5750000E-01  0.2291421     
 0.5916666E-01  0.3228987     
 0.6083334E-01  0.3262253     
 0.6250000E-01  0.3101523     
 0.6416667E-01  0.2696357     
 0.6583333E-01  0.2573350     
 0.6750000E-01  0.1539099     
 0.6916667E-01  0.1116314     
 0.7083333E-01  0.7947501E-01 
 0.7250000E-01  0.5897761E-01 
 0.7416667E-01  0.9156686E-01 
 0.7583334E-01  0.1472350     
 0.7749999E-01  0.2384629     
 0.7916667E-01  0.2897119     
 0.8083334E-01  0.2773000     
 0.8250000E-01  0.2739705     
 0.8416667E-01  0.2029123     
 0.8583333E-01  0.1108176     
 0.8750000E-01  0.4696149E-01 
 0.8916666E-01  0.4528496E-01 
 0.9083333E-01  0.1192906     
 0.9250000E-01  0.1716291     
 0.9416667E-01  0.2222095     
 0.9583333E-01  0.2324252     
 0.9750000E-01  0.1843899     
 0.9916665E-01  0.1166240     
 0.1008333      0.6426527E-01 
 0.1025000      0.5774373E-01 
 0.1041667      0.9905941E-01 
 0.1058333      0.1453828     
 0.1075000      0.1547453     
 0.1091667      0.1598256     
 0.1108333      0.1054409     
 0.1125000      0.1233468     
 0.1141667      0.4728533E-01 
 0.1158333      0.4088969E-01 
 0.1175000      0.8911929E-01 
 0.1191667      0.1085087     
 0.1208333      0.1040514     
 0.1225000      0.9916573E-01 
 0.1241667      0.4302892E-01 
 0.1258333      0.3652269E-01 
 0.1275000      0.5251468E-01 
 0.1291667      0.9957124E-01 
 0.1308333      0.1164705     
 0.1325000      0.6047367E-01 
 0.1341667      0.4482029E-01 
 0.1358333      0.3500424E-01 
 0.1375000      0.7534716E-01 
 0.1391667      0.6605756E-01 
 0.1408333      0.7811017E-01 
 0.1425000      0.6198126E-01 
 0.1441667      0.2041582E-01 
 0.1458333      0.4615623E-01 
 0.1475000      0.7757608E-01 
 0.1491667      0.6927131E-01 
 0.1508333      0.6291542E-01 
 0.1525000      0.4965021E-01 
 0.1541667      0.4596581E-01 
 0.1558333      0.6565898E-01 
 0.1575000      0.3671356E-01 
 0.1591667      0.2728365E-01 
 0.1608333      0.3494443E-01 
 0.1625000      0.5460921E-01 
 0.1641667      0.4635094E-01 
 0.1658333      0.2556829E-01 
