# SumMovie FRC for input stack : stack6.mrc
# Number of micrographs: 1
# Number of frames per movie: 50
# Pixel size (A): 3.0000
# 1/(A)          FRC
# -----------------------
# 
# Micrograph 1 of 1. Score: .577
 0.8333334E-03  0.9999999     
 0.2500000E-02  0.9513767     
 0.4166666E-02  0.9316788     
 0.5833333E-02  0.8462305     
 0.7499999E-02  0.8651472     
 0.9166666E-02  0.6732792     
 0.1083333E-01  0.6549106     
 0.1250000E-01  0.8461770     
 0.1416667E-01  0.8835292     
 0.1583333E-01  0.9314234     
 0.1750000E-01  0.8911903     
 0.1916667E-01  0.6005814     
 0.2083333E-01  0.6617634     
 0.2250000E-01  0.8291461     
 0.2416667E-01  0.8922563     
 0.2583333E-01  0.8447705     
 0.2750000E-01  0.7215483     
 0.2916667E-01  0.6163536     
 0.3083333E-01  0.6767638     
 0.3250000E-01  0.7193133     
 0.3416666E-01  0.6850684     
 0.3583334E-01  0.5775124     
 0.3750000E-01  0.5257360     
 0.3916667E-01  0.5088108     
 0.4083334E-01  0.5424787     
 0.4250000E-01  0.4384201     
 0.4416666E-01  0.3699295     
 0.4583333E-01  0.3409400     
 0.4750000E-01  0.2872783     
 0.4916666E-01  0.2143138     
 0.5083333E-01  0.1183332     
 0.5250000E-01  0.1401226     
 0.5416667E-01  0.8682952E-01 
 0.5583333E-01  0.1259063     
 0.5750000E-01  0.1295030     
 0.5916666E-01  0.2110112     
 0.6083334E-01  0.2718336     
 0.6250000E-01  0.2897971     
 0.6416667E-01  0.3360344     
 0.6583333E-01  0.3340763     
 0.6750000E-01  0.3369573     
 0.6916667E-01  0.3178655     
 0.7083333E-01  0.2722057     
 0.7250000E-01  0.2152741     
 0.7416667E-01  0.1421070     
 0.7583334E-01  0.1006646     
 0.7749999E-01  0.8898727E-01 
 0.7916667E-01  0.9108512E-01 
 0.8083334E-01  0.1729275     
 0.8250000E-01  0.2123688     
 0.8416667E-01  0.2696902     
 0.8583333E-01  0.2859735     
 0.8750000E-01  0.2652671     
 0.8916666E-01  0.2493380     
 0.9083333E-01  0.1357569     
 0.9250000E-01  0.1237095     
 0.9416667E-01  0.7939570E-01 
 0.9583333E-01  0.1226109     
 0.9750000E-01  0.1217107     
 0.9916665E-01  0.1622950     
 0.1008333      0.1922368     
 0.1025000      0.2166751     
 0.1041667      0.1903697     
 0.1058333      0.1449663     
 0.1075000      0.1015779     
 0.1091667      0.5083555E-01 
 0.1108333      0.7806565E-01 
 0.1125000      0.1272588     
 0.1141667      0.1721956     
 0.1158333      0.1932107     
 0.1175000      0.1527342     
 0.1191667      0.1380500     
 0.1208333      0.8589948E-01 
 0.1225000      0.6173486E-01 
 0.1241667      0.7697236E-01 
 0.1258333      0.9279782E-01 
 0.1275000      0.1417740     
 0.1291667      0.1353175     
 0.1308333      0.1272582     
 0.1325000      0.5929395E-01 
 0.1341667      0.4781774E-01 
 0.1358333      0.1039562     
 0.1375000      0.8178307E-01 
 0.1391667      0.8798458E-01 
 0.1408333      0.1124671     
 0.1425000      0.9929783E-01 
 0.1441667      0.7466883E-01 
 0.1458333      0.6935778E-01 
 0.1475000      0.7908952E-01 
 0.1491667      0.1068915     
 0.1508333      0.1181217     
 0.1525000      0.8772165E-01 
 0.1541667      0.5540944E-01 
 0.1558333      0.8304454E-01 
 0.1575000      0.7711039E-01 
 0.1591667      0.9161594E-01 
 0.1608333      0.1027159     
 0.1625000      0.7616731E-01 
 0.1641667      0.7856553E-01 
 0.1658333      0.5011492E-01 
