# SumMovie FRC for input stack : stack6.mrc
# Number of micrographs: 1
# Number of frames per movie: 50
# Pixel size (A): 3.0000
# 1/(A)          FRC
# -----------------------
# 
# Micrograph 1 of 1. Score: .577
 0.8333334E-03  0.9999999     
 0.2500000E-02  0.9513789     
 0.4166666E-02  0.9316829     
 0.5833333E-02  0.8462370     
 0.7499999E-02  0.8651687     
 0.9166666E-02  0.6733547     
 0.1083333E-01  0.6549937     
 0.1250000E-01  0.8462089     
 0.1416667E-01  0.8836159     
 0.1583333E-01  0.9314872     
 0.1750000E-01  0.8912502     
 0.1916667E-01  0.6006378     
 0.2083333E-01  0.6619880     
 0.2250000E-01  0.8294039     
 0.2416667E-01  0.8924229     
 0.2583333E-01  0.8450425     
 0.2750000E-01  0.7218022     
 0.2916667E-01  0.6167272     
 0.3083333E-01  0.6771799     
 0.3250000E-01  0.7196817     
 0.3416666E-01  0.6853375     
 0.3583334E-01  0.5779288     
 0.3750000E-01  0.5262566     
 0.3916667E-01  0.5094937     
 0.4083334E-01  0.5432681     
 0.4250000E-01  0.4390505     
 0.4416666E-01  0.3702296     
 0.4583333E-01  0.3416658     
 0.4750000E-01  0.2875934     
 0.4916666E-01  0.2144295     
 0.5083333E-01  0.1183559     
 0.5250000E-01  0.1394996     
 0.5416667E-01  0.8619069E-01 
 0.5583333E-01  0.1253736     
 0.5750000E-01  0.1294746     
 0.5916666E-01  0.2111080     
 0.6083334E-01  0.2721185     
 0.6250000E-01  0.2898704     
 0.6416667E-01  0.3365473     
 0.6583333E-01  0.3347153     
 0.6750000E-01  0.3371222     
 0.6916667E-01  0.3177855     
 0.7083333E-01  0.2727739     
 0.7250000E-01  0.2153646     
 0.7416667E-01  0.1415329     
 0.7583334E-01  0.1005035     
 0.7749999E-01  0.8898070E-01 
 0.7916667E-01  0.9047738E-01 
 0.8083334E-01  0.1730886     
 0.8250000E-01  0.2123471     
 0.8416667E-01  0.2697753     
 0.8583333E-01  0.2857005     
 0.8750000E-01  0.2655361     
 0.8916666E-01  0.2485999     
 0.9083333E-01  0.1360254     
 0.9250000E-01  0.1230020     
 0.9416667E-01  0.7830983E-01 
 0.9583333E-01  0.1217717     
 0.9750000E-01  0.1207934     
 0.9916665E-01  0.1615554     
 0.1008333      0.1927501     
 0.1025000      0.2171553     
 0.1041667      0.1894267     
 0.1058333      0.1451557     
 0.1075000      0.1011091     
 0.1091667      0.5043277E-01 
 0.1108333      0.7742937E-01 
 0.1125000      0.1257309     
 0.1141667      0.1718738     
 0.1158333      0.1929229     
 0.1175000      0.1521171     
 0.1191667      0.1379277     
 0.1208333      0.8464951E-01 
 0.1225000      0.6099697E-01 
 0.1241667      0.7471380E-01 
 0.1258333      0.9189067E-01 
 0.1275000      0.1408916     
 0.1291667      0.1347067     
 0.1308333      0.1260859     
 0.1325000      0.5870647E-01 
 0.1341667      0.4693475E-01 
 0.1358333      0.1028810     
 0.1375000      0.8058228E-01 
 0.1391667      0.8697958E-01 
 0.1408333      0.1116750     
 0.1425000      0.9872328E-01 
 0.1441667      0.7391095E-01 
 0.1458333      0.6792247E-01 
 0.1475000      0.7788665E-01 
 0.1491667      0.1053199     
 0.1508333      0.1167995     
 0.1525000      0.8643932E-01 
 0.1541667      0.5384030E-01 
 0.1558333      0.8151522E-01 
 0.1575000      0.7585494E-01 
 0.1591667      0.9085822E-01 
 0.1608333      0.1008396     
 0.1625000      0.7470784E-01 
 0.1641667      0.7816776E-01 
 0.1658333      0.4856263E-01 
