# SumMovie FRC for input stack : stack11.mrc
# Number of micrographs: 1
# Number of frames per movie: 50
# Pixel size (A): 3.0000
# 1/(A)          FRC
# -----------------------
# 
# Micrograph 1 of 1. Score: .577
 0.8333334E-03  0.9999998     
 0.2500000E-02  0.8506351     
 0.4166666E-02  0.8709469     
 0.5833333E-02  0.8516176     
 0.7499999E-02  0.8579601     
 0.9166666E-02  0.7375784     
 0.1083333E-01  0.6258129     
 0.1250000E-01  0.8539826     
 0.1416667E-01  0.9155162     
 0.1583333E-01  0.9441692     
 0.1750000E-01  0.9083304     
 0.1916667E-01  0.6542712     
 0.2083333E-01  0.7417657     
 0.2250000E-01  0.8761627     
 0.2416667E-01  0.9249107     
 0.2583333E-01  0.8933841     
 0.2750000E-01  0.7466763     
 0.2916667E-01  0.6523491     
 0.3083333E-01  0.7206536     
 0.3250000E-01  0.7782014     
 0.3416666E-01  0.7322981     
 0.3583334E-01  0.5954152     
 0.3750000E-01  0.5330766     
 0.3916667E-01  0.5113457     
 0.4083334E-01  0.5214692     
 0.4250000E-01  0.4079903     
 0.4416666E-01  0.3427003     
 0.4583333E-01  0.3002334     
 0.4750000E-01  0.2175865     
 0.4916666E-01  0.1030332     
 0.5083333E-01  0.7438624E-01 
 0.5250000E-01  0.1385820     
 0.5416667E-01  0.1444818     
 0.5583333E-01  0.2167889     
 0.5750000E-01  0.2999651     
 0.5916666E-01  0.3847495     
 0.6083334E-01  0.3615555     
 0.6250000E-01  0.4236957     
 0.6416667E-01  0.4059441     
 0.6583333E-01  0.3287394     
 0.6750000E-01  0.3037795     
 0.6916667E-01  0.1821230     
 0.7083333E-01  0.1068415     
 0.7250000E-01  0.6295489E-01 
 0.7416667E-01  0.1094628     
 0.7583334E-01  0.2006647     
 0.7749999E-01  0.2847525     
 0.7916667E-01  0.3251696     
 0.8083334E-01  0.3797269     
 0.8250000E-01  0.3376588     
 0.8416667E-01  0.3176177     
 0.8583333E-01  0.2068473     
 0.8750000E-01  0.1009539     
 0.8916666E-01  0.6551412E-01 
 0.9083333E-01  0.1338245     
 0.9250000E-01  0.2401817     
 0.9416667E-01  0.2905290     
 0.9583333E-01  0.2970359     
 0.9750000E-01  0.2678672     
 0.9916665E-01  0.2171714     
 0.1008333      0.1048561     
 0.1025000      0.3712833E-01 
 0.1041667      0.1099118     
 0.1058333      0.1879002     
 0.1075000      0.2365998     
 0.1091667      0.2342429     
 0.1108333      0.1978167     
 0.1125000      0.1292304     
 0.1141667      0.5925252E-01 
 0.1158333      0.8008297E-01 
 0.1175000      0.1380391     
 0.1191667      0.1691464     
 0.1208333      0.1620955     
 0.1225000      0.1314863     
 0.1241667      0.7227310E-01 
 0.1258333      0.6139674E-01 
 0.1275000      0.8800387E-01 
 0.1291667      0.1413959     
 0.1308333      0.1670344     
 0.1325000      0.1612376     
 0.1341667      0.8568580E-01 
 0.1358333      0.4838704E-01 
 0.1375000      0.8842235E-01 
 0.1391667      0.9865443E-01 
 0.1408333      0.1279959     
 0.1425000      0.9900847E-01 
 0.1441667      0.6638028E-01 
 0.1458333      0.4184924E-01 
 0.1475000      0.5579619E-01 
 0.1491667      0.1103341     
 0.1508333      0.9783227E-01 
 0.1525000      0.7915356E-01 
 0.1541667      0.6244672E-01 
 0.1558333      0.6050139E-01 
 0.1575000      0.1135567     
 0.1591667      0.6948277E-01 
 0.1608333      0.6033941E-01 
 0.1625000      0.5617587E-01 
 0.1641667      0.6844406E-01 
 0.1658333      0.9181211E-01 
