# SumMovie FRC for input stack : stack6.mrc
# Number of micrographs: 1
# Number of frames per movie: 50
# Pixel size (A): 3.0000
# 1/(A)          FRC
# -----------------------
# 
# Micrograph 1 of 1. Score: .574
 0.8333334E-03  0.9999999     
 0.2500000E-02  0.9513483     
 0.4166666E-02  0.9316603     
 0.5833333E-02  0.8461858     
 0.7499999E-02  0.8649344     
 0.9166666E-02  0.6725891     
 0.1083333E-01  0.6542240     
 0.1250000E-01  0.8459142     
 0.1416667E-01  0.8829268     
 0.1583333E-01  0.9309471     
 0.1750000E-01  0.8906345     
 0.1916667E-01  0.6000766     
 0.2083333E-01  0.6603209     
 0.2250000E-01  0.8275040     
 0.2416667E-01  0.8909080     
 0.2583333E-01  0.8429205     
 0.2750000E-01  0.7195540     
 0.2916667E-01  0.6134493     
 0.3083333E-01  0.6731504     
 0.3250000E-01  0.7161070     
 0.3416666E-01  0.6824327     
 0.3583334E-01  0.5738907     
 0.3750000E-01  0.5213021     
 0.3916667E-01  0.5038900     
 0.4083334E-01  0.5360253     
 0.4250000E-01  0.4347777     
 0.4416666E-01  0.3675536     
 0.4583333E-01  0.3359425     
 0.4750000E-01  0.2848601     
 0.4916666E-01  0.2120662     
 0.5083333E-01  0.1183448     
 0.5250000E-01  0.1427696     
 0.5416667E-01  0.8962946E-01 
 0.5583333E-01  0.1293812     
 0.5750000E-01  0.1297851     
 0.5916666E-01  0.2084633     
 0.6083334E-01  0.2683738     
 0.6250000E-01  0.2883546     
 0.6416667E-01  0.3305543     
 0.6583333E-01  0.3284388     
 0.6750000E-01  0.3337218     
 0.6916667E-01  0.3162120     
 0.7083333E-01  0.2676753     
 0.7250000E-01  0.2135482     
 0.7416667E-01  0.1441613     
 0.7583334E-01  0.1019504     
 0.7749999E-01  0.8940478E-01 
 0.7916667E-01  0.9501252E-01 
 0.8083334E-01  0.1718804     
 0.8250000E-01  0.2110303     
 0.8416667E-01  0.2665399     
 0.8583333E-01  0.2854499     
 0.8750000E-01  0.2627887     
 0.8916666E-01  0.2531174     
 0.9083333E-01  0.1326274     
 0.9250000E-01  0.1273648     
 0.9416667E-01  0.8411916E-01 
 0.9583333E-01  0.1272301     
 0.9750000E-01  0.1279641     
 0.9916665E-01  0.1664404     
 0.1008333      0.1904616     
 0.1025000      0.2114942     
 0.1041667      0.1954103     
 0.1058333      0.1436452     
 0.1075000      0.1064225     
 0.1091667      0.5512620E-01 
 0.1108333      0.8178486E-01 
 0.1125000      0.1355174     
 0.1141667      0.1726540     
 0.1158333      0.1954341     
 0.1175000      0.1575206     
 0.1191667      0.1394543     
 0.1208333      0.9484872E-01 
 0.1225000      0.6862973E-01 
 0.1241667      0.9009441E-01 
 0.1258333      0.9760076E-01 
 0.1275000      0.1483658     
 0.1291667      0.1383078     
 0.1308333      0.1352877     
 0.1325000      0.6484881E-01 
 0.1341667      0.5395024E-01 
 0.1358333      0.1111800     
 0.1375000      0.8977333E-01 
 0.1391667      0.9410852E-01 
 0.1408333      0.1182684     
 0.1425000      0.1031648     
 0.1441667      0.7953133E-01 
 0.1458333      0.7890825E-01 
 0.1475000      0.8782395E-01 
 0.1491667      0.1165857     
 0.1508333      0.1265687     
 0.1525000      0.9730531E-01 
 0.1541667      0.6418898E-01 
 0.1558333      0.9272144E-01 
 0.1575000      0.8344292E-01 
 0.1591667      0.9682950E-01 
 0.1608333      0.1160923     
 0.1625000      0.8604044E-01 
 0.1641667      0.8166210E-01 
 0.1658333      0.5874208E-01 
