# SumMovie FRC for input stack : stack16.mrc
# Number of micrographs: 1
# Number of frames per movie: 50
# Pixel size (A): 3.0000
# 1/(A)          FRC
# -----------------------
# 
# Micrograph 1 of 1. Score: .529
 0.8333334E-03  0.9999994     
 0.2500000E-02  0.9670292     
 0.4166666E-02  0.9459368     
 0.5833333E-02  0.9110546     
 0.7499999E-02  0.8943633     
 0.9166666E-02  0.8413448     
 0.1083333E-01  0.7719336     
 0.1250000E-01  0.8789143     
 0.1416667E-01  0.9334742     
 0.1583333E-01  0.9639598     
 0.1750000E-01  0.9438819     
 0.1916667E-01  0.7656452     
 0.2083333E-01  0.8007489     
 0.2250000E-01  0.8938775     
 0.2416667E-01  0.9351647     
 0.2583333E-01  0.9262962     
 0.2750000E-01  0.8163541     
 0.2916667E-01  0.6823996     
 0.3083333E-01  0.7338085     
 0.3250000E-01  0.7797161     
 0.3416666E-01  0.7010668     
 0.3583334E-01  0.5643477     
 0.3750000E-01  0.4275314     
 0.3916667E-01  0.3592465     
 0.4083334E-01  0.2967021     
 0.4250000E-01  0.1133383     
 0.4416666E-01  0.1226967     
 0.4583333E-01  0.1045111     
 0.4750000E-01  0.1359069     
 0.4916666E-01  0.2720234     
 0.5083333E-01  0.3345088     
 0.5250000E-01  0.3637669     
 0.5416667E-01  0.3615308     
 0.5583333E-01  0.4096135     
 0.5750000E-01  0.3496457     
 0.5916666E-01  0.2659442     
 0.6083334E-01  0.1799215     
 0.6250000E-01  0.9079777E-01 
 0.6416667E-01  0.1104119     
 0.6583333E-01  0.1431807     
 0.6750000E-01  0.1968396     
 0.6916667E-01  0.3048745     
 0.7083333E-01  0.3971007     
 0.7250000E-01  0.3370783     
 0.7416667E-01  0.2751925     
 0.7583334E-01  0.1668369     
 0.7749999E-01  0.1112413     
 0.7916667E-01  0.9352900E-01 
 0.8083334E-01  0.2481298     
 0.8250000E-01  0.2552503     
 0.8416667E-01  0.3325421     
 0.8583333E-01  0.2840187     
 0.8750000E-01  0.1852945     
 0.8916666E-01  0.1158769     
 0.9083333E-01  0.9493519E-01 
 0.9250000E-01  0.1814447     
 0.9416667E-01  0.2434627     
 0.9583333E-01  0.2627129     
 0.9750000E-01  0.2106082     
 0.9916665E-01  0.1215365     
 0.1008333      0.9723305E-01 
 0.1025000      0.1326290     
 0.1041667      0.1904989     
 0.1058333      0.2324007     
 0.1075000      0.1883673     
 0.1091667      0.1293080     
 0.1108333      0.6505919E-01 
 0.1125000      0.1516982     
 0.1141667      0.1807057     
 0.1158333      0.1723860     
 0.1175000      0.1286309     
 0.1191667      0.9099847E-01 
 0.1208333      0.1104748     
 0.1225000      0.1480262     
 0.1241667      0.1667141     
 0.1258333      0.1272416     
 0.1275000      0.8520959E-01 
 0.1291667      0.9874655E-01 
 0.1308333      0.1392385     
 0.1325000      0.1340371     
 0.1341667      0.1041563     
 0.1358333      0.5616219E-01 
 0.1375000      0.1124224     
 0.1391667      0.1321695     
 0.1408333      0.1268600     
 0.1425000      0.8241604E-01 
 0.1441667      0.1093692     
 0.1458333      0.1177464     
 0.1475000      0.1117513     
 0.1491667      0.1096077     
 0.1508333      0.9780443E-01 
 0.1525000      0.1131731     
 0.1541667      0.1051766     
 0.1558333      0.8353300E-01 
 0.1575000      0.8404399E-01 
 0.1591667      0.1071027     
 0.1608333      0.1065215     
 0.1625000      0.6717662E-01 
 0.1641667      0.8519918E-01 
 0.1658333      0.1375308     
