# SumMovie FRC for input stack : stack6.mrc
# Number of micrographs: 1
# Number of frames per movie: 50
# Pixel size (A): 3.0000
# 1/(A)          FRC
# -----------------------
# 
# Micrograph 1 of 1. Score: .592
 0.8333334E-03  0.9999999     
 0.2500000E-02  0.9512976     
 0.4166666E-02  0.9319447     
 0.5833333E-02  0.8474595     
 0.7499999E-02  0.8653618     
 0.9166666E-02  0.6783764     
 0.1083333E-01  0.6582198     
 0.1250000E-01  0.8497990     
 0.1416667E-01  0.8879610     
 0.1583333E-01  0.9352078     
 0.1750000E-01  0.8939892     
 0.1916667E-01  0.6007390     
 0.2083333E-01  0.6728575     
 0.2250000E-01  0.8430504     
 0.2416667E-01  0.9025692     
 0.2583333E-01  0.8573384     
 0.2750000E-01  0.7352874     
 0.2916667E-01  0.6259027     
 0.3083333E-01  0.6978478     
 0.3250000E-01  0.7292645     
 0.3416666E-01  0.7026520     
 0.3583334E-01  0.6006025     
 0.3750000E-01  0.5389378     
 0.3916667E-01  0.5313142     
 0.4083334E-01  0.5749623     
 0.4250000E-01  0.4583578     
 0.4416666E-01  0.3962623     
 0.4583333E-01  0.3657870     
 0.4750000E-01  0.3033601     
 0.4916666E-01  0.2232248     
 0.5083333E-01  0.1350889     
 0.5250000E-01  0.1184231     
 0.5416667E-01  0.6265690E-01 
 0.5583333E-01  0.9995741E-01 
 0.5750000E-01  0.1218884     
 0.5916666E-01  0.1992031     
 0.6083334E-01  0.2713924     
 0.6250000E-01  0.2927686     
 0.6416667E-01  0.3455431     
 0.6583333E-01  0.3737806     
 0.6750000E-01  0.3493531     
 0.6916667E-01  0.3470098     
 0.7083333E-01  0.2921970     
 0.7250000E-01  0.2232262     
 0.7416667E-01  0.1257049     
 0.7583334E-01  0.7801244E-01 
 0.7749999E-01  0.6957337E-01 
 0.7916667E-01  0.7823882E-01 
 0.8083334E-01  0.1860080     
 0.8250000E-01  0.2301919     
 0.8416667E-01  0.2971828     
 0.8583333E-01  0.3111092     
 0.8750000E-01  0.2922464     
 0.8916666E-01  0.2444701     
 0.9083333E-01  0.1627235     
 0.9250000E-01  0.8658049E-01 
 0.9416667E-01  0.4872736E-01 
 0.9583333E-01  0.8722112E-01 
 0.9750000E-01  0.8899058E-01 
 0.9916665E-01  0.1433199     
 0.1008333      0.2181742     
 0.1025000      0.2416080     
 0.1041667      0.1722473     
 0.1058333      0.1503185     
 0.1075000      0.8169224E-01 
 0.1091667      0.7533583E-01 
 0.1108333      0.4510872E-01 
 0.1125000      0.8665044E-01 
 0.1141667      0.1425579     
 0.1158333      0.1920303     
 0.1175000      0.1714528     
 0.1191667      0.1309095     
 0.1208333      0.4342793E-01 
 0.1225000      0.4413688E-01 
 0.1241667      0.3697344E-01 
 0.1258333      0.1047140     
 0.1275000      0.1241885     
 0.1291667      0.1276532     
 0.1308333      0.1151708     
 0.1325000      0.5910392E-01 
 0.1341667      0.4916645E-01 
 0.1358333      0.7479663E-01 
 0.1375000      0.7035635E-01 
 0.1391667      0.1030673     
 0.1408333      0.9109046E-01 
 0.1425000      0.7079624E-01 
 0.1441667      0.5957104E-01 
 0.1458333      0.4036064E-01 
 0.1475000      0.5057698E-01 
 0.1491667      0.7650240E-01 
 0.1508333      0.9404977E-01 
 0.1525000      0.6818100E-01 
 0.1541667      0.4745057E-01 
 0.1558333      0.3734867E-01 
 0.1575000      0.7370331E-01 
 0.1591667      0.8362779E-01 
 0.1608333      0.7601787E-01 
 0.1625000      0.7730207E-01 
 0.1641667      0.5993529E-01 
 0.1658333      0.3046164E-01 
