# SumMovie FRC for input stack : stack11.mrc
# Number of micrographs: 1
# Number of frames per movie: 50
# Pixel size (A): 3.0000
# 1/(A)          FRC
# -----------------------
# 
# Micrograph 1 of 1. Score: .577
 0.8333334E-03  0.9999998     
 0.2500000E-02  0.8505885     
 0.4166666E-02  0.8708686     
 0.5833333E-02  0.8516576     
 0.7499999E-02  0.8578815     
 0.9166666E-02  0.7372164     
 0.1083333E-01  0.6260541     
 0.1250000E-01  0.8537068     
 0.1416667E-01  0.9154330     
 0.1583333E-01  0.9441442     
 0.1750000E-01  0.9082333     
 0.1916667E-01  0.6549376     
 0.2083333E-01  0.7416540     
 0.2250000E-01  0.8762494     
 0.2416667E-01  0.9246255     
 0.2583333E-01  0.8935689     
 0.2750000E-01  0.7462689     
 0.2916667E-01  0.6514879     
 0.3083333E-01  0.7190385     
 0.3250000E-01  0.7773001     
 0.3416666E-01  0.7307625     
 0.3583334E-01  0.5952185     
 0.3750000E-01  0.5327502     
 0.3916667E-01  0.5109739     
 0.4083334E-01  0.5220105     
 0.4250000E-01  0.4084686     
 0.4416666E-01  0.3432574     
 0.4583333E-01  0.2992285     
 0.4750000E-01  0.2176110     
 0.4916666E-01  0.1047064     
 0.5083333E-01  0.7298084E-01 
 0.5250000E-01  0.1379895     
 0.5416667E-01  0.1454400     
 0.5583333E-01  0.2176933     
 0.5750000E-01  0.3003289     
 0.5916666E-01  0.3811680     
 0.6083334E-01  0.3615449     
 0.6250000E-01  0.4227708     
 0.6416667E-01  0.4047804     
 0.6583333E-01  0.3290152     
 0.6750000E-01  0.3070666     
 0.6916667E-01  0.1867304     
 0.7083333E-01  0.1085177     
 0.7250000E-01  0.6784631E-01 
 0.7416667E-01  0.1124310     
 0.7583334E-01  0.2006406     
 0.7749999E-01  0.2842269     
 0.7916667E-01  0.3257488     
 0.8083334E-01  0.3786444     
 0.8250000E-01  0.3370304     
 0.8416667E-01  0.3166543     
 0.8583333E-01  0.2088981     
 0.8750000E-01  0.1029932     
 0.8916666E-01  0.6742315E-01 
 0.9083333E-01  0.1361645     
 0.9250000E-01  0.2397487     
 0.9416667E-01  0.2942187     
 0.9583333E-01  0.3006848     
 0.9750000E-01  0.2700660     
 0.9916665E-01  0.2264108     
 0.1008333      0.1070597     
 0.1025000      0.4428975E-01 
 0.1041667      0.1133078     
 0.1058333      0.1984568     
 0.1075000      0.2395958     
 0.1091667      0.2400505     
 0.1108333      0.2031657     
 0.1125000      0.1364258     
 0.1141667      0.6678124E-01 
 0.1158333      0.8220999E-01 
 0.1175000      0.1455382     
 0.1191667      0.1746319     
 0.1208333      0.1658642     
 0.1225000      0.1365429     
 0.1241667      0.7427294E-01 
 0.1258333      0.6811564E-01 
 0.1275000      0.8824681E-01 
 0.1291667      0.1472892     
 0.1308333      0.1711650     
 0.1325000      0.1659472     
 0.1341667      0.8916774E-01 
 0.1358333      0.5468182E-01 
 0.1375000      0.9635258E-01 
 0.1391667      0.1049962     
 0.1408333      0.1358430     
 0.1425000      0.1040506     
 0.1441667      0.7199076E-01 
 0.1458333      0.5032667E-01 
 0.1475000      0.5662597E-01 
 0.1491667      0.1139164     
 0.1508333      0.1051012     
 0.1525000      0.8290557E-01 
 0.1541667      0.6736260E-01 
 0.1558333      0.6699465E-01 
 0.1575000      0.1192660     
 0.1591667      0.7396679E-01 
 0.1608333      0.6669731E-01 
 0.1625000      0.5467431E-01 
 0.1641667      0.7798563E-01 
 0.1658333      0.1018040     
