# SumMovie FRC for input stack : stack16.mrc
# Number of micrographs: 1
# Number of frames per movie: 50
# Pixel size (A): 3.0000
# 1/(A)          FRC
# -----------------------
# 
# Micrograph 1 of 1. Score: .539
 0.8333334E-03  0.9999994     
 0.2500000E-02  0.9672053     
 0.4166666E-02  0.9454471     
 0.5833333E-02  0.9120268     
 0.7499999E-02  0.8964621     
 0.9166666E-02  0.8416657     
 0.1083333E-01  0.7764801     
 0.1250000E-01  0.8838025     
 0.1416667E-01  0.9354851     
 0.1583333E-01  0.9656466     
 0.1750000E-01  0.9459272     
 0.1916667E-01  0.7765272     
 0.2083333E-01  0.8032910     
 0.2250000E-01  0.9023641     
 0.2416667E-01  0.9431869     
 0.2583333E-01  0.9340696     
 0.2750000E-01  0.8307131     
 0.2916667E-01  0.7048295     
 0.3083333E-01  0.7536939     
 0.3250000E-01  0.7967573     
 0.3416666E-01  0.7328289     
 0.3583334E-01  0.6073489     
 0.3750000E-01  0.4399970     
 0.3916667E-01  0.3796661     
 0.4083334E-01  0.2922785     
 0.4250000E-01  0.1236815     
 0.4416666E-01  0.1212019     
 0.4583333E-01  0.8521170E-01 
 0.4750000E-01  0.1487815     
 0.4916666E-01  0.2694418     
 0.5083333E-01  0.3440249     
 0.5250000E-01  0.3899432     
 0.5416667E-01  0.3816203     
 0.5583333E-01  0.4244280     
 0.5750000E-01  0.3623336     
 0.5916666E-01  0.2792895     
 0.6083334E-01  0.1858387     
 0.6250000E-01  0.8186582E-01 
 0.6416667E-01  0.1051809     
 0.6583333E-01  0.1393518     
 0.6750000E-01  0.2092185     
 0.6916667E-01  0.3153423     
 0.7083333E-01  0.4074860     
 0.7250000E-01  0.3710301     
 0.7416667E-01  0.3051446     
 0.7583334E-01  0.1827988     
 0.7749999E-01  0.1183291     
 0.7916667E-01  0.9519959E-01 
 0.8083334E-01  0.2508558     
 0.8250000E-01  0.2764029     
 0.8416667E-01  0.3620854     
 0.8583333E-01  0.3019893     
 0.8750000E-01  0.1871454     
 0.8916666E-01  0.1191851     
 0.9083333E-01  0.7841811E-01 
 0.9250000E-01  0.1886578     
 0.9416667E-01  0.2604178     
 0.9583333E-01  0.2797515     
 0.9750000E-01  0.2120287     
 0.9916665E-01  0.9813825E-01 
 0.1008333      0.6092963E-01 
 0.1025000      0.1225291     
 0.1041667      0.1910729     
 0.1058333      0.2425206     
 0.1075000      0.1815785     
 0.1091667      0.1108483     
 0.1108333      0.5685091E-01 
 0.1125000      0.1397445     
 0.1141667      0.1988026     
 0.1158333      0.1895126     
 0.1175000      0.1138258     
 0.1191667      0.4833451E-01 
 0.1208333      0.9098176E-01 
 0.1225000      0.1591630     
 0.1241667      0.1736104     
 0.1258333      0.1081808     
 0.1275000      0.6575071E-01 
 0.1291667      0.8992570E-01 
 0.1308333      0.1197061     
 0.1325000      0.1343207     
 0.1341667      0.7129310E-01 
 0.1358333      0.4670685E-01 
 0.1375000      0.1108540     
 0.1391667      0.1373263     
 0.1408333      0.9281776E-01 
 0.1425000      0.7466826E-01 
 0.1441667      0.7515354E-01 
 0.1458333      0.1132479     
 0.1475000      0.9531278E-01 
 0.1491667      0.6051952E-01 
 0.1508333      0.6784245E-01 
 0.1525000      0.9889979E-01 
 0.1541667      0.8460099E-01 
 0.1558333      0.7330838E-01 
 0.1575000      0.4653758E-01 
 0.1591667      0.8394147E-01 
 0.1608333      0.8911399E-01 
 0.1625000      0.4647586E-01 
 0.1641667      0.6231405E-01 
 0.1658333      0.1323182     
