# SumMovie FRC for input stack : stack16.mrc
# Number of micrographs: 1
# Number of frames per movie: 50
# Pixel size (A): 3.0000
# 1/(A)          FRC
# -----------------------
# 
# Micrograph 1 of 1. Score: .539
 0.8333334E-03  0.9999994     
 0.2500000E-02  0.9671991     
 0.4166666E-02  0.9454722     
 0.5833333E-02  0.9119956     
 0.7499999E-02  0.8963850     
 0.9166666E-02  0.8417269     
 0.1083333E-01  0.7763146     
 0.1250000E-01  0.8836384     
 0.1416667E-01  0.9354441     
 0.1583333E-01  0.9656534     
 0.1750000E-01  0.9459341     
 0.1916667E-01  0.7762851     
 0.2083333E-01  0.8034531     
 0.2250000E-01  0.9023694     
 0.2416667E-01  0.9429785     
 0.2583333E-01  0.9340228     
 0.2750000E-01  0.8306849     
 0.2916667E-01  0.7044258     
 0.3083333E-01  0.7531726     
 0.3250000E-01  0.7967926     
 0.3416666E-01  0.7322913     
 0.3583334E-01  0.6071757     
 0.3750000E-01  0.4402177     
 0.3916667E-01  0.3793954     
 0.4083334E-01  0.2920999     
 0.4250000E-01  0.1229117     
 0.4416666E-01  0.1225010     
 0.4583333E-01  0.8614276E-01 
 0.4750000E-01  0.1493774     
 0.4916666E-01  0.2691661     
 0.5083333E-01  0.3434405     
 0.5250000E-01  0.3899861     
 0.5416667E-01  0.3806577     
 0.5583333E-01  0.4242826     
 0.5750000E-01  0.3625675     
 0.5916666E-01  0.2797495     
 0.6083334E-01  0.1870979     
 0.6250000E-01  0.8233005E-01 
 0.6416667E-01  0.1056708     
 0.6583333E-01  0.1394185     
 0.6750000E-01  0.2093239     
 0.6916667E-01  0.3159639     
 0.7083333E-01  0.4079683     
 0.7250000E-01  0.3702992     
 0.7416667E-01  0.3028626     
 0.7583334E-01  0.1831704     
 0.7749999E-01  0.1176808     
 0.7916667E-01  0.9627982E-01 
 0.8083334E-01  0.2517916     
 0.8250000E-01  0.2767534     
 0.8416667E-01  0.3626037     
 0.8583333E-01  0.3012296     
 0.8750000E-01  0.1871270     
 0.8916666E-01  0.1187060     
 0.9083333E-01  0.7813475E-01 
 0.9250000E-01  0.1897131     
 0.9416667E-01  0.2608603     
 0.9583333E-01  0.2779256     
 0.9750000E-01  0.2130394     
 0.9916665E-01  0.9755096E-01 
 0.1008333      0.6126352E-01 
 0.1025000      0.1234610     
 0.1041667      0.1900558     
 0.1058333      0.2417214     
 0.1075000      0.1829880     
 0.1091667      0.1104702     
 0.1108333      0.5587694E-01 
 0.1125000      0.1393822     
 0.1141667      0.1981224     
 0.1158333      0.1900485     
 0.1175000      0.1148225     
 0.1191667      0.4818719E-01 
 0.1208333      0.9024109E-01 
 0.1225000      0.1600264     
 0.1241667      0.1726815     
 0.1258333      0.1090289     
 0.1275000      0.6477407E-01 
 0.1291667      0.9148088E-01 
 0.1308333      0.1212953     
 0.1325000      0.1351502     
 0.1341667      0.7300221E-01 
 0.1358333      0.4947905E-01 
 0.1375000      0.1099086     
 0.1391667      0.1374998     
 0.1408333      0.9223814E-01 
 0.1425000      0.7356130E-01 
 0.1441667      0.7371961E-01 
 0.1458333      0.1115930     
 0.1475000      0.9613174E-01 
 0.1491667      0.5884017E-01 
 0.1508333      0.6539347E-01 
 0.1525000      0.9803859E-01 
 0.1541667      0.8631868E-01 
 0.1558333      0.6924012E-01 
 0.1575000      0.4727002E-01 
 0.1591667      0.8489114E-01 
 0.1608333      0.8913753E-01 
 0.1625000      0.4673710E-01 
 0.1641667      0.6074422E-01 
 0.1658333      0.1326335     
