# SumMovie FRC for input stack : stack1.mrc
# Number of micrographs: 1
# Number of frames per movie: 50
# Pixel size (A): 3.0000
# 1/(A)          FRC
# -----------------------
# 
# Micrograph 1 of 1. Score: .547
 0.8333334E-03  0.9999993     
 0.2500000E-02  0.9744594     
 0.4166666E-02  0.9570104     
 0.5833333E-02  0.9206875     
 0.7499999E-02  0.9048007     
 0.9166666E-02  0.7498732     
 0.1083333E-01  0.7274253     
 0.1250000E-01  0.8559424     
 0.1416667E-01  0.9222718     
 0.1583333E-01  0.9262209     
 0.1750000E-01  0.8739591     
 0.1916667E-01  0.6749344     
 0.2083333E-01  0.7638410     
 0.2250000E-01  0.8703614     
 0.2416667E-01  0.9032924     
 0.2583333E-01  0.8718733     
 0.2750000E-01  0.7478462     
 0.2916667E-01  0.6445574     
 0.3083333E-01  0.7088798     
 0.3250000E-01  0.7375223     
 0.3416666E-01  0.6839332     
 0.3583334E-01  0.5449539     
 0.3750000E-01  0.4826100     
 0.3916667E-01  0.4614688     
 0.4083334E-01  0.4484274     
 0.4250000E-01  0.4008076     
 0.4416666E-01  0.2597963     
 0.4583333E-01  0.1703984     
 0.4750000E-01  0.1882546     
 0.4916666E-01  0.9734499E-01 
 0.5083333E-01  0.6361226E-01 
 0.5250000E-01  0.6765847E-01 
 0.5416667E-01  0.1284586     
 0.5583333E-01  0.1855649     
 0.5750000E-01  0.2527525     
 0.5916666E-01  0.3157671     
 0.6083334E-01  0.3422784     
 0.6250000E-01  0.3284357     
 0.6416667E-01  0.2994740     
 0.6583333E-01  0.2720848     
 0.6750000E-01  0.1620234     
 0.6916667E-01  0.1356572     
 0.7083333E-01  0.8534279E-01 
 0.7250000E-01  0.7000478E-01 
 0.7416667E-01  0.1073309     
 0.7583334E-01  0.1656779     
 0.7749999E-01  0.2460656     
 0.7916667E-01  0.2981309     
 0.8083334E-01  0.2876399     
 0.8250000E-01  0.2833241     
 0.8416667E-01  0.2257843     
 0.8583333E-01  0.1225151     
 0.8750000E-01  0.6161621E-01 
 0.8916666E-01  0.3152211E-01 
 0.9083333E-01  0.1302352     
 0.9250000E-01  0.1942797     
 0.9416667E-01  0.2359278     
 0.9583333E-01  0.2473148     
 0.9750000E-01  0.1963975     
 0.9916665E-01  0.1074419     
 0.1008333      0.6628855E-01 
 0.1025000      0.4340615E-01 
 0.1041667      0.1200649     
 0.1058333      0.1517454     
 0.1075000      0.1590752     
 0.1091667      0.1746324     
 0.1108333      0.1303414     
 0.1125000      0.1216445     
 0.1141667      0.3546312E-01 
 0.1158333      0.6438286E-01 
 0.1175000      0.1086121     
 0.1191667      0.1078501     
 0.1208333      0.1133472     
 0.1225000      0.1003847     
 0.1241667      0.4682291E-01 
 0.1258333      0.3879216E-01 
 0.1275000      0.5834772E-01 
 0.1291667      0.1116404     
 0.1308333      0.1198796     
 0.1325000      0.6664966E-01 
 0.1341667      0.4764401E-01 
 0.1358333      0.2807834E-01 
 0.1375000      0.1023450     
 0.1391667      0.6298924E-01 
 0.1408333      0.1081090     
 0.1425000      0.6348543E-01 
 0.1441667      0.3199662E-01 
 0.1458333      0.2946924E-01 
 0.1475000      0.7264552E-01 
 0.1491667      0.5479021E-01 
 0.1508333      0.6151745E-01 
 0.1525000      0.2634614E-01 
 0.1541667      0.5625181E-01 
 0.1558333      0.8537897E-01 
 0.1575000      0.4414402E-01 
 0.1591667      0.2117334E-01 
 0.1608333      0.3147571E-01 
 0.1625000      0.4622416E-01 
 0.1641667      0.3799208E-01 
 0.1658333      0.2896794E-01 
