# SumMovie FRC for input stack : stack6.mrc
# Number of micrographs: 1
# Number of frames per movie: 50
# Pixel size (A): 3.0000
# 1/(A)          FRC
# -----------------------
# 
# Micrograph 1 of 1. Score: .592
 0.8333334E-03  0.9999999     
 0.2500000E-02  0.9513041     
 0.4166666E-02  0.9319026     
 0.5833333E-02  0.8473918     
 0.7499999E-02  0.8654602     
 0.9166666E-02  0.6779376     
 0.1083333E-01  0.6580609     
 0.1250000E-01  0.8495373     
 0.1416667E-01  0.8877851     
 0.1583333E-01  0.9350019     
 0.1750000E-01  0.8939328     
 0.1916667E-01  0.6008924     
 0.2083333E-01  0.6726806     
 0.2250000E-01  0.8424034     
 0.2416667E-01  0.9021923     
 0.2583333E-01  0.8569750     
 0.2750000E-01  0.7345102     
 0.2916667E-01  0.6264659     
 0.3083333E-01  0.6972829     
 0.3250000E-01  0.7293252     
 0.3416666E-01  0.7019655     
 0.3583334E-01  0.5996482     
 0.3750000E-01  0.5396495     
 0.3916667E-01  0.5306843     
 0.4083334E-01  0.5745153     
 0.4250000E-01  0.4582781     
 0.4416666E-01  0.3953759     
 0.4583333E-01  0.3666862     
 0.4750000E-01  0.3018577     
 0.4916666E-01  0.2221801     
 0.5083333E-01  0.1338743     
 0.5250000E-01  0.1188959     
 0.5416667E-01  0.6305220E-01 
 0.5583333E-01  0.9992373E-01 
 0.5750000E-01  0.1206055     
 0.5916666E-01  0.2001940     
 0.6083334E-01  0.2716916     
 0.6250000E-01  0.2941834     
 0.6416667E-01  0.3445525     
 0.6583333E-01  0.3714079     
 0.6750000E-01  0.3484972     
 0.6916667E-01  0.3467760     
 0.7083333E-01  0.2914399     
 0.7250000E-01  0.2241628     
 0.7416667E-01  0.1307245     
 0.7583334E-01  0.7950265E-01 
 0.7749999E-01  0.7253757E-01 
 0.7916667E-01  0.7746836E-01 
 0.8083334E-01  0.1866167     
 0.8250000E-01  0.2272438     
 0.8416667E-01  0.2955053     
 0.8583333E-01  0.3107370     
 0.8750000E-01  0.2916448     
 0.8916666E-01  0.2465713     
 0.9083333E-01  0.1633508     
 0.9250000E-01  0.8732381E-01 
 0.9416667E-01  0.5464451E-01 
 0.9583333E-01  0.8589670E-01 
 0.9750000E-01  0.8827075E-01 
 0.9916665E-01  0.1412285     
 0.1008333      0.2178722     
 0.1025000      0.2420583     
 0.1041667      0.1753327     
 0.1058333      0.1537545     
 0.1075000      0.8355781E-01 
 0.1091667      0.7110539E-01 
 0.1108333      0.4798856E-01 
 0.1125000      0.8283421E-01 
 0.1141667      0.1418179     
 0.1158333      0.1938090     
 0.1175000      0.1716503     
 0.1191667      0.1363347     
 0.1208333      0.4441937E-01 
 0.1225000      0.4451314E-01 
 0.1241667      0.2990875E-01 
 0.1258333      0.1038950     
 0.1275000      0.1229451     
 0.1291667      0.1291704     
 0.1308333      0.1197244     
 0.1325000      0.6499746E-01 
 0.1341667      0.4898218E-01 
 0.1358333      0.7607883E-01 
 0.1375000      0.6538448E-01 
 0.1391667      0.1020677     
 0.1408333      0.9150082E-01 
 0.1425000      0.7371943E-01 
 0.1441667      0.6357534E-01 
 0.1458333      0.3329027E-01 
 0.1475000      0.5569782E-01 
 0.1491667      0.7435130E-01 
 0.1508333      0.9159697E-01 
 0.1525000      0.6662221E-01 
 0.1541667      0.4430241E-01 
 0.1558333      0.4029539E-01 
 0.1575000      0.7188004E-01 
 0.1591667      0.8577593E-01 
 0.1608333      0.7645130E-01 
 0.1625000      0.7872287E-01 
 0.1641667      0.5552200E-01 
 0.1658333      0.2890399E-01 
