# SumMovie FRC for input stack : stack1.mrc
# Number of micrographs: 1
# Number of frames per movie: 50
# Pixel size (A): 3.0000
# 1/(A)          FRC
# -----------------------
# 
# Micrograph 1 of 1. Score: .546
 0.8333334E-03  0.9999993     
 0.2500000E-02  0.9744575     
 0.4166666E-02  0.9570091     
 0.5833333E-02  0.9206395     
 0.7499999E-02  0.9048571     
 0.9166666E-02  0.7496467     
 0.1083333E-01  0.7274200     
 0.1250000E-01  0.8558938     
 0.1416667E-01  0.9223013     
 0.1583333E-01  0.9262053     
 0.1750000E-01  0.8739383     
 0.1916667E-01  0.6747521     
 0.2083333E-01  0.7639304     
 0.2250000E-01  0.8704876     
 0.2416667E-01  0.9032406     
 0.2583333E-01  0.8718806     
 0.2750000E-01  0.7475687     
 0.2916667E-01  0.6442571     
 0.3083333E-01  0.7087504     
 0.3250000E-01  0.7376809     
 0.3416666E-01  0.6840064     
 0.3583334E-01  0.5453022     
 0.3750000E-01  0.4831506     
 0.3916667E-01  0.4608484     
 0.4083334E-01  0.4486592     
 0.4250000E-01  0.4001044     
 0.4416666E-01  0.2594987     
 0.4583333E-01  0.1701376     
 0.4750000E-01  0.1883319     
 0.4916666E-01  0.9636456E-01 
 0.5083333E-01  0.6328444E-01 
 0.5250000E-01  0.6832676E-01 
 0.5416667E-01  0.1277622     
 0.5583333E-01  0.1856061     
 0.5750000E-01  0.2533424     
 0.5916666E-01  0.3163849     
 0.6083334E-01  0.3424939     
 0.6250000E-01  0.3282358     
 0.6416667E-01  0.2999444     
 0.6583333E-01  0.2727620     
 0.6750000E-01  0.1617175     
 0.6916667E-01  0.1354795     
 0.7083333E-01  0.8631296E-01 
 0.7250000E-01  0.6949548E-01 
 0.7416667E-01  0.1083418     
 0.7583334E-01  0.1673685     
 0.7749999E-01  0.2459230     
 0.7916667E-01  0.2979414     
 0.8083334E-01  0.2888867     
 0.8250000E-01  0.2845525     
 0.8416667E-01  0.2277593     
 0.8583333E-01  0.1237598     
 0.8750000E-01  0.6141328E-01 
 0.8916666E-01  0.3193877E-01 
 0.9083333E-01  0.1318299     
 0.9250000E-01  0.1966456     
 0.9416667E-01  0.2366360     
 0.9583333E-01  0.2494391     
 0.9750000E-01  0.1960600     
 0.9916665E-01  0.1087034     
 0.1008333      0.6781871E-01 
 0.1025000      0.4463098E-01 
 0.1041667      0.1201387     
 0.1058333      0.1535321     
 0.1075000      0.1597135     
 0.1091667      0.1757326     
 0.1108333      0.1315965     
 0.1125000      0.1234371     
 0.1141667      0.3694072E-01 
 0.1158333      0.6508349E-01 
 0.1175000      0.1082431     
 0.1191667      0.1103880     
 0.1208333      0.1143688     
 0.1225000      0.1010503     
 0.1241667      0.4739776E-01 
 0.1258333      0.4028046E-01 
 0.1275000      0.5890883E-01 
 0.1291667      0.1155471     
 0.1308333      0.1207012     
 0.1325000      0.6918651E-01 
 0.1341667      0.4848927E-01 
 0.1358333      0.2544588E-01 
 0.1375000      0.1030615     
 0.1391667      0.6629919E-01 
 0.1408333      0.1082687     
 0.1425000      0.6266854E-01 
 0.1441667      0.3557935E-01 
 0.1458333      0.3047645E-01 
 0.1475000      0.7459573E-01 
 0.1491667      0.5734047E-01 
 0.1508333      0.6297566E-01 
 0.1525000      0.2553424E-01 
 0.1541667      0.5778420E-01 
 0.1558333      0.8425451E-01 
 0.1575000      0.4396912E-01 
 0.1591667      0.2130256E-01 
 0.1608333      0.3583493E-01 
 0.1625000      0.4782343E-01 
 0.1641667      0.3724147E-01 
 0.1658333      0.2812579E-01 
