# SumMovie FRC for input stack : stack11.mrc
# Number of micrographs: 1
# Number of frames per movie: 50
# Pixel size (A): 3.0000
# 1/(A)          FRC
# -----------------------
# 
# Micrograph 1 of 1. Score: .577
 0.8333334E-03  0.9999998     
 0.2500000E-02  0.8506266     
 0.4166666E-02  0.8708931     
 0.5833333E-02  0.8516558     
 0.7499999E-02  0.8579605     
 0.9166666E-02  0.7378683     
 0.1083333E-01  0.6256871     
 0.1250000E-01  0.8539184     
 0.1416667E-01  0.9154552     
 0.1583333E-01  0.9441993     
 0.1750000E-01  0.9083155     
 0.1916667E-01  0.6548806     
 0.2083333E-01  0.7417627     
 0.2250000E-01  0.8761888     
 0.2416667E-01  0.9248532     
 0.2583333E-01  0.8932849     
 0.2750000E-01  0.7467744     
 0.2916667E-01  0.6522856     
 0.3083333E-01  0.7204600     
 0.3250000E-01  0.7782668     
 0.3416666E-01  0.7316645     
 0.3583334E-01  0.5954086     
 0.3750000E-01  0.5333670     
 0.3916667E-01  0.5113059     
 0.4083334E-01  0.5213858     
 0.4250000E-01  0.4075447     
 0.4416666E-01  0.3418865     
 0.4583333E-01  0.2999669     
 0.4750000E-01  0.2183845     
 0.4916666E-01  0.1033762     
 0.5083333E-01  0.7693654E-01 
 0.5250000E-01  0.1387588     
 0.5416667E-01  0.1449889     
 0.5583333E-01  0.2188984     
 0.5750000E-01  0.2992877     
 0.5916666E-01  0.3838420     
 0.6083334E-01  0.3613562     
 0.6250000E-01  0.4227756     
 0.6416667E-01  0.4060845     
 0.6583333E-01  0.3275999     
 0.6750000E-01  0.3036655     
 0.6916667E-01  0.1808235     
 0.7083333E-01  0.1048475     
 0.7250000E-01  0.6509932E-01 
 0.7416667E-01  0.1079710     
 0.7583334E-01  0.2018740     
 0.7749999E-01  0.2834225     
 0.7916667E-01  0.3222674     
 0.8083334E-01  0.3779991     
 0.8250000E-01  0.3368229     
 0.8416667E-01  0.3167018     
 0.8583333E-01  0.2087668     
 0.8750000E-01  0.1002021     
 0.8916666E-01  0.6762553E-01 
 0.9083333E-01  0.1338415     
 0.9250000E-01  0.2389578     
 0.9416667E-01  0.2912521     
 0.9583333E-01  0.2968843     
 0.9750000E-01  0.2675371     
 0.9916665E-01  0.2180018     
 0.1008333      0.1052660     
 0.1025000      0.4071157E-01 
 0.1041667      0.1130032     
 0.1058333      0.1891824     
 0.1075000      0.2364034     
 0.1091667      0.2348106     
 0.1108333      0.1964079     
 0.1125000      0.1310461     
 0.1141667      0.6207099E-01 
 0.1158333      0.8118440E-01 
 0.1175000      0.1375910     
 0.1191667      0.1721949     
 0.1208333      0.1614580     
 0.1225000      0.1302340     
 0.1241667      0.7346816E-01 
 0.1258333      0.6275707E-01 
 0.1275000      0.9074099E-01 
 0.1291667      0.1423406     
 0.1308333      0.1654198     
 0.1325000      0.1616844     
 0.1341667      0.8698537E-01 
 0.1358333      0.4781612E-01 
 0.1375000      0.9111609E-01 
 0.1391667      0.9975843E-01 
 0.1408333      0.1270971     
 0.1425000      0.1011954     
 0.1441667      0.6748765E-01 
 0.1458333      0.4389785E-01 
 0.1475000      0.5705075E-01 
 0.1491667      0.1104049     
 0.1508333      0.1017378     
 0.1525000      0.8073017E-01 
 0.1541667      0.6388763E-01 
 0.1558333      0.6296300E-01 
 0.1575000      0.1144582     
 0.1591667      0.6925587E-01 
 0.1608333      0.6198629E-01 
 0.1625000      0.5885041E-01 
 0.1641667      0.7063696E-01 
 0.1658333      0.9152029E-01 
