# SumMovie FRC for input stack : stack1.mrc
# Number of micrographs: 1
# Number of frames per movie: 50
# Pixel size (A): 3.0000
# 1/(A)          FRC
# -----------------------
# 
# Micrograph 1 of 1. Score: .546
 0.8333334E-03  0.9999993     
 0.2500000E-02  0.9744670     
 0.4166666E-02  0.9570645     
 0.5833333E-02  0.9207899     
 0.7499999E-02  0.9049119     
 0.9166666E-02  0.7499943     
 0.1083333E-01  0.7273387     
 0.1250000E-01  0.8560249     
 0.1416667E-01  0.9223928     
 0.1583333E-01  0.9259012     
 0.1750000E-01  0.8741096     
 0.1916667E-01  0.6742885     
 0.2083333E-01  0.7637158     
 0.2250000E-01  0.8705486     
 0.2416667E-01  0.9035447     
 0.2583333E-01  0.8720846     
 0.2750000E-01  0.7482498     
 0.2916667E-01  0.6432585     
 0.3083333E-01  0.7087938     
 0.3250000E-01  0.7387441     
 0.3416666E-01  0.6851179     
 0.3583334E-01  0.5459324     
 0.3750000E-01  0.4821214     
 0.3916667E-01  0.4596029     
 0.4083334E-01  0.4492825     
 0.4250000E-01  0.3989403     
 0.4416666E-01  0.2554018     
 0.4583333E-01  0.1672489     
 0.4750000E-01  0.1856622     
 0.4916666E-01  0.9455962E-01 
 0.5083333E-01  0.6150564E-01 
 0.5250000E-01  0.6796546E-01 
 0.5416667E-01  0.1217514     
 0.5583333E-01  0.1871171     
 0.5750000E-01  0.2508393     
 0.5916666E-01  0.3169430     
 0.6083334E-01  0.3435372     
 0.6250000E-01  0.3288219     
 0.6416667E-01  0.2982203     
 0.6583333E-01  0.2711862     
 0.6750000E-01  0.1615441     
 0.6916667E-01  0.1314556     
 0.7083333E-01  0.8653487E-01 
 0.7250000E-01  0.6803492E-01 
 0.7416667E-01  0.1026637     
 0.7583334E-01  0.1618795     
 0.7749999E-01  0.2491571     
 0.7916667E-01  0.2985767     
 0.8083334E-01  0.2869836     
 0.8250000E-01  0.2859294     
 0.8416667E-01  0.2222183     
 0.8583333E-01  0.1226919     
 0.8750000E-01  0.6004611E-01 
 0.8916666E-01  0.3473958E-01 
 0.9083333E-01  0.1270180     
 0.9250000E-01  0.1925404     
 0.9416667E-01  0.2367206     
 0.9583333E-01  0.2465508     
 0.9750000E-01  0.1964452     
 0.9916665E-01  0.1100982     
 0.1008333      0.6643797E-01 
 0.1025000      0.4305852E-01 
 0.1041667      0.1222115     
 0.1058333      0.1549134     
 0.1075000      0.1558560     
 0.1091667      0.1721885     
 0.1108333      0.1282776     
 0.1125000      0.1276934     
 0.1141667      0.4395870E-01 
 0.1158333      0.6189572E-01 
 0.1175000      0.1070828     
 0.1191667      0.1086763     
 0.1208333      0.1101854     
 0.1225000      0.9496550E-01 
 0.1241667      0.4493216E-01 
 0.1258333      0.3733642E-01 
 0.1275000      0.5666393E-01 
 0.1291667      0.1101352     
 0.1308333      0.1246741     
 0.1325000      0.6696773E-01 
 0.1341667      0.4288846E-01 
 0.1358333      0.3286721E-01 
 0.1375000      0.1002005     
 0.1391667      0.6496357E-01 
 0.1408333      0.1020877     
 0.1425000      0.7079886E-01 
 0.1441667      0.3090131E-01 
 0.1458333      0.3627186E-01 
 0.1475000      0.7536960E-01 
 0.1491667      0.6219923E-01 
 0.1508333      0.6820664E-01 
 0.1525000      0.3465441E-01 
 0.1541667      0.5487533E-01 
 0.1558333      0.8234640E-01 
 0.1575000      0.4537529E-01 
 0.1591667      0.2267948E-01 
 0.1608333      0.3442413E-01 
 0.1625000      0.5228682E-01 
 0.1641667      0.3219216E-01 
 0.1658333      0.3123307E-01 
