# SumMovie FRC for input stack : stack1.mrc
# Number of micrographs: 1
# Number of frames per movie: 50
# Pixel size (A): 3.0000
# 1/(A)          FRC
# -----------------------
# 
# Micrograph 1 of 1. Score: .510
 0.8333334E-03  0.9999990     
 0.2500000E-02  0.9745008     
 0.4166666E-02  0.9567406     
 0.5833333E-02  0.9213836     
 0.7499999E-02  0.9025121     
 0.9166666E-02  0.7433832     
 0.1083333E-01  0.7113965     
 0.1250000E-01  0.8407745     
 0.1416667E-01  0.9106264     
 0.1583333E-01  0.9142447     
 0.1750000E-01  0.8598467     
 0.1916667E-01  0.6451922     
 0.2083333E-01  0.7360102     
 0.2250000E-01  0.8488178     
 0.2416667E-01  0.8860771     
 0.2583333E-01  0.8457792     
 0.2750000E-01  0.6973855     
 0.2916667E-01  0.5706937     
 0.3083333E-01  0.6628892     
 0.3250000E-01  0.6737888     
 0.3416666E-01  0.6166435     
 0.3583334E-01  0.4911233     
 0.3750000E-01  0.4317231     
 0.3916667E-01  0.3897588     
 0.4083334E-01  0.3892706     
 0.4250000E-01  0.3447404     
 0.4416666E-01  0.2164019     
 0.4583333E-01  0.1348427     
 0.4750000E-01  0.1916908     
 0.4916666E-01  0.1055741     
 0.5083333E-01  0.9558797E-01 
 0.5250000E-01  0.9462752E-01 
 0.5416667E-01  0.1119669     
 0.5583333E-01  0.1694586     
 0.5750000E-01  0.2153555     
 0.5916666E-01  0.2552628     
 0.6083334E-01  0.2857567     
 0.6250000E-01  0.2419025     
 0.6416667E-01  0.2279390     
 0.6583333E-01  0.2241286     
 0.6750000E-01  0.1376881     
 0.6916667E-01  0.1457002     
 0.7083333E-01  0.1166369     
 0.7250000E-01  0.6602854E-01 
 0.7416667E-01  0.8268216E-01 
 0.7583334E-01  0.1341197     
 0.7749999E-01  0.1849859     
 0.7916667E-01  0.2111085     
 0.8083334E-01  0.2140121     
 0.8250000E-01  0.1996725     
 0.8416667E-01  0.1544292     
 0.8583333E-01  0.9631629E-01 
 0.8750000E-01  0.5980871E-01 
 0.8916666E-01  0.1660796E-01 
 0.9083333E-01  0.8655331E-01 
 0.9250000E-01  0.1209832     
 0.9416667E-01  0.1730762     
 0.9583333E-01  0.1889241     
 0.9750000E-01  0.1506045     
 0.9916665E-01  0.8829326E-01 
 0.1008333      0.7486795E-01 
 0.1025000      0.2987616E-01 
 0.1041667      0.1073649     
 0.1058333      0.1450945     
 0.1075000      0.1453113     
 0.1091667      0.1353948     
 0.1108333      0.1102734     
 0.1125000      0.1137414     
 0.1141667      0.6665509E-01 
 0.1158333      0.4528254E-01 
 0.1175000      0.7427291E-01 
 0.1191667      0.1100162     
 0.1208333      0.9075799E-01 
 0.1225000      0.6310094E-01 
 0.1241667      0.6662254E-01 
 0.1258333      0.4333644E-01 
 0.1275000      0.2469851E-01 
 0.1291667      0.1166466     
 0.1308333      0.8481564E-01 
 0.1325000      0.7677920E-01 
 0.1341667      0.2521078E-01 
 0.1358333      0.5233230E-01 
 0.1375000      0.5940237E-01 
 0.1391667      0.7271916E-01 
 0.1408333      0.8450623E-01 
 0.1425000      0.6545249E-01 
 0.1441667      0.3606496E-01 
 0.1458333      0.5061843E-01 
 0.1475000      0.8219012E-01 
 0.1491667      0.5614059E-01 
 0.1508333      0.4638058E-01 
 0.1525000      0.3881314E-01 
 0.1541667      0.4904308E-01 
 0.1558333      0.4897761E-01 
 0.1575000      0.5104610E-01 
 0.1591667      0.1659099E-01 
 0.1608333      0.5341761E-01 
 0.1625000      0.5028892E-01 
 0.1641667      0.7273249E-01 
 0.1658333      0.4254988E-01 
