# SumMovie FRC for input stack : stack6.mrc
# Number of micrographs: 1
# Number of frames per movie: 50
# Pixel size (A): 3.0000
# 1/(A)          FRC
# -----------------------
# 
# Micrograph 1 of 1. Score: .592
 0.8333334E-03  0.9999999     
 0.2500000E-02  0.9512945     
 0.4166666E-02  0.9319654     
 0.5833333E-02  0.8474871     
 0.7499999E-02  0.8653475     
 0.9166666E-02  0.6788319     
 0.1083333E-01  0.6585336     
 0.1250000E-01  0.8498341     
 0.1416667E-01  0.8880146     
 0.1583333E-01  0.9352930     
 0.1750000E-01  0.8940932     
 0.1916667E-01  0.6003963     
 0.2083333E-01  0.6728044     
 0.2250000E-01  0.8432872     
 0.2416667E-01  0.9028130     
 0.2583333E-01  0.8571638     
 0.2750000E-01  0.7353503     
 0.2916667E-01  0.6254593     
 0.3083333E-01  0.6982290     
 0.3250000E-01  0.7292361     
 0.3416666E-01  0.7026491     
 0.3583334E-01  0.6007733     
 0.3750000E-01  0.5387759     
 0.3916667E-01  0.5313199     
 0.4083334E-01  0.5748894     
 0.4250000E-01  0.4576694     
 0.4416666E-01  0.3961430     
 0.4583333E-01  0.3643058     
 0.4750000E-01  0.3031884     
 0.4916666E-01  0.2234750     
 0.5083333E-01  0.1345514     
 0.5250000E-01  0.1167851     
 0.5416667E-01  0.6160436E-01 
 0.5583333E-01  0.9919355E-01 
 0.5750000E-01  0.1220741     
 0.5916666E-01  0.1978966     
 0.6083334E-01  0.2704003     
 0.6250000E-01  0.2906429     
 0.6416667E-01  0.3458153     
 0.6583333E-01  0.3754261     
 0.6750000E-01  0.3499111     
 0.6916667E-01  0.3463143     
 0.7083333E-01  0.2912135     
 0.7250000E-01  0.2218445     
 0.7416667E-01  0.1228474     
 0.7583334E-01  0.7845420E-01 
 0.7749999E-01  0.6650899E-01 
 0.7916667E-01  0.7866953E-01 
 0.8083334E-01  0.1862674     
 0.8250000E-01  0.2317750     
 0.8416667E-01  0.2982514     
 0.8583333E-01  0.3109829     
 0.8750000E-01  0.2919409     
 0.8916666E-01  0.2438540     
 0.9083333E-01  0.1638716     
 0.9250000E-01  0.8531612E-01 
 0.9416667E-01  0.4602823E-01 
 0.9583333E-01  0.8657582E-01 
 0.9750000E-01  0.8800469E-01 
 0.9916665E-01  0.1447107     
 0.1008333      0.2175773     
 0.1025000      0.2393409     
 0.1041667      0.1725175     
 0.1058333      0.1468484     
 0.1075000      0.8088416E-01 
 0.1091667      0.7673502E-01 
 0.1108333      0.4446218E-01 
 0.1125000      0.8820237E-01 
 0.1141667      0.1419072     
 0.1158333      0.1916067     
 0.1175000      0.1733037     
 0.1191667      0.1305520     
 0.1208333      0.4191651E-01 
 0.1225000      0.4360138E-01 
 0.1241667      0.4152384E-01 
 0.1258333      0.1054611     
 0.1275000      0.1230023     
 0.1291667      0.1275671     
 0.1308333      0.1102382     
 0.1325000      0.5703138E-01 
 0.1341667      0.4965952E-01 
 0.1358333      0.7602017E-01 
 0.1375000      0.7151619E-01 
 0.1391667      0.1049071     
 0.1408333      0.9156504E-01 
 0.1425000      0.7109209E-01 
 0.1441667      0.5750574E-01 
 0.1458333      0.4214082E-01 
 0.1475000      0.4689251E-01 
 0.1491667      0.7923343E-01 
 0.1508333      0.9445460E-01 
 0.1525000      0.6783266E-01 
 0.1541667      0.4754848E-01 
 0.1558333      0.3682697E-01 
 0.1575000      0.7450601E-01 
 0.1591667      0.8170719E-01 
 0.1608333      0.7762251E-01 
 0.1625000      0.7598080E-01 
 0.1641667      0.6099165E-01 
 0.1658333      0.2832849E-01 
