# SumMovie FRC for input stack : stack16.mrc
# Number of micrographs: 1
# Number of frames per movie: 50
# Pixel size (A): 3.0000
# 1/(A)          FRC
# -----------------------
# 
# Micrograph 1 of 1. Score: .529
 0.8333334E-03  0.9999994     
 0.2500000E-02  0.9670067     
 0.4166666E-02  0.9459262     
 0.5833333E-02  0.9110019     
 0.7499999E-02  0.8943295     
 0.9166666E-02  0.8411757     
 0.1083333E-01  0.7717172     
 0.1250000E-01  0.8786432     
 0.1416667E-01  0.9333687     
 0.1583333E-01  0.9637914     
 0.1750000E-01  0.9436615     
 0.1916667E-01  0.7650173     
 0.2083333E-01  0.8002651     
 0.2250000E-01  0.8931426     
 0.2416667E-01  0.9346379     
 0.2583333E-01  0.9256800     
 0.2750000E-01  0.8149224     
 0.2916667E-01  0.6808274     
 0.3083333E-01  0.7325169     
 0.3250000E-01  0.7779965     
 0.3416666E-01  0.6990942     
 0.3583334E-01  0.5605928     
 0.3750000E-01  0.4261919     
 0.3916667E-01  0.3592163     
 0.4083334E-01  0.2960849     
 0.4250000E-01  0.1138196     
 0.4416666E-01  0.1225898     
 0.4583333E-01  0.1049669     
 0.4750000E-01  0.1364070     
 0.4916666E-01  0.2710162     
 0.5083333E-01  0.3324506     
 0.5250000E-01  0.3613236     
 0.5416667E-01  0.3593589     
 0.5583333E-01  0.4075480     
 0.5750000E-01  0.3468149     
 0.5916666E-01  0.2642716     
 0.6083334E-01  0.1776925     
 0.6250000E-01  0.9090903E-01 
 0.6416667E-01  0.1111244     
 0.6583333E-01  0.1424477     
 0.6750000E-01  0.1935217     
 0.6916667E-01  0.3014347     
 0.7083333E-01  0.3931929     
 0.7250000E-01  0.3347276     
 0.7416667E-01  0.2723431     
 0.7583334E-01  0.1652803     
 0.7749999E-01  0.1118781     
 0.7916667E-01  0.9338149E-01 
 0.8083334E-01  0.2472107     
 0.8250000E-01  0.2514584     
 0.8416667E-01  0.3295859     
 0.8583333E-01  0.2806647     
 0.8750000E-01  0.1853737     
 0.8916666E-01  0.1163564     
 0.9083333E-01  0.9766398E-01 
 0.9250000E-01  0.1829092     
 0.9416667E-01  0.2416892     
 0.9583333E-01  0.2590568     
 0.9750000E-01  0.2082012     
 0.9916665E-01  0.1242983     
 0.1008333      0.1014209     
 0.1025000      0.1337363     
 0.1041667      0.1904414     
 0.1058333      0.2305135     
 0.1075000      0.1878098     
 0.1091667      0.1303077     
 0.1108333      0.6762118E-01 
 0.1125000      0.1523123     
 0.1141667      0.1818894     
 0.1158333      0.1718098     
 0.1175000      0.1325551     
 0.1191667      0.9175436E-01 
 0.1208333      0.1125205     
 0.1225000      0.1487199     
 0.1241667      0.1683310     
 0.1258333      0.1290217     
 0.1275000      0.8808574E-01 
 0.1291667      0.1042120     
 0.1308333      0.1398592     
 0.1325000      0.1346970     
 0.1341667      0.1066744     
 0.1358333      0.6122625E-01 
 0.1375000      0.1168658     
 0.1391667      0.1328264     
 0.1408333      0.1307068     
 0.1425000      0.8668046E-01 
 0.1441667      0.1130568     
 0.1458333      0.1187418     
 0.1475000      0.1121135     
 0.1491667      0.1156066     
 0.1508333      0.9903983E-01 
 0.1525000      0.1176443     
 0.1541667      0.1096653     
 0.1558333      0.8783335E-01 
 0.1575000      0.8843695E-01 
 0.1591667      0.1075412     
 0.1608333      0.1105525     
 0.1625000      0.6781899E-01 
 0.1641667      0.8927932E-01 
 0.1658333      0.1369378     
