# SumMovie FRC for input stack : stack16.mrc
# Number of micrographs: 1
# Number of frames per movie: 50
# Pixel size (A): 3.0000
# 1/(A)          FRC
# -----------------------
# 
# Micrograph 1 of 1. Score: .530
 0.8333334E-03  0.9999994     
 0.2500000E-02  0.9670368     
 0.4166666E-02  0.9459413     
 0.5833333E-02  0.9110789     
 0.7499999E-02  0.8943831     
 0.9166666E-02  0.8413748     
 0.1083333E-01  0.7720275     
 0.1250000E-01  0.8790020     
 0.1416667E-01  0.9335076     
 0.1583333E-01  0.9640106     
 0.1750000E-01  0.9439538     
 0.1916667E-01  0.7658764     
 0.2083333E-01  0.8009196     
 0.2250000E-01  0.8941520     
 0.2416667E-01  0.9353552     
 0.2583333E-01  0.9265429     
 0.2750000E-01  0.8168483     
 0.2916667E-01  0.6829790     
 0.3083333E-01  0.7342830     
 0.3250000E-01  0.7802578     
 0.3416666E-01  0.7016733     
 0.3583334E-01  0.5656867     
 0.3750000E-01  0.4278368     
 0.3916667E-01  0.3592595     
 0.4083334E-01  0.2969857     
 0.4250000E-01  0.1131052     
 0.4416666E-01  0.1226257     
 0.4583333E-01  0.1040900     
 0.4750000E-01  0.1357245     
 0.4916666E-01  0.2721541     
 0.5083333E-01  0.3352047     
 0.5250000E-01  0.3647405     
 0.5416667E-01  0.3621499     
 0.5583333E-01  0.4102967     
 0.5750000E-01  0.3505864     
 0.5916666E-01  0.2662902     
 0.6083334E-01  0.1810233     
 0.6250000E-01  0.9070671E-01 
 0.6416667E-01  0.1094243     
 0.6583333E-01  0.1432898     
 0.6750000E-01  0.1979281     
 0.6916667E-01  0.3057530     
 0.7083333E-01  0.3983127     
 0.7250000E-01  0.3378021     
 0.7416667E-01  0.2760484     
 0.7583334E-01  0.1672494     
 0.7749999E-01  0.1109704     
 0.7916667E-01  0.9358580E-01 
 0.8083334E-01  0.2484096     
 0.8250000E-01  0.2565936     
 0.8416667E-01  0.3337326     
 0.8583333E-01  0.2848545     
 0.8750000E-01  0.1853648     
 0.8916666E-01  0.1154398     
 0.9083333E-01  0.9381579E-01 
 0.9250000E-01  0.1810409     
 0.9416667E-01  0.2435685     
 0.9583333E-01  0.2639563     
 0.9750000E-01  0.2112782     
 0.9916665E-01  0.1203285     
 0.1008333      0.9515833E-01 
 0.1025000      0.1319565     
 0.1041667      0.1903144     
 0.1058333      0.2328538     
 0.1075000      0.1883826     
 0.1091667      0.1289833     
 0.1108333      0.6397413E-01 
 0.1125000      0.1511995     
 0.1141667      0.1800586     
 0.1158333      0.1724187     
 0.1175000      0.1269890     
 0.1191667      0.9067054E-01 
 0.1208333      0.1088965     
 0.1225000      0.1475050     
 0.1241667      0.1655208     
 0.1258333      0.1266451     
 0.1275000      0.8395564E-01 
 0.1291667      0.9675507E-01 
 0.1308333      0.1392880     
 0.1325000      0.1337828     
 0.1341667      0.1028280     
 0.1358333      0.5415183E-01 
 0.1375000      0.1104628     
 0.1391667      0.1312311     
 0.1408333      0.1248263     
 0.1425000      0.8044685E-01 
 0.1441667      0.1071525     
 0.1458333      0.1171150     
 0.1475000      0.1107564     
 0.1491667      0.1068967     
 0.1508333      0.9712779E-01 
 0.1525000      0.1111242     
 0.1541667      0.1027655     
 0.1558333      0.8201563E-01 
 0.1575000      0.8146280E-01 
 0.1591667      0.1062718     
 0.1608333      0.1046859     
 0.1625000      0.6584328E-01 
 0.1641667      0.8282489E-01 
 0.1658333      0.1376942     
