# SumMovie FRC for input stack : stack6.mrc
# Number of micrographs: 1
# Number of frames per movie: 50
# Pixel size (A): 3.0000
# 1/(A)          FRC
# -----------------------
# 
# Micrograph 1 of 1. Score: .573
 0.8333334E-03  0.9999999     
 0.2500000E-02  0.9513474     
 0.4166666E-02  0.9316564     
 0.5833333E-02  0.8461754     
 0.7499999E-02  0.8648849     
 0.9166666E-02  0.6724867     
 0.1083333E-01  0.6540663     
 0.1250000E-01  0.8458632     
 0.1416667E-01  0.8827575     
 0.1583333E-01  0.9308277     
 0.1750000E-01  0.8905150     
 0.1916667E-01  0.5999280     
 0.2083333E-01  0.6599507     
 0.2250000E-01  0.8270530     
 0.2416667E-01  0.8905928     
 0.2583333E-01  0.8424355     
 0.2750000E-01  0.7190251     
 0.2916667E-01  0.6126933     
 0.3083333E-01  0.6723094     
 0.3250000E-01  0.7153087     
 0.3416666E-01  0.6817776     
 0.3583334E-01  0.5730314     
 0.3750000E-01  0.5201914     
 0.3916667E-01  0.5026104     
 0.4083334E-01  0.5343920     
 0.4250000E-01  0.4336191     
 0.4416666E-01  0.3668920     
 0.4583333E-01  0.3346641     
 0.4750000E-01  0.2841929     
 0.4916666E-01  0.2115811     
 0.5083333E-01  0.1183280     
 0.5250000E-01  0.1435815     
 0.5416667E-01  0.9050786E-01 
 0.5583333E-01  0.1301591     
 0.5750000E-01  0.1298147     
 0.5916666E-01  0.2078706     
 0.6083334E-01  0.2675543     
 0.6250000E-01  0.2881039     
 0.6416667E-01  0.3293304     
 0.6583333E-01  0.3270685     
 0.6750000E-01  0.3330295     
 0.6916667E-01  0.3160797     
 0.7083333E-01  0.2665452     
 0.7250000E-01  0.2133086     
 0.7416667E-01  0.1449088     
 0.7583334E-01  0.1021460     
 0.7749999E-01  0.8911141E-01 
 0.7916667E-01  0.9600053E-01 
 0.8083334E-01  0.1717382     
 0.8250000E-01  0.2108370     
 0.8416667E-01  0.2658939     
 0.8583333E-01  0.2854104     
 0.8750000E-01  0.2620575     
 0.8916666E-01  0.2539307     
 0.9083333E-01  0.1324089     
 0.9250000E-01  0.1284153     
 0.9416667E-01  0.8546471E-01 
 0.9583333E-01  0.1284701     
 0.9750000E-01  0.1293601     
 0.9916665E-01  0.1673380     
 0.1008333      0.1896656     
 0.1025000      0.2106985     
 0.1041667      0.1965433     
 0.1058333      0.1431081     
 0.1075000      0.1071544     
 0.1091667      0.5622008E-01 
 0.1108333      0.8267312E-01 
 0.1125000      0.1373914     
 0.1141667      0.1724925     
 0.1158333      0.1959145     
 0.1175000      0.1586843     
 0.1191667      0.1399301     
 0.1208333      0.9710723E-01 
 0.1225000      0.7013300E-01 
 0.1241667      0.9316584E-01 
 0.1258333      0.9904838E-01 
 0.1275000      0.1499328     
 0.1291667      0.1393570     
 0.1308333      0.1375496     
 0.1325000      0.6645007E-01 
 0.1341667      0.5608640E-01 
 0.1358333      0.1125485     
 0.1375000      0.9178270E-01 
 0.1391667      0.9583987E-01 
 0.1408333      0.1198394     
 0.1425000      0.1041207     
 0.1441667      0.8092898E-01 
 0.1458333      0.8137773E-01 
 0.1475000      0.9068782E-01 
 0.1491667      0.1191930     
 0.1508333      0.1289087     
 0.1525000      0.9960851E-01 
 0.1541667      0.6672606E-01 
 0.1558333      0.9534898E-01 
 0.1575000      0.8541078E-01 
 0.1591667      0.9891348E-01 
 0.1608333      0.1191663     
 0.1625000      0.8894741E-01 
 0.1641667      0.8257955E-01 
 0.1658333      0.6142177E-01 
