# SumMovie FRC for input stack : stack1.mrc
# Number of micrographs: 1
# Number of frames per movie: 50
# Pixel size (A): 3.0000
# 1/(A)          FRC
# -----------------------
# 
# Micrograph 1 of 1. Score: .546
 0.8333334E-03  0.9999993     
 0.2500000E-02  0.9744548     
 0.4166666E-02  0.9570089     
 0.5833333E-02  0.9206197     
 0.7499999E-02  0.9049097     
 0.9166666E-02  0.7493864     
 0.1083333E-01  0.7275561     
 0.1250000E-01  0.8559099     
 0.1416667E-01  0.9222817     
 0.1583333E-01  0.9263127     
 0.1750000E-01  0.8738189     
 0.1916667E-01  0.6748102     
 0.2083333E-01  0.7639639     
 0.2250000E-01  0.8706676     
 0.2416667E-01  0.9031409     
 0.2583333E-01  0.8718766     
 0.2750000E-01  0.7471375     
 0.2916667E-01  0.6436574     
 0.3083333E-01  0.7085557     
 0.3250000E-01  0.7372134     
 0.3416666E-01  0.6837987     
 0.3583334E-01  0.5453997     
 0.3750000E-01  0.4832178     
 0.3916667E-01  0.4601688     
 0.4083334E-01  0.4485229     
 0.4250000E-01  0.3990252     
 0.4416666E-01  0.2596270     
 0.4583333E-01  0.1693084     
 0.4750000E-01  0.1882603     
 0.4916666E-01  0.9524734E-01 
 0.5083333E-01  0.6298655E-01 
 0.5250000E-01  0.6705663E-01 
 0.5416667E-01  0.1270615     
 0.5583333E-01  0.1860914     
 0.5750000E-01  0.2517229     
 0.5916666E-01  0.3165634     
 0.6083334E-01  0.3427242     
 0.6250000E-01  0.3264987     
 0.6416667E-01  0.2999706     
 0.6583333E-01  0.2724771     
 0.6750000E-01  0.1614835     
 0.6916667E-01  0.1349330     
 0.7083333E-01  0.8613327E-01 
 0.7250000E-01  0.6992152E-01 
 0.7416667E-01  0.1089382     
 0.7583334E-01  0.1688385     
 0.7749999E-01  0.2458446     
 0.7916667E-01  0.2976075     
 0.8083334E-01  0.2897482     
 0.8250000E-01  0.2847818     
 0.8416667E-01  0.2279694     
 0.8583333E-01  0.1243453     
 0.8750000E-01  0.6128871E-01 
 0.8916666E-01  0.3350066E-01 
 0.9083333E-01  0.1321432     
 0.9250000E-01  0.1976997     
 0.9416667E-01  0.2371211     
 0.9583333E-01  0.2507209     
 0.9750000E-01  0.1954887     
 0.9916665E-01  0.1109581     
 0.1008333      0.6947514E-01 
 0.1025000      0.4792395E-01 
 0.1041667      0.1204092     
 0.1058333      0.1563593     
 0.1075000      0.1618795     
 0.1091667      0.1756870     
 0.1108333      0.1330819     
 0.1125000      0.1244537     
 0.1141667      0.3854128E-01 
 0.1158333      0.6569730E-01 
 0.1175000      0.1080111     
 0.1191667      0.1137250     
 0.1208333      0.1168678     
 0.1225000      0.1033283     
 0.1241667      0.4826955E-01 
 0.1258333      0.4208742E-01 
 0.1275000      0.5854664E-01 
 0.1291667      0.1189992     
 0.1308333      0.1218299     
 0.1325000      0.7167158E-01 
 0.1341667      0.4955744E-01 
 0.1358333      0.2391439E-01 
 0.1375000      0.1037624     
 0.1391667      0.6975685E-01 
 0.1408333      0.1091994     
 0.1425000      0.6151070E-01 
 0.1441667      0.3966203E-01 
 0.1458333      0.2924006E-01 
 0.1475000      0.7510996E-01 
 0.1491667      0.6184411E-01 
 0.1508333      0.6512387E-01 
 0.1525000      0.2401513E-01 
 0.1541667      0.5906465E-01 
 0.1558333      0.8196116E-01 
 0.1575000      0.4357228E-01 
 0.1591667      0.2407427E-01 
 0.1608333      0.4069456E-01 
 0.1625000      0.4924358E-01 
 0.1641667      0.3644988E-01 
 0.1658333      0.2939159E-01 
