# SumMovie FRC for input stack : stack16.mrc
# Number of micrographs: 1
# Number of frames per movie: 50
# Pixel size (A): 3.0000
# 1/(A)          FRC
# -----------------------
# 
# Micrograph 1 of 1. Score: .528
 0.8333334E-03  0.9999994     
 0.2500000E-02  0.9669821     
 0.4166666E-02  0.9459065     
 0.5833333E-02  0.9109170     
 0.7499999E-02  0.8942882     
 0.9166666E-02  0.8410563     
 0.1083333E-01  0.7714062     
 0.1250000E-01  0.8783480     
 0.1416667E-01  0.9332487     
 0.1583333E-01  0.9636246     
 0.1750000E-01  0.9434222     
 0.1916667E-01  0.7642660     
 0.2083333E-01  0.7996334     
 0.2250000E-01  0.8922755     
 0.2416667E-01  0.9339578     
 0.2583333E-01  0.9248083     
 0.2750000E-01  0.8132021     
 0.2916667E-01  0.6787882     
 0.3083333E-01  0.7308323     
 0.3250000E-01  0.7761192     
 0.3416666E-01  0.6969218     
 0.3583334E-01  0.5561594     
 0.3750000E-01  0.4249656     
 0.3916667E-01  0.3590316     
 0.4083334E-01  0.2947713     
 0.4250000E-01  0.1144977     
 0.4416666E-01  0.1228293     
 0.4583333E-01  0.1065623     
 0.4750000E-01  0.1369286     
 0.4916666E-01  0.2700334     
 0.5083333E-01  0.3296455     
 0.5250000E-01  0.3576139     
 0.5416667E-01  0.3569102     
 0.5583333E-01  0.4045644     
 0.5750000E-01  0.3431119     
 0.5916666E-01  0.2625383     
 0.6083334E-01  0.1735118     
 0.6250000E-01  0.9103266E-01 
 0.6416667E-01  0.1139518     
 0.6583333E-01  0.1415153     
 0.6750000E-01  0.1893866     
 0.6916667E-01  0.2980894     
 0.7083333E-01  0.3880064     
 0.7250000E-01  0.3319441     
 0.7416667E-01  0.2687089     
 0.7583334E-01  0.1635170     
 0.7749999E-01  0.1123906     
 0.7916667E-01  0.9253535E-01 
 0.8083334E-01  0.2450320     
 0.8250000E-01  0.2464381     
 0.8416667E-01  0.3251508     
 0.8583333E-01  0.2773384     
 0.8750000E-01  0.1840610     
 0.8916666E-01  0.1170810     
 0.9083333E-01  0.9887026E-01 
 0.9250000E-01  0.1837498     
 0.9416667E-01  0.2398151     
 0.9583333E-01  0.2539928     
 0.9750000E-01  0.2053546     
 0.9916665E-01  0.1272797     
 0.1008333      0.1068049     
 0.1025000      0.1339829     
 0.1041667      0.1896382     
 0.1058333      0.2274373     
 0.1075000      0.1868206     
 0.1091667      0.1300858     
 0.1108333      0.6875001E-01 
 0.1125000      0.1533312     
 0.1141667      0.1831743     
 0.1158333      0.1724494     
 0.1175000      0.1357740     
 0.1191667      0.9041554E-01 
 0.1208333      0.1157097     
 0.1225000      0.1499218     
 0.1241667      0.1714373     
 0.1258333      0.1293825     
 0.1275000      0.9064928E-01 
 0.1291667      0.1108923     
 0.1308333      0.1391665     
 0.1325000      0.1360535     
 0.1341667      0.1101829     
 0.1358333      0.6800997E-01 
 0.1375000      0.1239106     
 0.1391667      0.1353807     
 0.1408333      0.1372206     
 0.1425000      0.9388706E-01 
 0.1441667      0.1181706     
 0.1458333      0.1199426     
 0.1475000      0.1151635     
 0.1491667      0.1207933     
 0.1508333      0.9882493E-01 
 0.1525000      0.1252856     
 0.1541667      0.1140985     
 0.1558333      0.9444952E-01 
 0.1575000      0.9327177E-01 
 0.1591667      0.1085609     
 0.1608333      0.1163290     
 0.1625000      0.7136233E-01 
 0.1641667      0.9416337E-01 
 0.1658333      0.1369469     
