# SumMovie FRC for input stack : stack16.mrc
# Number of micrographs: 1
# Number of frames per movie: 50
# Pixel size (A): 3.0000
# 1/(A)          FRC
# -----------------------
# 
# Micrograph 1 of 1. Score: .539
 0.8333334E-03  0.9999994     
 0.2500000E-02  0.9672115     
 0.4166666E-02  0.9454113     
 0.5833333E-02  0.9120363     
 0.7499999E-02  0.8965421     
 0.9166666E-02  0.8416144     
 0.1083333E-01  0.7766819     
 0.1250000E-01  0.8839181     
 0.1416667E-01  0.9355218     
 0.1583333E-01  0.9656688     
 0.1750000E-01  0.9459388     
 0.1916667E-01  0.7767075     
 0.2083333E-01  0.8029465     
 0.2250000E-01  0.9023077     
 0.2416667E-01  0.9432768     
 0.2583333E-01  0.9340267     
 0.2750000E-01  0.8304750     
 0.2916667E-01  0.7050412     
 0.3083333E-01  0.7536754     
 0.3250000E-01  0.7967239     
 0.3416666E-01  0.7329516     
 0.3583334E-01  0.6075024     
 0.3750000E-01  0.4395184     
 0.3916667E-01  0.3794874     
 0.4083334E-01  0.2924135     
 0.4250000E-01  0.1232344     
 0.4416666E-01  0.1210816     
 0.4583333E-01  0.8469552E-01 
 0.4750000E-01  0.1482677     
 0.4916666E-01  0.2690001     
 0.5083333E-01  0.3448279     
 0.5250000E-01  0.3909528     
 0.5416667E-01  0.3821771     
 0.5583333E-01  0.4238393     
 0.5750000E-01  0.3612041     
 0.5916666E-01  0.2780999     
 0.6083334E-01  0.1848081     
 0.6250000E-01  0.8211271E-01 
 0.6416667E-01  0.1052802     
 0.6583333E-01  0.1399879     
 0.6750000E-01  0.2102145     
 0.6916667E-01  0.3136947     
 0.7083333E-01  0.4067955     
 0.7250000E-01  0.3721682     
 0.7416667E-01  0.3081122     
 0.7583334E-01  0.1819943     
 0.7749999E-01  0.1200711     
 0.7916667E-01  0.9545404E-01 
 0.8083334E-01  0.2507351     
 0.8250000E-01  0.2766599     
 0.8416667E-01  0.3617466     
 0.8583333E-01  0.3018745     
 0.8750000E-01  0.1891632     
 0.8916666E-01  0.1188439     
 0.9083333E-01  0.7914665E-01 
 0.9250000E-01  0.1873448     
 0.9416667E-01  0.2613603     
 0.9583333E-01  0.2810979     
 0.9750000E-01  0.2133356     
 0.9916665E-01  0.1006660     
 0.1008333      0.6239716E-01 
 0.1025000      0.1223738     
 0.1041667      0.1920516     
 0.1058333      0.2424939     
 0.1075000      0.1825347     
 0.1091667      0.1111921     
 0.1108333      0.5933956E-01 
 0.1125000      0.1425541     
 0.1141667      0.1988947     
 0.1158333      0.1909686     
 0.1175000      0.1134987     
 0.1191667      0.4895052E-01 
 0.1208333      0.9445453E-01 
 0.1225000      0.1599295     
 0.1241667      0.1757296     
 0.1258333      0.1082894     
 0.1275000      0.6794038E-01 
 0.1291667      0.8893298E-01 
 0.1308333      0.1194782     
 0.1325000      0.1352990     
 0.1341667      0.7264966E-01 
 0.1358333      0.4592166E-01 
 0.1375000      0.1142055     
 0.1391667      0.1366661     
 0.1408333      0.9531115E-01 
 0.1425000      0.7768703E-01 
 0.1441667      0.7765924E-01 
 0.1458333      0.1162129     
 0.1475000      0.9730696E-01 
 0.1491667      0.6744147E-01 
 0.1508333      0.7034872E-01 
 0.1525000      0.1010511     
 0.1541667      0.8381969E-01 
 0.1558333      0.7698371E-01 
 0.1575000      0.4840102E-01 
 0.1591667      0.8632566E-01 
 0.1608333      0.9082051E-01 
 0.1625000      0.4571427E-01 
 0.1641667      0.6467287E-01 
 0.1658333      0.1334421     
