# SumMovie FRC for input stack : stack11.mrc
# Number of micrographs: 1
# Number of frames per movie: 50
# Pixel size (A): 3.0000
# 1/(A)          FRC
# -----------------------
# 
# Micrograph 1 of 1. Score: .572
 0.8333334E-03  0.9999998     
 0.2500000E-02  0.8501945     
 0.4166666E-02  0.8702734     
 0.5833333E-02  0.8519262     
 0.7499999E-02  0.8573801     
 0.9166666E-02  0.7368129     
 0.1083333E-01  0.6260273     
 0.1250000E-01  0.8521847     
 0.1416667E-01  0.9141062     
 0.1583333E-01  0.9438625     
 0.1750000E-01  0.9071468     
 0.1916667E-01  0.6583783     
 0.2083333E-01  0.7393892     
 0.2250000E-01  0.8751111     
 0.2416667E-01  0.9217671     
 0.2583333E-01  0.8923420     
 0.2750000E-01  0.7421618     
 0.2916667E-01  0.6416926     
 0.3083333E-01  0.7105919     
 0.3250000E-01  0.7711759     
 0.3416666E-01  0.7200547     
 0.3583334E-01  0.5888532     
 0.3750000E-01  0.5229046     
 0.3916667E-01  0.4986624     
 0.4083334E-01  0.5164359     
 0.4250000E-01  0.4011865     
 0.4416666E-01  0.3369101     
 0.4583333E-01  0.2907260     
 0.4750000E-01  0.2199157     
 0.4916666E-01  0.1080714     
 0.5083333E-01  0.7638729E-01 
 0.5250000E-01  0.1368168     
 0.5416667E-01  0.1393054     
 0.5583333E-01  0.2217458     
 0.5750000E-01  0.2957342     
 0.5916666E-01  0.3596117     
 0.6083334E-01  0.3550523     
 0.6250000E-01  0.4003979     
 0.6416667E-01  0.3893392     
 0.6583333E-01  0.3110896     
 0.6750000E-01  0.2983981     
 0.6916667E-01  0.1898006     
 0.7083333E-01  0.1110356     
 0.7250000E-01  0.8516382E-01 
 0.7416667E-01  0.1098470     
 0.7583334E-01  0.1965698     
 0.7749999E-01  0.2664750     
 0.7916667E-01  0.3114281     
 0.8083334E-01  0.3517113     
 0.8250000E-01  0.3191099     
 0.8416667E-01  0.2942235     
 0.8583333E-01  0.2057361     
 0.8750000E-01  0.9630454E-01 
 0.8916666E-01  0.7610219E-01 
 0.9083333E-01  0.1297650     
 0.9250000E-01  0.2238059     
 0.9416667E-01  0.2857552     
 0.9583333E-01  0.3026976     
 0.9750000E-01  0.2543200     
 0.9916665E-01  0.2358260     
 0.1008333      0.1126093     
 0.1025000      0.7981037E-01 
 0.1041667      0.1374330     
 0.1058333      0.2175367     
 0.1075000      0.2203781     
 0.1091667      0.2482685     
 0.1108333      0.2091933     
 0.1125000      0.1530400     
 0.1141667      0.9819836E-01 
 0.1158333      0.9292211E-01 
 0.1175000      0.1641500     
 0.1191667      0.1926247     
 0.1208333      0.1634065     
 0.1225000      0.1474092     
 0.1241667      0.9044246E-01 
 0.1258333      0.9809246E-01 
 0.1275000      0.1083131     
 0.1291667      0.1654721     
 0.1308333      0.1671682     
 0.1325000      0.1829347     
 0.1341667      0.1084243     
 0.1358333      0.6851166E-01 
 0.1375000      0.1290382     
 0.1391667      0.1167134     
 0.1408333      0.1536842     
 0.1425000      0.1156234     
 0.1441667      0.1096045     
 0.1458333      0.9837293E-01 
 0.1475000      0.9544878E-01 
 0.1491667      0.1214640     
 0.1508333      0.1440277     
 0.1525000      0.1078659     
 0.1541667      0.9739719E-01 
 0.1558333      0.1067324     
 0.1575000      0.1423302     
 0.1591667      0.1044282     
 0.1608333      0.1110296     
 0.1625000      0.9036378E-01 
 0.1641667      0.1229085     
 0.1658333      0.1384093     
