# SumMovie FRC for input stack : stack1.mrc
# Number of micrographs: 1
# Number of frames per movie: 50
# Pixel size (A): 3.0000
# 1/(A)          FRC
# -----------------------
# 
# Micrograph 1 of 1. Score: .546
 0.8333334E-03  0.9999993     
 0.2500000E-02  0.9744553     
 0.4166666E-02  0.9570122     
 0.5833333E-02  0.9207022     
 0.7499999E-02  0.9048240     
 0.9166666E-02  0.7498605     
 0.1083333E-01  0.7273510     
 0.1250000E-01  0.8559340     
 0.1416667E-01  0.9223070     
 0.1583333E-01  0.9261137     
 0.1750000E-01  0.8739959     
 0.1916667E-01  0.6745938     
 0.2083333E-01  0.7638384     
 0.2250000E-01  0.8704542     
 0.2416667E-01  0.9033877     
 0.2583333E-01  0.8719370     
 0.2750000E-01  0.7479469     
 0.2916667E-01  0.6442697     
 0.3083333E-01  0.7090789     
 0.3250000E-01  0.7379585     
 0.3416666E-01  0.6843589     
 0.3583334E-01  0.5453370     
 0.3750000E-01  0.4826338     
 0.3916667E-01  0.4611281     
 0.4083334E-01  0.4488780     
 0.4250000E-01  0.4004395     
 0.4416666E-01  0.2586241     
 0.4583333E-01  0.1701038     
 0.4750000E-01  0.1881422     
 0.4916666E-01  0.9693424E-01 
 0.5083333E-01  0.6288984E-01 
 0.5250000E-01  0.6850589E-01 
 0.5416667E-01  0.1270113     
 0.5583333E-01  0.1861257     
 0.5750000E-01  0.2527996     
 0.5916666E-01  0.3154877     
 0.6083334E-01  0.3429311     
 0.6250000E-01  0.3287579     
 0.6416667E-01  0.2995041     
 0.6583333E-01  0.2717499     
 0.6750000E-01  0.1613210     
 0.6916667E-01  0.1347823     
 0.7083333E-01  0.8612407E-01 
 0.7250000E-01  0.6995703E-01 
 0.7416667E-01  0.1062125     
 0.7583334E-01  0.1655167     
 0.7749999E-01  0.2469262     
 0.7916667E-01  0.2985638     
 0.8083334E-01  0.2876599     
 0.8250000E-01  0.2842381     
 0.8416667E-01  0.2249311     
 0.8583333E-01  0.1231526     
 0.8750000E-01  0.6135375E-01 
 0.8916666E-01  0.3228243E-01 
 0.9083333E-01  0.1299638     
 0.9250000E-01  0.1947085     
 0.9416667E-01  0.2363157     
 0.9583333E-01  0.2478382     
 0.9750000E-01  0.1962634     
 0.9916665E-01  0.1085839     
 0.1008333      0.6650928E-01 
 0.1025000      0.4375677E-01 
 0.1041667      0.1205452     
 0.1058333      0.1527645     
 0.1075000      0.1584795     
 0.1091667      0.1744416     
 0.1108333      0.1305267     
 0.1125000      0.1233946     
 0.1141667      0.3807195E-01 
 0.1158333      0.6429984E-01 
 0.1175000      0.1090511     
 0.1191667      0.1086889     
 0.1208333      0.1127820     
 0.1225000      0.9798354E-01 
 0.1241667      0.4609537E-01 
 0.1258333      0.3872224E-01 
 0.1275000      0.5810502E-01 
 0.1291667      0.1110344     
 0.1308333      0.1208503     
 0.1325000      0.6669459E-01 
 0.1341667      0.4691880E-01 
 0.1358333      0.2966843E-01 
 0.1375000      0.1023299     
 0.1391667      0.6303531E-01 
 0.1408333      0.1075720     
 0.1425000      0.6587674E-01 
 0.1441667      0.3243914E-01 
 0.1458333      0.3124188E-01 
 0.1475000      0.7291806E-01 
 0.1491667      0.5633796E-01 
 0.1508333      0.6340021E-01 
 0.1525000      0.2790788E-01 
 0.1541667      0.5618611E-01 
 0.1558333      0.8479290E-01 
 0.1575000      0.4538241E-01 
 0.1591667      0.2109542E-01 
 0.1608333      0.3231212E-01 
 0.1625000      0.4858911E-01 
 0.1641667      0.3687507E-01 
 0.1658333      0.2965808E-01 
