# SumMovie FRC for input stack : stack1.mrc
# Number of micrographs: 1
# Number of frames per movie: 50
# Pixel size (A): 3.0000
# 1/(A)          FRC
# -----------------------
# 
# Micrograph 1 of 1. Score: .491
 0.8333334E-03  0.9999990     
 0.2500000E-02  0.9744666     
 0.4166666E-02  0.9565809     
 0.5833333E-02  0.9211771     
 0.7499999E-02  0.9016905     
 0.9166666E-02  0.7383958     
 0.1083333E-01  0.7063816     
 0.1250000E-01  0.8337294     
 0.1416667E-01  0.9050411     
 0.1583333E-01  0.9094968     
 0.1750000E-01  0.8500414     
 0.1916667E-01  0.6233847     
 0.2083333E-01  0.7181846     
 0.2250000E-01  0.8349590     
 0.2416667E-01  0.8733761     
 0.2583333E-01  0.8270708     
 0.2750000E-01  0.6696705     
 0.2916667E-01  0.5281316     
 0.3083333E-01  0.6330723     
 0.3250000E-01  0.6274765     
 0.3416666E-01  0.5722603     
 0.3583334E-01  0.4666726     
 0.3750000E-01  0.4167093     
 0.3916667E-01  0.3520046     
 0.4083334E-01  0.3479566     
 0.4250000E-01  0.3161246     
 0.4416666E-01  0.2082697     
 0.4583333E-01  0.1510671     
 0.4750000E-01  0.1756191     
 0.4916666E-01  0.1193505     
 0.5083333E-01  0.9791244E-01 
 0.5250000E-01  0.1151437     
 0.5416667E-01  0.1141800     
 0.5583333E-01  0.1744447     
 0.5750000E-01  0.2204451     
 0.5916666E-01  0.2329403     
 0.6083334E-01  0.2696364     
 0.6250000E-01  0.2357846     
 0.6416667E-01  0.2460619     
 0.6583333E-01  0.2213152     
 0.6750000E-01  0.1470673     
 0.6916667E-01  0.1546911     
 0.7083333E-01  0.1294376     
 0.7250000E-01  0.8133857E-01 
 0.7416667E-01  0.1093338     
 0.7583334E-01  0.1597551     
 0.7749999E-01  0.2098453     
 0.7916667E-01  0.2103652     
 0.8083334E-01  0.1992752     
 0.8250000E-01  0.2179775     
 0.8416667E-01  0.1803049     
 0.8583333E-01  0.1190955     
 0.8750000E-01  0.7777613E-01 
 0.8916666E-01  0.5885539E-01 
 0.9083333E-01  0.1348903     
 0.9250000E-01  0.1464196     
 0.9416667E-01  0.1794672     
 0.9583333E-01  0.1843018     
 0.9750000E-01  0.1669571     
 0.9916665E-01  0.1211495     
 0.1008333      0.1066305     
 0.1025000      0.6763282E-01 
 0.1041667      0.1069889     
 0.1058333      0.1724334     
 0.1075000      0.1488319     
 0.1091667      0.1494371     
 0.1108333      0.1288782     
 0.1125000      0.1130552     
 0.1141667      0.8701838E-01 
 0.1158333      0.6257533E-01 
 0.1175000      0.1093605     
 0.1191667      0.9330834E-01 
 0.1208333      0.1164219     
 0.1225000      0.9101000E-01 
 0.1241667      0.1026038     
 0.1258333      0.9506037E-01 
 0.1275000      0.8216844E-01 
 0.1291667      0.1189278     
 0.1308333      0.1319828     
 0.1325000      0.1137445     
 0.1341667      0.7212196E-01 
 0.1358333      0.8402391E-01 
 0.1375000      0.1002282     
 0.1391667      0.1024110     
 0.1408333      0.1156371     
 0.1425000      0.7859753E-01 
 0.1441667      0.7770977E-01 
 0.1458333      0.9706454E-01 
 0.1475000      0.1202317     
 0.1491667      0.8368431E-01 
 0.1508333      0.1046330     
 0.1525000      0.8226150E-01 
 0.1541667      0.8017311E-01 
 0.1558333      0.7808083E-01 
 0.1575000      0.1003133     
 0.1591667      0.8557469E-01 
 0.1608333      0.9714264E-01 
 0.1625000      0.7247689E-01 
 0.1641667      0.8053301E-01 
 0.1658333      0.8387774E-01 
