# SumMovie FRC for input stack : stack16.mrc
# Number of micrographs: 1
# Number of frames per movie: 50
# Pixel size (A): 3.0000
# 1/(A)          FRC
# -----------------------
# 
# Micrograph 1 of 1. Score: .539
 0.8333334E-03  0.9999994     
 0.2500000E-02  0.9671912     
 0.4166666E-02  0.9455507     
 0.5833333E-02  0.9118745     
 0.7499999E-02  0.8961797     
 0.9166666E-02  0.8419318     
 0.1083333E-01  0.7758079     
 0.1250000E-01  0.8831940     
 0.1416667E-01  0.9352801     
 0.1583333E-01  0.9656249     
 0.1750000E-01  0.9458490     
 0.1916667E-01  0.7755976     
 0.2083333E-01  0.8036981     
 0.2250000E-01  0.9019529     
 0.2416667E-01  0.9422058     
 0.2583333E-01  0.9335710     
 0.2750000E-01  0.8301725     
 0.2916667E-01  0.7028912     
 0.3083333E-01  0.7510478     
 0.3250000E-01  0.7961269     
 0.3416666E-01  0.7302376     
 0.3583334E-01  0.6032690     
 0.3750000E-01  0.4404646     
 0.3916667E-01  0.3778579     
 0.4083334E-01  0.2928841     
 0.4250000E-01  0.1222355     
 0.4416666E-01  0.1264186     
 0.4583333E-01  0.9090178E-01 
 0.4750000E-01  0.1496954     
 0.4916666E-01  0.2690283     
 0.5083333E-01  0.3424377     
 0.5250000E-01  0.3891319     
 0.5416667E-01  0.3761695     
 0.5583333E-01  0.4215655     
 0.5750000E-01  0.3622262     
 0.5916666E-01  0.2809513     
 0.6083334E-01  0.1900222     
 0.6250000E-01  0.8558049E-01 
 0.6416667E-01  0.1073239     
 0.6583333E-01  0.1407697     
 0.6750000E-01  0.2111451     
 0.6916667E-01  0.3173286     
 0.7083333E-01  0.4072681     
 0.7250000E-01  0.3660798     
 0.7416667E-01  0.2953374     
 0.7583334E-01  0.1841329     
 0.7749999E-01  0.1168193     
 0.7916667E-01  0.1001102     
 0.8083334E-01  0.2517805     
 0.8250000E-01  0.2749250     
 0.8416667E-01  0.3636822     
 0.8583333E-01  0.2985202     
 0.8750000E-01  0.1898203     
 0.8916666E-01  0.1179015     
 0.9083333E-01  0.8323023E-01 
 0.9250000E-01  0.1925709     
 0.9416667E-01  0.2612039     
 0.9583333E-01  0.2754870     
 0.9750000E-01  0.2181179     
 0.9916665E-01  0.1016057     
 0.1008333      0.6776127E-01 
 0.1025000      0.1262085     
 0.1041667      0.1864812     
 0.1058333      0.2435447     
 0.1075000      0.1870575     
 0.1091667      0.1129654     
 0.1108333      0.5180797E-01 
 0.1125000      0.1418470     
 0.1141667      0.1915142     
 0.1158333      0.1897023     
 0.1175000      0.1143465     
 0.1191667      0.5307608E-01 
 0.1208333      0.9205320E-01 
 0.1225000      0.1590350     
 0.1241667      0.1686848     
 0.1258333      0.1080603     
 0.1275000      0.6590097E-01 
 0.1291667      0.9289131E-01 
 0.1308333      0.1316497     
 0.1325000      0.1359313     
 0.1341667      0.8077192E-01 
 0.1358333      0.5507772E-01 
 0.1375000      0.1074176     
 0.1391667      0.1375157     
 0.1408333      0.9780085E-01 
 0.1425000      0.7208648E-01 
 0.1441667      0.7776882E-01 
 0.1458333      0.1057314     
 0.1475000      0.1012060     
 0.1491667      0.6651939E-01 
 0.1508333      0.6594170E-01 
 0.1525000      0.1046430     
 0.1541667      0.9633438E-01 
 0.1558333      0.6189989E-01 
 0.1575000      0.5004723E-01 
 0.1591667      0.8861804E-01 
 0.1608333      0.9570994E-01 
 0.1625000      0.4547001E-01 
 0.1641667      0.6204453E-01 
 0.1658333      0.1354621     
