# SumMovie FRC for input stack : stack16.mrc
# Number of micrographs: 1
# Number of frames per movie: 50
# Pixel size (A): 3.0000
# 1/(A)          FRC
# -----------------------
# 
# Micrograph 1 of 1. Score: .538
 0.8333334E-03  0.9999994     
 0.2500000E-02  0.9672150     
 0.4166666E-02  0.9454014     
 0.5833333E-02  0.9120345     
 0.7499999E-02  0.8965534     
 0.9166666E-02  0.8415774     
 0.1083333E-01  0.7767114     
 0.1250000E-01  0.8839687     
 0.1416667E-01  0.9355347     
 0.1583333E-01  0.9656591     
 0.1750000E-01  0.9459287     
 0.1916667E-01  0.7767614     
 0.2083333E-01  0.8028724     
 0.2250000E-01  0.9022952     
 0.2416667E-01  0.9433553     
 0.2583333E-01  0.9340378     
 0.2750000E-01  0.8305053     
 0.2916667E-01  0.7051905     
 0.3083333E-01  0.7538629     
 0.3250000E-01  0.7967010     
 0.3416666E-01  0.7329354     
 0.3583334E-01  0.6076222     
 0.3750000E-01  0.4393075     
 0.3916667E-01  0.3793565     
 0.4083334E-01  0.2924987     
 0.4250000E-01  0.1230850     
 0.4416666E-01  0.1202883     
 0.4583333E-01  0.8406172E-01 
 0.4750000E-01  0.1479048     
 0.4916666E-01  0.2691747     
 0.5083333E-01  0.3447057     
 0.5250000E-01  0.3907260     
 0.5416667E-01  0.3824150     
 0.5583333E-01  0.4238830     
 0.5750000E-01  0.3611761     
 0.5916666E-01  0.2776225     
 0.6083334E-01  0.1847390     
 0.6250000E-01  0.8170562E-01 
 0.6416667E-01  0.1048992     
 0.6583333E-01  0.1397749     
 0.6750000E-01  0.2102630     
 0.6916667E-01  0.3138642     
 0.7083333E-01  0.4063876     
 0.7250000E-01  0.3723461     
 0.7416667E-01  0.3084537     
 0.7583334E-01  0.1814730     
 0.7749999E-01  0.1199870     
 0.7916667E-01  0.9481334E-01 
 0.8083334E-01  0.2504377     
 0.8250000E-01  0.2766949     
 0.8416667E-01  0.3613374     
 0.8583333E-01  0.3017747     
 0.8750000E-01  0.1888016     
 0.8916666E-01  0.1192205     
 0.9083333E-01  0.7938214E-01 
 0.9250000E-01  0.1866914     
 0.9416667E-01  0.2614084     
 0.9583333E-01  0.2815965     
 0.9750000E-01  0.2130457     
 0.9916665E-01  0.1004173     
 0.1008333      0.6182636E-01 
 0.1025000      0.1221291     
 0.1041667      0.1923121     
 0.1058333      0.2428609     
 0.1075000      0.1818429     
 0.1091667      0.1109222     
 0.1108333      0.5897817E-01 
 0.1125000      0.1425134     
 0.1141667      0.1982309     
 0.1158333      0.1906961     
 0.1175000      0.1124549     
 0.1191667      0.4891485E-01 
 0.1208333      0.9423207E-01 
 0.1225000      0.1594498     
 0.1241667      0.1758101     
 0.1258333      0.1079059     
 0.1275000      0.6817050E-01 
 0.1291667      0.8834354E-01 
 0.1308333      0.1199792     
 0.1325000      0.1351428     
 0.1341667      0.7093631E-01 
 0.1358333      0.4492255E-01 
 0.1375000      0.1146462     
 0.1391667      0.1361524     
 0.1408333      0.9563825E-01 
 0.1425000      0.7771385E-01 
 0.1441667      0.7786146E-01 
 0.1458333      0.1162890     
 0.1475000      0.9752214E-01 
 0.1491667      0.6779816E-01 
 0.1508333      0.7122761E-01 
 0.1525000      0.1018205     
 0.1541667      0.8412512E-01 
 0.1558333      0.7710927E-01 
 0.1575000      0.4798048E-01 
 0.1591667      0.8636642E-01 
 0.1608333      0.9039599E-01 
 0.1625000      0.4528253E-01 
 0.1641667      0.6486298E-01 
 0.1658333      0.1330579     
