# SumMovie FRC for input stack : stack1.mrc
# Number of micrographs: 1
# Number of frames per movie: 50
# Pixel size (A): 3.0000
# 1/(A)          FRC
# -----------------------
# 
# Micrograph 1 of 1. Score: .500
 0.8333334E-03  0.9999990     
 0.2500000E-02  0.9744859     
 0.4166666E-02  0.9566585     
 0.5833333E-02  0.9213000     
 0.7499999E-02  0.9020440     
 0.9166666E-02  0.7406884     
 0.1083333E-01  0.7087513     
 0.1250000E-01  0.8369251     
 0.1416667E-01  0.9075797     
 0.1583333E-01  0.9117349     
 0.1750000E-01  0.8545662     
 0.1916667E-01  0.6337348     
 0.2083333E-01  0.7266774     
 0.2250000E-01  0.8413956     
 0.2416667E-01  0.8793098     
 0.2583333E-01  0.8357781     
 0.2750000E-01  0.6820337     
 0.2916667E-01  0.5467301     
 0.3083333E-01  0.6465259     
 0.3250000E-01  0.6482661     
 0.3416666E-01  0.5917675     
 0.3583334E-01  0.4774240     
 0.3750000E-01  0.4231760     
 0.3916667E-01  0.3686133     
 0.4083334E-01  0.3653380     
 0.4250000E-01  0.3299347     
 0.4416666E-01  0.2127809     
 0.4583333E-01  0.1441509     
 0.4750000E-01  0.1847274     
 0.4916666E-01  0.1149041     
 0.5083333E-01  0.9733374E-01 
 0.5250000E-01  0.1066302     
 0.5416667E-01  0.1149390     
 0.5583333E-01  0.1706227     
 0.5750000E-01  0.2205411     
 0.5916666E-01  0.2393463     
 0.6083334E-01  0.2775342     
 0.6250000E-01  0.2374227     
 0.6416667E-01  0.2406083     
 0.6583333E-01  0.2239197     
 0.6750000E-01  0.1441007     
 0.6916667E-01  0.1557818     
 0.7083333E-01  0.1269577     
 0.7250000E-01  0.7685853E-01 
 0.7416667E-01  0.9878757E-01 
 0.7583334E-01  0.1479500     
 0.7749999E-01  0.1995125     
 0.7916667E-01  0.2081761     
 0.8083334E-01  0.2059007     
 0.8250000E-01  0.2101902     
 0.8416667E-01  0.1709870     
 0.8583333E-01  0.1116684     
 0.8750000E-01  0.6725796E-01 
 0.8916666E-01  0.3765432E-01 
 0.9083333E-01  0.1149740     
 0.9250000E-01  0.1353394     
 0.9416667E-01  0.1787592     
 0.9583333E-01  0.1828750     
 0.9750000E-01  0.1606932     
 0.9916665E-01  0.1074203     
 0.1008333      0.9619147E-01 
 0.1025000      0.5075916E-01 
 0.1041667      0.1114590     
 0.1058333      0.1596670     
 0.1075000      0.1391761     
 0.1091667      0.1437361     
 0.1108333      0.1121571     
 0.1125000      0.1147499     
 0.1141667      0.8035462E-01 
 0.1158333      0.5319171E-01 
 0.1175000      0.8505507E-01 
 0.1191667      0.9738918E-01 
 0.1208333      0.1108949     
 0.1225000      0.6909878E-01 
 0.1241667      0.9064920E-01 
 0.1258333      0.6524578E-01 
 0.1275000      0.5542943E-01 
 0.1291667      0.1190411     
 0.1308333      0.1073063     
 0.1325000      0.9405833E-01 
 0.1341667      0.4536460E-01 
 0.1358333      0.6937263E-01 
 0.1375000      0.7951507E-01 
 0.1391667      0.8365897E-01 
 0.1408333      0.1030856     
 0.1425000      0.5862657E-01 
 0.1441667      0.5394118E-01 
 0.1458333      0.8094116E-01 
 0.1475000      0.1018238     
 0.1491667      0.6375530E-01 
 0.1508333      0.7003835E-01 
 0.1525000      0.4934802E-01 
 0.1541667      0.5207588E-01 
 0.1558333      0.5731619E-01 
 0.1575000      0.7717160E-01 
 0.1591667      0.4750623E-01 
 0.1608333      0.7921579E-01 
 0.1625000      0.4705962E-01 
 0.1641667      0.6846768E-01 
 0.1658333      0.5628309E-01 
