# SumMovie FRC for input stack : stack6.mrc
# Number of micrographs: 1
# Number of frames per movie: 50
# Pixel size (A): 3.0000
# 1/(A)          FRC
# -----------------------
# 
# Micrograph 1 of 1. Score: .569
 0.8333334E-03  0.9999999     
 0.2500000E-02  0.9513270     
 0.4166666E-02  0.9316451     
 0.5833333E-02  0.8460902     
 0.7499999E-02  0.8646322     
 0.9166666E-02  0.6716246     
 0.1083333E-01  0.6531161     
 0.1250000E-01  0.8453900     
 0.1416667E-01  0.8819286     
 0.1583333E-01  0.9301873     
 0.1750000E-01  0.8897067     
 0.1916667E-01  0.5992425     
 0.2083333E-01  0.6580304     
 0.2250000E-01  0.8248956     
 0.2416667E-01  0.8887526     
 0.2583333E-01  0.8399446     
 0.2750000E-01  0.7161703     
 0.2916667E-01  0.6083242     
 0.3083333E-01  0.6673140     
 0.3250000E-01  0.7103612     
 0.3416666E-01  0.6775724     
 0.3583334E-01  0.5677829     
 0.3750000E-01  0.5133800     
 0.3916667E-01  0.4962932     
 0.4083334E-01  0.5251766     
 0.4250000E-01  0.4291384     
 0.4416666E-01  0.3636287     
 0.4583333E-01  0.3280059     
 0.4750000E-01  0.2804163     
 0.4916666E-01  0.2075288     
 0.5083333E-01  0.1187154     
 0.5250000E-01  0.1459992     
 0.5416667E-01  0.9223894E-01 
 0.5583333E-01  0.1336243     
 0.5750000E-01  0.1297515     
 0.5916666E-01  0.2034149     
 0.6083334E-01  0.2620848     
 0.6250000E-01  0.2853032     
 0.6416667E-01  0.3208024     
 0.6583333E-01  0.3194403     
 0.6750000E-01  0.3273571     
 0.6916667E-01  0.3127391     
 0.7083333E-01  0.2605244     
 0.7250000E-01  0.2105932     
 0.7416667E-01  0.1461722     
 0.7583334E-01  0.1028271     
 0.7749999E-01  0.8880885E-01 
 0.7916667E-01  0.1005187     
 0.8083334E-01  0.1709943     
 0.8250000E-01  0.2083424     
 0.8416667E-01  0.2606322     
 0.8583333E-01  0.2822098     
 0.8750000E-01  0.2586063     
 0.8916666E-01  0.2567118     
 0.9083333E-01  0.1295622     
 0.9250000E-01  0.1326456     
 0.9416667E-01  0.8902763E-01 
 0.9583333E-01  0.1325419     
 0.9750000E-01  0.1354048     
 0.9916665E-01  0.1705082     
 0.1008333      0.1893086     
 0.1025000      0.2051006     
 0.1041667      0.2002600     
 0.1058333      0.1420262     
 0.1075000      0.1127260     
 0.1091667      0.6387483E-01 
 0.1108333      0.8612063E-01 
 0.1125000      0.1441964     
 0.1141667      0.1703792     
 0.1158333      0.1980874     
 0.1175000      0.1649425     
 0.1191667      0.1447184     
 0.1208333      0.1080063     
 0.1225000      0.7917237E-01 
 0.1241667      0.1053489     
 0.1258333      0.1048254     
 0.1275000      0.1577697     
 0.1291667      0.1435528     
 0.1308333      0.1466154     
 0.1325000      0.7386015E-01 
 0.1341667      0.6537922E-01 
 0.1358333      0.1182088     
 0.1375000      0.1010171     
 0.1391667      0.1040003     
 0.1408333      0.1276928     
 0.1425000      0.1088442     
 0.1441667      0.8988297E-01 
 0.1458333      0.9114173E-01 
 0.1475000      0.1034257     
 0.1491667      0.1287174     
 0.1508333      0.1377701     
 0.1525000      0.1127927     
 0.1541667      0.7574309E-01 
 0.1558333      0.1065401     
 0.1575000      0.9431835E-01 
 0.1591667      0.1089912     
 0.1608333      0.1319927     
 0.1625000      0.9898798E-01 
 0.1641667      0.8990257E-01 
 0.1658333      0.7302047E-01 
