# SumMovie FRC for input stack : stack16.mrc
# Number of micrographs: 1
# Number of frames per movie: 50
# Pixel size (A): 3.0000
# 1/(A)          FRC
# -----------------------
# 
# Micrograph 1 of 1. Score: .527
 0.8333334E-03  0.9999994     
 0.2500000E-02  0.9669451     
 0.4166666E-02  0.9458789     
 0.5833333E-02  0.9107891     
 0.7499999E-02  0.8942047     
 0.9166666E-02  0.8408948     
 0.1083333E-01  0.7709771     
 0.1250000E-01  0.8779734     
 0.1416667E-01  0.9330831     
 0.1583333E-01  0.9634029     
 0.1750000E-01  0.9430867     
 0.1916667E-01  0.7631695     
 0.2083333E-01  0.7986814     
 0.2250000E-01  0.8910220     
 0.2416667E-01  0.9329951     
 0.2583333E-01  0.9235442     
 0.2750000E-01  0.8106992     
 0.2916667E-01  0.6756819     
 0.3083333E-01  0.7284829     
 0.3250000E-01  0.7733178     
 0.3416666E-01  0.6939533     
 0.3583334E-01  0.5499355     
 0.3750000E-01  0.4232952     
 0.3916667E-01  0.3580629     
 0.4083334E-01  0.2921470     
 0.4250000E-01  0.1155202     
 0.4416666E-01  0.1226958     
 0.4583333E-01  0.1082074     
 0.4750000E-01  0.1371264     
 0.4916666E-01  0.2680184     
 0.5083333E-01  0.3251908     
 0.5250000E-01  0.3517829     
 0.5416667E-01  0.3534419     
 0.5583333E-01  0.3999764     
 0.5750000E-01  0.3374248     
 0.5916666E-01  0.2594012     
 0.6083334E-01  0.1676521     
 0.6250000E-01  0.9161730E-01 
 0.6416667E-01  0.1171464     
 0.6583333E-01  0.1392199     
 0.6750000E-01  0.1833578     
 0.6916667E-01  0.2924752     
 0.7083333E-01  0.3796735     
 0.7250000E-01  0.3281576     
 0.7416667E-01  0.2630705     
 0.7583334E-01  0.1605403     
 0.7749999E-01  0.1124621     
 0.7916667E-01  0.9105664E-01 
 0.8083334E-01  0.2407250     
 0.8250000E-01  0.2386176     
 0.8416667E-01  0.3175493     
 0.8583333E-01  0.2720533     
 0.8750000E-01  0.1814620     
 0.8916666E-01  0.1181622     
 0.9083333E-01  0.9858312E-01 
 0.9250000E-01  0.1842014     
 0.9416667E-01  0.2370893     
 0.9583333E-01  0.2464116     
 0.9750000E-01  0.2010876     
 0.9916665E-01  0.1301980     
 0.1008333      0.1121361     
 0.1025000      0.1330712     
 0.1041667      0.1867220     
 0.1058333      0.2212295     
 0.1075000      0.1841961     
 0.1091667      0.1279697     
 0.1108333      0.6855256E-01 
 0.1125000      0.1539067     
 0.1141667      0.1830636     
 0.1158333      0.1738341     
 0.1175000      0.1359920     
 0.1191667      0.8594363E-01 
 0.1208333      0.1177222     
 0.1225000      0.1502880     
 0.1241667      0.1739424     
 0.1258333      0.1275418     
 0.1275000      0.9206590E-01 
 0.1291667      0.1184629     
 0.1308333      0.1368422     
 0.1325000      0.1362031     
 0.1341667      0.1128537     
 0.1358333      0.7511558E-01 
 0.1375000      0.1325758     
 0.1391667      0.1381492     
 0.1408333      0.1438305     
 0.1425000      0.1024037     
 0.1441667      0.1209681     
 0.1458333      0.1204891     
 0.1475000      0.1187601     
 0.1491667      0.1228632     
 0.1508333      0.9606929E-01 
 0.1525000      0.1340377     
 0.1541667      0.1159568     
 0.1558333      0.9995449E-01 
 0.1575000      0.9668416E-01 
 0.1591667      0.1080094     
 0.1608333      0.1232520     
 0.1625000      0.7307027E-01 
 0.1641667      0.9841246E-01 
 0.1658333      0.1362797     
