# SumMovie FRC for input stack : stack6.mrc
# Number of micrographs: 1
# Number of frames per movie: 50
# Pixel size (A): 3.0000
# 1/(A)          FRC
# -----------------------
# 
# Micrograph 1 of 1. Score: .592
 0.8333334E-03  0.9999999     
 0.2500000E-02  0.9513128     
 0.4166666E-02  0.9319342     
 0.5833333E-02  0.8474138     
 0.7499999E-02  0.8654231     
 0.9166666E-02  0.6785402     
 0.1083333E-01  0.6586252     
 0.1250000E-01  0.8497221     
 0.1416667E-01  0.8878546     
 0.1583333E-01  0.9351569     
 0.1750000E-01  0.8941568     
 0.1916667E-01  0.6005969     
 0.2083333E-01  0.6728019     
 0.2250000E-01  0.8426459     
 0.2416667E-01  0.9025918     
 0.2583333E-01  0.8569772     
 0.2750000E-01  0.7349578     
 0.2916667E-01  0.6258388     
 0.3083333E-01  0.6976430     
 0.3250000E-01  0.7294469     
 0.3416666E-01  0.7025290     
 0.3583334E-01  0.5999930     
 0.3750000E-01  0.5395076     
 0.3916667E-01  0.5312589     
 0.4083334E-01  0.5744150     
 0.4250000E-01  0.4573174     
 0.4416666E-01  0.3953288     
 0.4583333E-01  0.3651491     
 0.4750000E-01  0.3020904     
 0.4916666E-01  0.2236272     
 0.5083333E-01  0.1347268     
 0.5250000E-01  0.1176506     
 0.5416667E-01  0.6316335E-01 
 0.5583333E-01  0.9934250E-01 
 0.5750000E-01  0.1216301     
 0.5916666E-01  0.1999358     
 0.6083334E-01  0.2710679     
 0.6250000E-01  0.2927080     
 0.6416667E-01  0.3454996     
 0.6583333E-01  0.3742136     
 0.6750000E-01  0.3505114     
 0.6916667E-01  0.3472567     
 0.7083333E-01  0.2907790     
 0.7250000E-01  0.2230100     
 0.7416667E-01  0.1274741     
 0.7583334E-01  0.7990941E-01 
 0.7749999E-01  0.7005089E-01 
 0.7916667E-01  0.7895189E-01 
 0.8083334E-01  0.1874559     
 0.8250000E-01  0.2293739     
 0.8416667E-01  0.2989451     
 0.8583333E-01  0.3115426     
 0.8750000E-01  0.2919387     
 0.8916666E-01  0.2453722     
 0.9083333E-01  0.1642879     
 0.9250000E-01  0.8476216E-01 
 0.9416667E-01  0.5082346E-01 
 0.9583333E-01  0.8695784E-01 
 0.9750000E-01  0.8969854E-01 
 0.9916665E-01  0.1436441     
 0.1008333      0.2165956     
 0.1025000      0.2405487     
 0.1041667      0.1744302     
 0.1058333      0.1504552     
 0.1075000      0.8314323E-01 
 0.1091667      0.7179323E-01 
 0.1108333      0.4655752E-01 
 0.1125000      0.8547356E-01 
 0.1141667      0.1421029     
 0.1158333      0.1925396     
 0.1175000      0.1745471     
 0.1191667      0.1340225     
 0.1208333      0.4220461E-01 
 0.1225000      0.4365474E-01 
 0.1241667      0.3738251E-01 
 0.1258333      0.1048952     
 0.1275000      0.1240573     
 0.1291667      0.1290876     
 0.1308333      0.1151222     
 0.1325000      0.6235289E-01 
 0.1341667      0.5360733E-01 
 0.1358333      0.7668605E-01 
 0.1375000      0.6797919E-01 
 0.1391667      0.1064891     
 0.1408333      0.9177765E-01 
 0.1425000      0.7397222E-01 
 0.1441667      0.6136885E-01 
 0.1458333      0.3999125E-01 
 0.1475000      0.5147807E-01 
 0.1491667      0.7785396E-01 
 0.1508333      0.9407102E-01 
 0.1525000      0.6688709E-01 
 0.1541667      0.4883810E-01 
 0.1558333      0.3933196E-01 
 0.1575000      0.7458642E-01 
 0.1591667      0.8369170E-01 
 0.1608333      0.7600029E-01 
 0.1625000      0.7753107E-01 
 0.1641667      0.5443589E-01 
 0.1658333      0.2886126E-01 
