# SumMovie FRC for input stack : stack11.mrc
# Number of micrographs: 1
# Number of frames per movie: 50
# Pixel size (A): 3.0000
# 1/(A)          FRC
# -----------------------
# 
# Micrograph 1 of 1. Score: .573
 0.8333334E-03  0.9999998     
 0.2500000E-02  0.8502920     
 0.4166666E-02  0.8703732     
 0.5833333E-02  0.8519095     
 0.7499999E-02  0.8574730     
 0.9166666E-02  0.7369787     
 0.1083333E-01  0.6259682     
 0.1250000E-01  0.8524588     
 0.1416667E-01  0.9142880     
 0.1583333E-01  0.9439207     
 0.1750000E-01  0.9073589     
 0.1916667E-01  0.6580642     
 0.2083333E-01  0.7398152     
 0.2250000E-01  0.8754094     
 0.2416667E-01  0.9222808     
 0.2583333E-01  0.8926206     
 0.2750000E-01  0.7430081     
 0.2916667E-01  0.6435359     
 0.3083333E-01  0.7121468     
 0.3250000E-01  0.7724800     
 0.3416666E-01  0.7218208     
 0.3583334E-01  0.5903469     
 0.3750000E-01  0.5248855     
 0.3916667E-01  0.5008569     
 0.4083334E-01  0.5182409     
 0.4250000E-01  0.4024723     
 0.4416666E-01  0.3383357     
 0.4583333E-01  0.2929516     
 0.4750000E-01  0.2206468     
 0.4916666E-01  0.1084028     
 0.5083333E-01  0.7634223E-01 
 0.5250000E-01  0.1371503     
 0.5416667E-01  0.1409142     
 0.5583333E-01  0.2222534     
 0.5750000E-01  0.2978163     
 0.5916666E-01  0.3633495     
 0.6083334E-01  0.3568783     
 0.6250000E-01  0.4050113     
 0.6416667E-01  0.3925341     
 0.6583333E-01  0.3146735     
 0.6750000E-01  0.3009007     
 0.6916667E-01  0.1900825     
 0.7083333E-01  0.1114000     
 0.7250000E-01  0.8314120E-01 
 0.7416667E-01  0.1101957     
 0.7583334E-01  0.1987329     
 0.7749999E-01  0.2691758     
 0.7916667E-01  0.3138740     
 0.8083334E-01  0.3566365     
 0.8250000E-01  0.3223564     
 0.8416667E-01  0.2983417     
 0.8583333E-01  0.2081866     
 0.8750000E-01  0.9760715E-01 
 0.8916666E-01  0.7659227E-01 
 0.9083333E-01  0.1310812     
 0.9250000E-01  0.2263307     
 0.9416667E-01  0.2890274     
 0.9583333E-01  0.3034111     
 0.9750000E-01  0.2579844     
 0.9916665E-01  0.2366200     
 0.1008333      0.1122406     
 0.1025000      0.7646297E-01 
 0.1041667      0.1349504     
 0.1058333      0.2170707     
 0.1075000      0.2251718     
 0.1091667      0.2488011     
 0.1108333      0.2086032     
 0.1125000      0.1517130     
 0.1141667      0.9552483E-01 
 0.1158333      0.9342416E-01 
 0.1175000      0.1630802     
 0.1191667      0.1928972     
 0.1208333      0.1636260     
 0.1225000      0.1468561     
 0.1241667      0.8894287E-01 
 0.1258333      0.9493908E-01 
 0.1275000      0.1073684     
 0.1291667      0.1649241     
 0.1308333      0.1682620     
 0.1325000      0.1813710     
 0.1341667      0.1066952     
 0.1358333      0.6656997E-01 
 0.1375000      0.1274964     
 0.1391667      0.1158932     
 0.1408333      0.1530156     
 0.1425000      0.1161870     
 0.1441667      0.1062626     
 0.1458333      0.9359138E-01 
 0.1475000      0.8925661E-01 
 0.1491667      0.1215409     
 0.1508333      0.1406650     
 0.1525000      0.1060571     
 0.1541667      0.9407104E-01 
 0.1558333      0.1019727     
 0.1575000      0.1399014     
 0.1591667      0.1007012     
 0.1608333      0.1061329     
 0.1625000      0.8589146E-01 
 0.1641667      0.1185580     
 0.1658333      0.1330317     
