# SumMovie FRC for input stack : stack6.mrc
# Number of micrographs: 1
# Number of frames per movie: 50
# Pixel size (A): 3.0000
# 1/(A)          FRC
# -----------------------
# 
# Micrograph 1 of 1. Score: .591
 0.8333334E-03  0.9999999     
 0.2500000E-02  0.9513079     
 0.4166666E-02  0.9320024     
 0.5833333E-02  0.8474694     
 0.7499999E-02  0.8653364     
 0.9166666E-02  0.6795288     
 0.1083333E-01  0.6590949     
 0.1250000E-01  0.8497640     
 0.1416667E-01  0.8881121     
 0.1583333E-01  0.9353636     
 0.1750000E-01  0.8940910     
 0.1916667E-01  0.5997366     
 0.2083333E-01  0.6727050     
 0.2250000E-01  0.8429849     
 0.2416667E-01  0.9030092     
 0.2583333E-01  0.8565718     
 0.2750000E-01  0.7347413     
 0.2916667E-01  0.6247267     
 0.3083333E-01  0.6980295     
 0.3250000E-01  0.7287440     
 0.3416666E-01  0.7022451     
 0.3583334E-01  0.6004063     
 0.3750000E-01  0.5385941     
 0.3916667E-01  0.5308279     
 0.4083334E-01  0.5733807     
 0.4250000E-01  0.4557393     
 0.4416666E-01  0.3948618     
 0.4583333E-01  0.3607361     
 0.4750000E-01  0.3006195     
 0.4916666E-01  0.2244157     
 0.5083333E-01  0.1336624     
 0.5250000E-01  0.1134644     
 0.5416667E-01  0.6044275E-01 
 0.5583333E-01  0.9559105E-01 
 0.5750000E-01  0.1221060     
 0.5916666E-01  0.1953807     
 0.6083334E-01  0.2679076     
 0.6250000E-01  0.2869463     
 0.6416667E-01  0.3449924     
 0.6583333E-01  0.3764821     
 0.6750000E-01  0.3499742     
 0.6916667E-01  0.3453722     
 0.7083333E-01  0.2869650     
 0.7250000E-01  0.2197129     
 0.7416667E-01  0.1206032     
 0.7583334E-01  0.7903634E-01 
 0.7749999E-01  0.6197767E-01 
 0.7916667E-01  0.7880974E-01 
 0.8083334E-01  0.1848178     
 0.8250000E-01  0.2316627     
 0.8416667E-01  0.2999618     
 0.8583333E-01  0.3103680     
 0.8750000E-01  0.2913958     
 0.8916666E-01  0.2406488     
 0.9083333E-01  0.1639793     
 0.9250000E-01  0.8226975E-01 
 0.9416667E-01  0.4573031E-01 
 0.9583333E-01  0.8258310E-01 
 0.9750000E-01  0.8615116E-01 
 0.9916665E-01  0.1455823     
 0.1008333      0.2153523     
 0.1025000      0.2331406     
 0.1041667      0.1739032     
 0.1058333      0.1432561     
 0.1075000      0.8012412E-01 
 0.1091667      0.7466698E-01 
 0.1108333      0.4186949E-01 
 0.1125000      0.8966751E-01 
 0.1141667      0.1403168     
 0.1158333      0.1916272     
 0.1175000      0.1756355     
 0.1191667      0.1300413     
 0.1208333      0.3867395E-01 
 0.1225000      0.4355278E-01 
 0.1241667      0.4705081E-01 
 0.1258333      0.1043566     
 0.1275000      0.1202841     
 0.1291667      0.1327308     
 0.1308333      0.1042384     
 0.1325000      0.5998549E-01 
 0.1341667      0.5318628E-01 
 0.1358333      0.7869209E-01 
 0.1375000      0.7201818E-01 
 0.1391667      0.1079231     
 0.1408333      0.9091726E-01 
 0.1425000      0.7429117E-01 
 0.1441667      0.5520176E-01 
 0.1458333      0.4539139E-01 
 0.1475000      0.4712185E-01 
 0.1491667      0.7956704E-01 
 0.1508333      0.9226111E-01 
 0.1525000      0.6705455E-01 
 0.1541667      0.4875802E-01 
 0.1558333      0.3744809E-01 
 0.1575000      0.7311272E-01 
 0.1591667      0.7983569E-01 
 0.1608333      0.7747921E-01 
 0.1625000      0.7645027E-01 
 0.1641667      0.5314269E-01 
 0.1658333      0.2779571E-01 
