# SumMovie FRC for input stack : stack1.mrc
# Number of micrographs: 1
# Number of frames per movie: 50
# Pixel size (A): 3.0000
# 1/(A)          FRC
# -----------------------
# 
# Micrograph 1 of 1. Score: .546
 0.8333334E-03  0.9999993     
 0.2500000E-02  0.9744578     
 0.4166666E-02  0.9570175     
 0.5833333E-02  0.9207316     
 0.7499999E-02  0.9048451     
 0.9166666E-02  0.7500144     
 0.1083333E-01  0.7274670     
 0.1250000E-01  0.8561692     
 0.1416667E-01  0.9223017     
 0.1583333E-01  0.9262806     
 0.1750000E-01  0.8740613     
 0.1916667E-01  0.6749938     
 0.2083333E-01  0.7637088     
 0.2250000E-01  0.8703353     
 0.2416667E-01  0.9033977     
 0.2583333E-01  0.8719493     
 0.2750000E-01  0.7480525     
 0.2916667E-01  0.6441035     
 0.3083333E-01  0.7090042     
 0.3250000E-01  0.7377589     
 0.3416666E-01  0.6841175     
 0.3583334E-01  0.5448483     
 0.3750000E-01  0.4816871     
 0.3916667E-01  0.4609282     
 0.4083334E-01  0.4483791     
 0.4250000E-01  0.4006103     
 0.4416666E-01  0.2584458     
 0.4583333E-01  0.1690004     
 0.4750000E-01  0.1876258     
 0.4916666E-01  0.9647220E-01 
 0.5083333E-01  0.6274547E-01 
 0.5250000E-01  0.6646092E-01 
 0.5416667E-01  0.1266474     
 0.5583333E-01  0.1861178     
 0.5750000E-01  0.2502081     
 0.5916666E-01  0.3150504     
 0.6083334E-01  0.3419526     
 0.6250000E-01  0.3277679     
 0.6416667E-01  0.2980621     
 0.6583333E-01  0.2699890     
 0.6750000E-01  0.1616739     
 0.6916667E-01  0.1336433     
 0.7083333E-01  0.8532438E-01 
 0.7250000E-01  0.7064971E-01 
 0.7416667E-01  0.1056830     
 0.7583334E-01  0.1642262     
 0.7749999E-01  0.2473117     
 0.7916667E-01  0.2987116     
 0.8083334E-01  0.2862763     
 0.8250000E-01  0.2826263     
 0.8416667E-01  0.2234042     
 0.8583333E-01  0.1225956     
 0.8750000E-01  0.6146593E-01 
 0.8916666E-01  0.3164070E-01 
 0.9083333E-01  0.1274187     
 0.9250000E-01  0.1917037     
 0.9416667E-01  0.2368036     
 0.9583333E-01  0.2467886     
 0.9750000E-01  0.1967388     
 0.9916665E-01  0.1090519     
 0.1008333      0.6529535E-01 
 0.1025000      0.4430078E-01 
 0.1041667      0.1205174     
 0.1058333      0.1526497     
 0.1075000      0.1583052     
 0.1091667      0.1712849     
 0.1108333      0.1285262     
 0.1125000      0.1226243     
 0.1141667      0.3857366E-01 
 0.1158333      0.6333780E-01 
 0.1175000      0.1084634     
 0.1191667      0.1074327     
 0.1208333      0.1120678     
 0.1225000      0.9834331E-01 
 0.1241667      0.4472151E-01 
 0.1258333      0.3808483E-01 
 0.1275000      0.5688963E-01 
 0.1291667      0.1093731     
 0.1308333      0.1203371     
 0.1325000      0.6469998E-01 
 0.1341667      0.4730015E-01 
 0.1358333      0.3018709E-01 
 0.1375000      0.1028261     
 0.1391667      0.6095729E-01 
 0.1408333      0.1076404     
 0.1425000      0.6579521E-01 
 0.1441667      0.2987920E-01 
 0.1458333      0.2837609E-01 
 0.1475000      0.7152024E-01 
 0.1491667      0.5629568E-01 
 0.1508333      0.6446441E-01 
 0.1525000      0.2680553E-01 
 0.1541667      0.5362972E-01 
 0.1558333      0.8464236E-01 
 0.1575000      0.4418560E-01 
 0.1591667      0.2220055E-01 
 0.1608333      0.2870329E-01 
 0.1625000      0.4753580E-01 
 0.1641667      0.3513707E-01 
 0.1658333      0.3231762E-01 
