# SumMovie FRC for input stack : stack6.mrc
# Number of micrographs: 1
# Number of frames per movie: 50
# Pixel size (A): 3.0000
# 1/(A)          FRC
# -----------------------
# 
# Micrograph 1 of 1. Score: .586
 0.8333334E-03  0.9999999     
 0.2500000E-02  0.9514074     
 0.4166666E-02  0.9317154     
 0.5833333E-02  0.8465747     
 0.7499999E-02  0.8657728     
 0.9166666E-02  0.6755233     
 0.1083333E-01  0.6572002     
 0.1250000E-01  0.8473281     
 0.1416667E-01  0.8858483     
 0.1583333E-01  0.9332726     
 0.1750000E-01  0.8929523     
 0.1916667E-01  0.6012696     
 0.2083333E-01  0.6664617     
 0.2250000E-01  0.8351583     
 0.2416667E-01  0.8973888     
 0.2583333E-01  0.8514226     
 0.2750000E-01  0.7278365     
 0.2916667E-01  0.6253178     
 0.3083333E-01  0.6883504     
 0.3250000E-01  0.7275665     
 0.3416666E-01  0.6949756     
 0.3583334E-01  0.5911506     
 0.3750000E-01  0.5393140     
 0.3916667E-01  0.5233575     
 0.4083334E-01  0.5635196     
 0.4250000E-01  0.4518031     
 0.4416666E-01  0.3816910     
 0.4583333E-01  0.3582140     
 0.4750000E-01  0.2969292     
 0.4916666E-01  0.2206763     
 0.5083333E-01  0.1216730     
 0.5250000E-01  0.1261912     
 0.5416667E-01  0.7336941E-01 
 0.5583333E-01  0.1098943     
 0.5750000E-01  0.1272311     
 0.5916666E-01  0.2104475     
 0.6083334E-01  0.2749692     
 0.6250000E-01  0.2938988     
 0.6416667E-01  0.3498060     
 0.6583333E-01  0.3543909     
 0.6750000E-01  0.3452017     
 0.6916667E-01  0.3263576     
 0.7083333E-01  0.2833148     
 0.7250000E-01  0.2233734     
 0.7416667E-01  0.1341554     
 0.7583334E-01  0.9493838E-01 
 0.7749999E-01  0.8076262E-01 
 0.7916667E-01  0.7874650E-01 
 0.8083334E-01  0.1824518     
 0.8250000E-01  0.2221429     
 0.8416667E-01  0.2749345     
 0.8583333E-01  0.2917500     
 0.8750000E-01  0.2785952     
 0.8916666E-01  0.2418421     
 0.9083333E-01  0.1561351     
 0.9250000E-01  0.1036714     
 0.9416667E-01  0.5503204E-01 
 0.9583333E-01  0.9950864E-01 
 0.9750000E-01  0.9578267E-01 
 0.9916665E-01  0.1498530     
 0.1008333      0.2058501     
 0.1025000      0.2370281     
 0.1041667      0.1731071     
 0.1058333      0.1462778     
 0.1075000      0.8578580E-01 
 0.1091667      0.5767154E-01 
 0.1108333      0.6586324E-01 
 0.1125000      0.9326221E-01 
 0.1141667      0.1592875     
 0.1158333      0.1853137     
 0.1175000      0.1563078     
 0.1191667      0.1389166     
 0.1208333      0.5933258E-01 
 0.1225000      0.4879534E-01 
 0.1241667      0.3157729E-01 
 0.1258333      0.9698177E-01 
 0.1275000      0.1322384     
 0.1291667      0.1289970     
 0.1308333      0.1164666     
 0.1325000      0.6131603E-01 
 0.1341667      0.5425218E-01 
 0.1358333      0.8072960E-01 
 0.1375000      0.6746825E-01 
 0.1391667      0.9138223E-01 
 0.1408333      0.9989379E-01 
 0.1425000      0.8460049E-01 
 0.1441667      0.6972775E-01 
 0.1458333      0.4469140E-01 
 0.1475000      0.6908324E-01 
 0.1491667      0.7761049E-01 
 0.1508333      0.9852411E-01 
 0.1525000      0.6363130E-01 
 0.1541667      0.4501298E-01 
 0.1558333      0.6357218E-01 
 0.1575000      0.6995502E-01 
 0.1591667      0.9351942E-01 
 0.1608333      0.7494582E-01 
 0.1625000      0.7438138E-01 
 0.1641667      0.6863856E-01 
 0.1658333      0.3300281E-01 
