# SumMovie FRC for input stack : stack1.mrc
# Number of micrographs: 1
# Number of frames per movie: 50
# Pixel size (A): 3.0000
# 1/(A)          FRC
# -----------------------
# 
# Micrograph 1 of 1. Score: .506
 0.8333334E-03  0.9999990     
 0.2500000E-02  0.9744959     
 0.4166666E-02  0.9567084     
 0.5833333E-02  0.9213625     
 0.7499999E-02  0.9023451     
 0.9166666E-02  0.7422850     
 0.1083333E-01  0.7104208     
 0.1250000E-01  0.8393024     
 0.1416667E-01  0.9094245     
 0.1583333E-01  0.9132792     
 0.1750000E-01  0.8578270     
 0.1916667E-01  0.6408340     
 0.2083333E-01  0.7324910     
 0.2250000E-01  0.8460237     
 0.2416667E-01  0.8835020     
 0.2583333E-01  0.8420106     
 0.2750000E-01  0.6914498     
 0.2916667E-01  0.5611506     
 0.3083333E-01  0.6565526     
 0.3250000E-01  0.6639782     
 0.3416666E-01  0.6070720     
 0.3583334E-01  0.4859687     
 0.3750000E-01  0.4285731     
 0.3916667E-01  0.3814992     
 0.4083334E-01  0.3792838     
 0.4250000E-01  0.3393312     
 0.4416666E-01  0.2151977     
 0.4583333E-01  0.1387485     
 0.4750000E-01  0.1895249     
 0.4916666E-01  0.1092524     
 0.5083333E-01  0.9642495E-01 
 0.5250000E-01  0.9944689E-01 
 0.5416667E-01  0.1137643     
 0.5583333E-01  0.1690342     
 0.5750000E-01  0.2181468     
 0.5916666E-01  0.2483783     
 0.6083334E-01  0.2826391     
 0.6250000E-01  0.2396559     
 0.6416667E-01  0.2334795     
 0.6583333E-01  0.2245342     
 0.6750000E-01  0.1405576     
 0.6916667E-01  0.1513704     
 0.7083333E-01  0.1219893     
 0.7250000E-01  0.7075206E-01 
 0.7416667E-01  0.8929564E-01 
 0.7583334E-01  0.1389276     
 0.7749999E-01  0.1903345     
 0.7916667E-01  0.2080663     
 0.8083334E-01  0.2107970     
 0.8250000E-01  0.2029886     
 0.8416667E-01  0.1611328     
 0.8583333E-01  0.1024387     
 0.8750000E-01  0.6154517E-01 
 0.8916666E-01  0.2337833E-01 
 0.9083333E-01  0.9707902E-01 
 0.9250000E-01  0.1257314     
 0.9416667E-01  0.1754902     
 0.9583333E-01  0.1851541     
 0.9750000E-01  0.1539258     
 0.9916665E-01  0.9503229E-01 
 0.1008333      0.8390541E-01 
 0.1025000      0.3722419E-01 
 0.1041667      0.1107643     
 0.1058333      0.1498362     
 0.1075000      0.1410028     
 0.1091667      0.1387459     
 0.1108333      0.1082708     
 0.1125000      0.1143166     
 0.1141667      0.7266129E-01 
 0.1158333      0.4711910E-01 
 0.1175000      0.7446373E-01 
 0.1191667      0.1056001     
 0.1208333      0.9964661E-01 
 0.1225000      0.6157576E-01 
 0.1241667      0.7614169E-01 
 0.1258333      0.4969645E-01 
 0.1275000      0.3446205E-01 
 0.1291667      0.1179068     
 0.1308333      0.9210088E-01 
 0.1325000      0.8260243E-01 
 0.1341667      0.2920755E-01 
 0.1358333      0.5970239E-01 
 0.1375000      0.6505351E-01 
 0.1391667      0.7490016E-01 
 0.1408333      0.9134017E-01 
 0.1425000      0.5841227E-01 
 0.1441667      0.4014095E-01 
 0.1458333      0.6242506E-01 
 0.1475000      0.8780292E-01 
 0.1491667      0.5512501E-01 
 0.1508333      0.4923563E-01 
 0.1525000      0.3914570E-01 
 0.1541667      0.4506469E-01 
 0.1558333      0.4800024E-01 
 0.1575000      0.6102371E-01 
 0.1591667      0.2278555E-01 
 0.1608333      0.6545654E-01 
 0.1625000      0.4480208E-01 
 0.1641667      0.7017615E-01 
 0.1658333      0.4431544E-01 
