# SumMovie FRC for input stack : stack1.mrc
# Number of micrographs: 1
# Number of frames per movie: 50
# Pixel size (A): 3.0000
# 1/(A)          FRC
# -----------------------
# 
# Micrograph 1 of 1. Score: .509
 0.8333334E-03  0.9999990     
 0.2500000E-02  0.9744960     
 0.4166666E-02  0.9567321     
 0.5833333E-02  0.9213870     
 0.7499999E-02  0.9024968     
 0.9166666E-02  0.7430681     
 0.1083333E-01  0.7111809     
 0.1250000E-01  0.8404418     
 0.1416667E-01  0.9103513     
 0.1583333E-01  0.9139601     
 0.1750000E-01  0.8593659     
 0.1916667E-01  0.6440043     
 0.2083333E-01  0.7351725     
 0.2250000E-01  0.8482443     
 0.2416667E-01  0.8854784     
 0.2583333E-01  0.8449711     
 0.2750000E-01  0.6960302     
 0.2916667E-01  0.5681795     
 0.3083333E-01  0.6612771     
 0.3250000E-01  0.6712793     
 0.3416666E-01  0.6145719     
 0.3583334E-01  0.4901631     
 0.3750000E-01  0.4311736     
 0.3916667E-01  0.3874687     
 0.4083334E-01  0.3867064     
 0.4250000E-01  0.3433924     
 0.4416666E-01  0.2160802     
 0.4583333E-01  0.1355236     
 0.4750000E-01  0.1913269     
 0.4916666E-01  0.1066990     
 0.5083333E-01  0.9606614E-01 
 0.5250000E-01  0.9626810E-01 
 0.5416667E-01  0.1122378     
 0.5583333E-01  0.1695888     
 0.5750000E-01  0.2163475     
 0.5916666E-01  0.2538538     
 0.6083334E-01  0.2849561     
 0.6250000E-01  0.2411660     
 0.6416667E-01  0.2294447     
 0.6583333E-01  0.2242659     
 0.6750000E-01  0.1382658     
 0.6916667E-01  0.1475368     
 0.7083333E-01  0.1181298     
 0.7250000E-01  0.6735875E-01 
 0.7416667E-01  0.8463653E-01 
 0.7583334E-01  0.1355500     
 0.7749999E-01  0.1857050     
 0.7916667E-01  0.2098161     
 0.8083334E-01  0.2129626     
 0.8250000E-01  0.1999652     
 0.8416667E-01  0.1566873     
 0.8583333E-01  0.9775662E-01 
 0.8750000E-01  0.6040725E-01 
 0.8916666E-01  0.1776171E-01 
 0.9083333E-01  0.8869376E-01 
 0.9250000E-01  0.1222044     
 0.9416667E-01  0.1737213     
 0.9583333E-01  0.1875789     
 0.9750000E-01  0.1515513     
 0.9916665E-01  0.9024540E-01 
 0.1008333      0.7765806E-01 
 0.1025000      0.3166058E-01 
 0.1041667      0.1082949     
 0.1058333      0.1463155     
 0.1075000      0.1446057     
 0.1091667      0.1368600     
 0.1108333      0.1106448     
 0.1125000      0.1137779     
 0.1141667      0.6844762E-01 
 0.1158333      0.4674985E-01 
 0.1175000      0.7419772E-01 
 0.1191667      0.1086495     
 0.1208333      0.9315839E-01 
 0.1225000      0.6197744E-01 
 0.1241667      0.6887764E-01 
 0.1258333      0.4528835E-01 
 0.1275000      0.2675533E-01 
 0.1291667      0.1177123     
 0.1308333      0.8667763E-01 
 0.1325000      0.7976708E-01 
 0.1341667      0.2611343E-01 
 0.1358333      0.5459950E-01 
 0.1375000      0.6166671E-01 
 0.1391667      0.7386013E-01 
 0.1408333      0.8634248E-01 
 0.1425000      0.6371592E-01 
 0.1441667      0.3694282E-01 
 0.1458333      0.5406041E-01 
 0.1475000      0.8319900E-01 
 0.1491667      0.5528499E-01 
 0.1508333      0.4725655E-01 
 0.1525000      0.3856193E-01 
 0.1541667      0.4735250E-01 
 0.1558333      0.4782213E-01 
 0.1575000      0.5425606E-01 
 0.1591667      0.1822956E-01 
 0.1608333      0.5753570E-01 
 0.1625000      0.4830233E-01 
 0.1641667      0.7235357E-01 
 0.1658333      0.4315928E-01 
