# SumMovie FRC for input stack : stack6.mrc
# Number of micrographs: 1
# Number of frames per movie: 50
# Pixel size (A): 3.0000
# 1/(A)          FRC
# -----------------------
# 
# Micrograph 1 of 1. Score: .588
 0.8333334E-03  0.9999999     
 0.2500000E-02  0.9513723     
 0.4166666E-02  0.9317944     
 0.5833333E-02  0.8467476     
 0.7499999E-02  0.8657441     
 0.9166666E-02  0.6755696     
 0.1083333E-01  0.6575741     
 0.1250000E-01  0.8478921     
 0.1416667E-01  0.8862159     
 0.1583333E-01  0.9337150     
 0.1750000E-01  0.8933515     
 0.1916667E-01  0.6011002     
 0.2083333E-01  0.6678624     
 0.2250000E-01  0.8368111     
 0.2416667E-01  0.8986259     
 0.2583333E-01  0.8529467     
 0.2750000E-01  0.7295402     
 0.2916667E-01  0.6262510     
 0.3083333E-01  0.6905994     
 0.3250000E-01  0.7278581     
 0.3416666E-01  0.6973426     
 0.3583334E-01  0.5937325     
 0.3750000E-01  0.5407655     
 0.3916667E-01  0.5251398     
 0.4083334E-01  0.5673118     
 0.4250000E-01  0.4545426     
 0.4416666E-01  0.3859609     
 0.4583333E-01  0.3612666     
 0.4750000E-01  0.2984780     
 0.4916666E-01  0.2205668     
 0.5083333E-01  0.1254447     
 0.5250000E-01  0.1246270     
 0.5416667E-01  0.7174233E-01 
 0.5583333E-01  0.1070348     
 0.5750000E-01  0.1273355     
 0.5916666E-01  0.2070504     
 0.6083334E-01  0.2748381     
 0.6250000E-01  0.2967195     
 0.6416667E-01  0.3485992     
 0.6583333E-01  0.3571878     
 0.6750000E-01  0.3461800     
 0.6916667E-01  0.3314384     
 0.7083333E-01  0.2852534     
 0.7250000E-01  0.2250417     
 0.7416667E-01  0.1359438     
 0.7583334E-01  0.9396712E-01 
 0.7749999E-01  0.7940286E-01 
 0.7916667E-01  0.7850531E-01 
 0.8083334E-01  0.1856325     
 0.8250000E-01  0.2244570     
 0.8416667E-01  0.2782419     
 0.8583333E-01  0.2971938     
 0.8750000E-01  0.2824389     
 0.8916666E-01  0.2463448     
 0.9083333E-01  0.1609949     
 0.9250000E-01  0.9992772E-01 
 0.9416667E-01  0.5371891E-01 
 0.9583333E-01  0.9482165E-01 
 0.9750000E-01  0.9201285E-01 
 0.9916665E-01  0.1527737     
 0.1008333      0.2078402     
 0.1025000      0.2382096     
 0.1041667      0.1766911     
 0.1058333      0.1479867     
 0.1075000      0.8548479E-01 
 0.1091667      0.6400389E-01 
 0.1108333      0.6466520E-01 
 0.1125000      0.9400325E-01 
 0.1141667      0.1606521     
 0.1158333      0.1848312     
 0.1175000      0.1649564     
 0.1191667      0.1421698     
 0.1208333      0.6130448E-01 
 0.1225000      0.4726976E-01 
 0.1241667      0.3617143E-01 
 0.1258333      0.1033826     
 0.1275000      0.1383078     
 0.1291667      0.1289961     
 0.1308333      0.1146484     
 0.1325000      0.6384747E-01 
 0.1341667      0.5780150E-01 
 0.1358333      0.8025751E-01 
 0.1375000      0.6969804E-01 
 0.1391667      0.9400398E-01 
 0.1408333      0.9689812E-01 
 0.1425000      0.8234180E-01 
 0.1441667      0.7077152E-01 
 0.1458333      0.4529640E-01 
 0.1475000      0.6593817E-01 
 0.1491667      0.7514762E-01 
 0.1508333      0.9839402E-01 
 0.1525000      0.6485017E-01 
 0.1541667      0.4867960E-01 
 0.1558333      0.6309239E-01 
 0.1575000      0.7453144E-01 
 0.1591667      0.9286911E-01 
 0.1608333      0.7780141E-01 
 0.1625000      0.7934397E-01 
 0.1641667      0.6533536E-01 
 0.1658333      0.3741698E-01 
