# SumMovie FRC for input stack : stack1.mrc
# Number of micrographs: 1
# Number of frames per movie: 50
# Pixel size (A): 3.0000
# 1/(A)          FRC
# -----------------------
# 
# Micrograph 1 of 1. Score: .500
 0.8333334E-03  0.9999990     
 0.2500000E-02  0.9744866     
 0.4166666E-02  0.9566610     
 0.5833333E-02  0.9213011     
 0.7499999E-02  0.9020486     
 0.9166666E-02  0.7407501     
 0.1083333E-01  0.7087995     
 0.1250000E-01  0.8369916     
 0.1416667E-01  0.9076379     
 0.1583333E-01  0.9117872     
 0.1750000E-01  0.8546643     
 0.1916667E-01  0.6339738     
 0.2083333E-01  0.7268606     
 0.2250000E-01  0.8415251     
 0.2416667E-01  0.8794358     
 0.2583333E-01  0.8359568     
 0.2750000E-01  0.6822915     
 0.2916667E-01  0.5471778     
 0.3083333E-01  0.6468329     
 0.3250000E-01  0.6487284     
 0.3416666E-01  0.5921780     
 0.3583334E-01  0.4776263     
 0.3750000E-01  0.4232917     
 0.3916667E-01  0.3690083     
 0.4083334E-01  0.3657961     
 0.4250000E-01  0.3302328     
 0.4416666E-01  0.2129019     
 0.4583333E-01  0.1439647     
 0.4750000E-01  0.1849194     
 0.4916666E-01  0.1148122     
 0.5083333E-01  0.9730683E-01 
 0.5250000E-01  0.1063713     
 0.5416667E-01  0.1149529     
 0.5583333E-01  0.1705478     
 0.5750000E-01  0.2204466     
 0.5916666E-01  0.2394688     
 0.6083334E-01  0.2776855     
 0.6250000E-01  0.2374534     
 0.6416667E-01  0.2404062     
 0.6583333E-01  0.2239548     
 0.6750000E-01  0.1440171     
 0.6916667E-01  0.1556720     
 0.7083333E-01  0.1268133     
 0.7250000E-01  0.7661426E-01 
 0.7416667E-01  0.9845650E-01 
 0.7583334E-01  0.1476552     
 0.7749999E-01  0.1992491     
 0.7916667E-01  0.2081865     
 0.8083334E-01  0.2060386     
 0.8250000E-01  0.2100608     
 0.8416667E-01  0.1705817     
 0.8583333E-01  0.1114842     
 0.8750000E-01  0.6696732E-01 
 0.8916666E-01  0.3710584E-01 
 0.9083333E-01  0.1144421     
 0.9250000E-01  0.1349895     
 0.9416667E-01  0.1785651     
 0.9583333E-01  0.1828691     
 0.9750000E-01  0.1605127     
 0.9916665E-01  0.1069859     
 0.1008333      0.9576409E-01 
 0.1025000      0.5031812E-01 
 0.1041667      0.1114690     
 0.1058333      0.1592432     
 0.1075000      0.1389430     
 0.1091667      0.1434679     
 0.1108333      0.1117336     
 0.1125000      0.1147031     
 0.1141667      0.8012486E-01 
 0.1158333      0.5286842E-01 
 0.1175000      0.8449277E-01 
 0.1191667      0.9753563E-01 
 0.1208333      0.1107163     
 0.1225000      0.6878199E-01 
 0.1241667      0.9022000E-01 
 0.1258333      0.6444264E-01 
 0.1275000      0.5464181E-01 
 0.1291667      0.1188643     
 0.1308333      0.1066967     
 0.1325000      0.9355175E-01 
 0.1341667      0.4466323E-01 
 0.1358333      0.6901784E-01 
 0.1375000      0.7883343E-01 
 0.1391667      0.8324119E-01 
 0.1408333      0.1027436     
 0.1425000      0.5840277E-01 
 0.1441667      0.5329087E-01 
 0.1458333      0.8033417E-01 
 0.1475000      0.1013014     
 0.1491667      0.6329290E-01 
 0.1508333      0.6921895E-01 
 0.1525000      0.4874174E-01 
 0.1541667      0.5150004E-01 
 0.1558333      0.5691297E-01 
 0.1575000      0.7635127E-01 
 0.1591667      0.4650301E-01 
 0.1608333      0.7861917E-01 
 0.1625000      0.4667076E-01 
 0.1641667      0.6835809E-01 
 0.1658333      0.5552160E-01 
