# SumMovie FRC for input stack : stack16.mrc
# Number of micrographs: 1
# Number of frames per movie: 50
# Pixel size (A): 3.0000
# 1/(A)          FRC
# -----------------------
# 
# Micrograph 1 of 1. Score: .538
 0.8333334E-03  0.9999994     
 0.2500000E-02  0.9672236     
 0.4166666E-02  0.9454283     
 0.5833333E-02  0.9120693     
 0.7499999E-02  0.8965180     
 0.9166666E-02  0.8416204     
 0.1083333E-01  0.7767839     
 0.1250000E-01  0.8840596     
 0.1416667E-01  0.9355248     
 0.1583333E-01  0.9656251     
 0.1750000E-01  0.9459025     
 0.1916667E-01  0.7765409     
 0.2083333E-01  0.8028886     
 0.2250000E-01  0.9024359     
 0.2416667E-01  0.9435209     
 0.2583333E-01  0.9341198     
 0.2750000E-01  0.8305922     
 0.2916667E-01  0.7051326     
 0.3083333E-01  0.7543486     
 0.3250000E-01  0.7965973     
 0.3416666E-01  0.7330459     
 0.3583334E-01  0.6087280     
 0.3750000E-01  0.4391376     
 0.3916667E-01  0.3790095     
 0.4083334E-01  0.2915978     
 0.4250000E-01  0.1225196     
 0.4416666E-01  0.1177147     
 0.4583333E-01  0.8309145E-01 
 0.4750000E-01  0.1474357     
 0.4916666E-01  0.2682763     
 0.5083333E-01  0.3445989     
 0.5250000E-01  0.3894186     
 0.5416667E-01  0.3825651     
 0.5583333E-01  0.4240747     
 0.5750000E-01  0.3621460     
 0.5916666E-01  0.2766185     
 0.6083334E-01  0.1854800     
 0.6250000E-01  0.7851817E-01 
 0.6416667E-01  0.1023868     
 0.6583333E-01  0.1381561     
 0.6750000E-01  0.2077512     
 0.6916667E-01  0.3151090     
 0.7083333E-01  0.4057866     
 0.7250000E-01  0.3729433     
 0.7416667E-01  0.3076027     
 0.7583334E-01  0.1806728     
 0.7749999E-01  0.1181826     
 0.7916667E-01  0.9234706E-01 
 0.8083334E-01  0.2482453     
 0.8250000E-01  0.2752188     
 0.8416667E-01  0.3592176     
 0.8583333E-01  0.3013473     
 0.8750000E-01  0.1832871     
 0.8916666E-01  0.1196329     
 0.9083333E-01  0.7790471E-01 
 0.9250000E-01  0.1838998     
 0.9416667E-01  0.2605464     
 0.9583333E-01  0.2801379     
 0.9750000E-01  0.2071563     
 0.9916665E-01  0.9520489E-01 
 0.1008333      0.5657273E-01 
 0.1025000      0.1194066     
 0.1041667      0.1912199     
 0.1058333      0.2394668     
 0.1075000      0.1777055     
 0.1091667      0.1092478     
 0.1108333      0.5565362E-01 
 0.1125000      0.1376038     
 0.1141667      0.1961525     
 0.1158333      0.1877952     
 0.1175000      0.1104590     
 0.1191667      0.4720163E-01 
 0.1208333      0.8856270E-01 
 0.1225000      0.1548728     
 0.1241667      0.1738704     
 0.1258333      0.1071719     
 0.1275000      0.6489937E-01 
 0.1291667      0.8629314E-01 
 0.1308333      0.1197380     
 0.1325000      0.1339145     
 0.1341667      0.6383988E-01 
 0.1358333      0.4325981E-01 
 0.1375000      0.1119653     
 0.1391667      0.1343832     
 0.1408333      0.9261284E-01 
 0.1425000      0.7438692E-01 
 0.1441667      0.7306409E-01 
 0.1458333      0.1133942     
 0.1475000      0.9295420E-01 
 0.1491667      0.6271742E-01 
 0.1508333      0.7176188E-01 
 0.1525000      0.1007857     
 0.1541667      0.8440850E-01 
 0.1558333      0.7525304E-01 
 0.1575000      0.4269771E-01 
 0.1591667      0.8289141E-01 
 0.1608333      0.8479579E-01 
 0.1625000      0.4216777E-01 
 0.1641667      0.6379455E-01 
 0.1658333      0.1291213     
