# SumMovie FRC for input stack : stack11.mrc
# Number of micrographs: 1
# Number of frames per movie: 50
# Pixel size (A): 3.0000
# 1/(A)          FRC
# -----------------------
# 
# Micrograph 1 of 1. Score: .570
 0.8333334E-03  0.9999998     
 0.2500000E-02  0.8500754     
 0.4166666E-02  0.8701612     
 0.5833333E-02  0.8519627     
 0.7499999E-02  0.8572748     
 0.9166666E-02  0.7364374     
 0.1083333E-01  0.6257567     
 0.1250000E-01  0.8517188     
 0.1416667E-01  0.9137899     
 0.1583333E-01  0.9436868     
 0.1750000E-01  0.9066879     
 0.1916667E-01  0.6586246     
 0.2083333E-01  0.7381909     
 0.2250000E-01  0.8744807     
 0.2416667E-01  0.9208527     
 0.2583333E-01  0.8916107     
 0.2750000E-01  0.7399818     
 0.2916667E-01  0.6374101     
 0.3083333E-01  0.7074330     
 0.3250000E-01  0.7687069     
 0.3416666E-01  0.7162417     
 0.3583334E-01  0.5863176     
 0.3750000E-01  0.5188115     
 0.3916667E-01  0.4942412     
 0.4083334E-01  0.5130484     
 0.4250000E-01  0.3981743     
 0.4416666E-01  0.3335072     
 0.4583333E-01  0.2848787     
 0.4750000E-01  0.2198339     
 0.4916666E-01  0.1073525     
 0.5083333E-01  0.7578772E-01 
 0.5250000E-01  0.1361945     
 0.5416667E-01  0.1351943     
 0.5583333E-01  0.2212032     
 0.5750000E-01  0.2931877     
 0.5916666E-01  0.3531021     
 0.6083334E-01  0.3512338     
 0.6250000E-01  0.3922192     
 0.6416667E-01  0.3831494     
 0.6583333E-01  0.3007793     
 0.6750000E-01  0.2930968     
 0.6916667E-01  0.1880462     
 0.7083333E-01  0.1110551     
 0.7250000E-01  0.8700902E-01 
 0.7416667E-01  0.1087996     
 0.7583334E-01  0.1931736     
 0.7749999E-01  0.2601390     
 0.7916667E-01  0.3058478     
 0.8083334E-01  0.3431954     
 0.8250000E-01  0.3124492     
 0.8416667E-01  0.2870375     
 0.8583333E-01  0.2006893     
 0.8750000E-01  0.9207995E-01 
 0.8916666E-01  0.7717128E-01 
 0.9083333E-01  0.1284728     
 0.9250000E-01  0.2158844     
 0.9416667E-01  0.2779368     
 0.9583333E-01  0.3011747     
 0.9750000E-01  0.2497042     
 0.9916665E-01  0.2303395     
 0.1008333      0.1130962     
 0.1025000      0.8429085E-01 
 0.1041667      0.1417681     
 0.1058333      0.2157034     
 0.1075000      0.2111049     
 0.1091667      0.2461802     
 0.1108333      0.2078917     
 0.1125000      0.1530835     
 0.1141667      0.1014374     
 0.1158333      0.9287345E-01 
 0.1175000      0.1635313     
 0.1191667      0.1921276     
 0.1208333      0.1648543     
 0.1225000      0.1458650     
 0.1241667      0.9284302E-01 
 0.1258333      0.1038458     
 0.1275000      0.1128365     
 0.1291667      0.1651697     
 0.1308333      0.1593870     
 0.1325000      0.1846860     
 0.1341667      0.1107606     
 0.1358333      0.7113358E-01 
 0.1375000      0.1316446     
 0.1391667      0.1147692     
 0.1408333      0.1497302     
 0.1425000      0.1146322     
 0.1441667      0.1163741     
 0.1458333      0.1027562     
 0.1475000      0.1026125     
 0.1491667      0.1177239     
 0.1508333      0.1498927     
 0.1525000      0.1074099     
 0.1541667      0.9689858E-01 
 0.1558333      0.1145034     
 0.1575000      0.1458153     
 0.1591667      0.1074624     
 0.1608333      0.1198090     
 0.1625000      0.9824818E-01 
 0.1641667      0.1246476     
 0.1658333      0.1443883     
