# SumMovie FRC for input stack : stack16.mrc
# Number of micrographs: 1
# Number of frames per movie: 50
# Pixel size (A): 3.0000
# 1/(A)          FRC
# -----------------------
# 
# Micrograph 1 of 1. Score: .539
 0.8333334E-03  0.9999994     
 0.2500000E-02  0.9671984     
 0.4166666E-02  0.9454679     
 0.5833333E-02  0.9119917     
 0.7499999E-02  0.8963912     
 0.9166666E-02  0.8417276     
 0.1083333E-01  0.7762966     
 0.1250000E-01  0.8836391     
 0.1416667E-01  0.9354511     
 0.1583333E-01  0.9656505     
 0.1750000E-01  0.9459293     
 0.1916667E-01  0.7763113     
 0.2083333E-01  0.8034429     
 0.2250000E-01  0.9023399     
 0.2416667E-01  0.9429633     
 0.2583333E-01  0.9340120     
 0.2750000E-01  0.8306761     
 0.2916667E-01  0.7044083     
 0.3083333E-01  0.7531573     
 0.3250000E-01  0.7967929     
 0.3416666E-01  0.7322864     
 0.3583334E-01  0.6069629     
 0.3750000E-01  0.4402229     
 0.3916667E-01  0.3794514     
 0.4083334E-01  0.2922719     
 0.4250000E-01  0.1230636     
 0.4416666E-01  0.1226552     
 0.4583333E-01  0.8630209E-01 
 0.4750000E-01  0.1494289     
 0.4916666E-01  0.2693693     
 0.5083333E-01  0.3434573     
 0.5250000E-01  0.3900671     
 0.5416667E-01  0.3806491     
 0.5583333E-01  0.4242824     
 0.5750000E-01  0.3624914     
 0.5916666E-01  0.2799208     
 0.6083334E-01  0.1869388     
 0.6250000E-01  0.8261053E-01 
 0.6416667E-01  0.1060566     
 0.6583333E-01  0.1397264     
 0.6750000E-01  0.2096413     
 0.6916667E-01  0.3158610     
 0.7083333E-01  0.4079607     
 0.7250000E-01  0.3701823     
 0.7416667E-01  0.3029702     
 0.7583334E-01  0.1832628     
 0.7749999E-01  0.1178155     
 0.7916667E-01  0.9636245E-01 
 0.8083334E-01  0.2519649     
 0.8250000E-01  0.2768438     
 0.8416667E-01  0.3627740     
 0.8583333E-01  0.3012331     
 0.8750000E-01  0.1876979     
 0.8916666E-01  0.1186672     
 0.9083333E-01  0.7853526E-01 
 0.9250000E-01  0.1900075     
 0.9416667E-01  0.2607431     
 0.9583333E-01  0.2782786     
 0.9750000E-01  0.2136801     
 0.9916665E-01  0.9799659E-01 
 0.1008333      0.6186031E-01 
 0.1025000      0.1236565     
 0.1041667      0.1901874     
 0.1058333      0.2421229     
 0.1075000      0.1833164     
 0.1091667      0.1108078     
 0.1108333      0.5631009E-01 
 0.1125000      0.1399183     
 0.1141667      0.1981931     
 0.1158333      0.1903218     
 0.1175000      0.1151187     
 0.1191667      0.4858643E-01 
 0.1208333      0.9082904E-01 
 0.1225000      0.1603148     
 0.1241667      0.1729060     
 0.1258333      0.1089615     
 0.1275000      0.6523796E-01 
 0.1291667      0.9164004E-01 
 0.1308333      0.1214089     
 0.1325000      0.1351159     
 0.1341667      0.7370047E-01 
 0.1358333      0.4939769E-01 
 0.1375000      0.1101076     
 0.1391667      0.1376605     
 0.1408333      0.9259331E-01 
 0.1425000      0.7389677E-01 
 0.1441667      0.7443677E-01 
 0.1458333      0.1119468     
 0.1475000      0.9665680E-01 
 0.1491667      0.5949626E-01 
 0.1508333      0.6563336E-01 
 0.1525000      0.9815225E-01 
 0.1541667      0.8655512E-01 
 0.1558333      0.6949539E-01 
 0.1575000      0.4790618E-01 
 0.1591667      0.8513323E-01 
 0.1608333      0.8977867E-01 
 0.1625000      0.4702052E-01 
 0.1641667      0.6093981E-01 
 0.1658333      0.1331501     
