# SumMovie FRC for input stack : stack1.mrc
# Number of micrographs: 1
# Number of frames per movie: 50
# Pixel size (A): 3.0000
# 1/(A)          FRC
# -----------------------
# 
# Micrograph 1 of 1. Score: .546
 0.8333334E-03  0.9999993     
 0.2500000E-02  0.9744585     
 0.4166666E-02  0.9570090     
 0.5833333E-02  0.9206617     
 0.7499999E-02  0.9048341     
 0.9166666E-02  0.7497180     
 0.1083333E-01  0.7274112     
 0.1250000E-01  0.8559304     
 0.1416667E-01  0.9222888     
 0.1583333E-01  0.9262199     
 0.1750000E-01  0.8739775     
 0.1916667E-01  0.6747599     
 0.2083333E-01  0.7639855     
 0.2250000E-01  0.8704937     
 0.2416667E-01  0.9032673     
 0.2583333E-01  0.8718884     
 0.2750000E-01  0.7476144     
 0.2916667E-01  0.6443005     
 0.3083333E-01  0.7087880     
 0.3250000E-01  0.7376320     
 0.3416666E-01  0.6840226     
 0.3583334E-01  0.5451905     
 0.3750000E-01  0.4830225     
 0.3916667E-01  0.4609891     
 0.4083334E-01  0.4485996     
 0.4250000E-01  0.4002590     
 0.4416666E-01  0.2595483     
 0.4583333E-01  0.1696946     
 0.4750000E-01  0.1883035     
 0.4916666E-01  0.9667261E-01 
 0.5083333E-01  0.6310862E-01 
 0.5250000E-01  0.6795610E-01 
 0.5416667E-01  0.1277642     
 0.5583333E-01  0.1859335     
 0.5750000E-01  0.2527459     
 0.5916666E-01  0.3160111     
 0.6083334E-01  0.3424536     
 0.6250000E-01  0.3282664     
 0.6416667E-01  0.2999736     
 0.6583333E-01  0.2726131     
 0.6750000E-01  0.1617973     
 0.6916667E-01  0.1351275     
 0.7083333E-01  0.8578078E-01 
 0.7250000E-01  0.6990857E-01 
 0.7416667E-01  0.1079874     
 0.7583334E-01  0.1672280     
 0.7749999E-01  0.2465318     
 0.7916667E-01  0.2982400     
 0.8083334E-01  0.2884052     
 0.8250000E-01  0.2840405     
 0.8416667E-01  0.2266485     
 0.8583333E-01  0.1237226     
 0.8750000E-01  0.6162491E-01 
 0.8916666E-01  0.3192113E-01 
 0.9083333E-01  0.1310349     
 0.9250000E-01  0.1960557     
 0.9416667E-01  0.2366211     
 0.9583333E-01  0.2489062     
 0.9750000E-01  0.1959283     
 0.9916665E-01  0.1083289     
 0.1008333      0.6738514E-01 
 0.1025000      0.4467452E-01 
 0.1041667      0.1205311     
 0.1058333      0.1533473     
 0.1075000      0.1596233     
 0.1091667      0.1750890     
 0.1108333      0.1309978     
 0.1125000      0.1228340     
 0.1141667      0.3695262E-01 
 0.1158333      0.6440914E-01 
 0.1175000      0.1082578     
 0.1191667      0.1098325     
 0.1208333      0.1139488     
 0.1225000      0.1007874     
 0.1241667      0.4666442E-01 
 0.1258333      0.3949571E-01 
 0.1275000      0.5866671E-01 
 0.1291667      0.1143010     
 0.1308333      0.1205500     
 0.1325000      0.6826621E-01 
 0.1341667      0.4827657E-01 
 0.1358333      0.2652488E-01 
 0.1375000      0.1030737     
 0.1391667      0.6506933E-01 
 0.1408333      0.1078601     
 0.1425000      0.6307761E-01 
 0.1441667      0.3439056E-01 
 0.1458333      0.2993658E-01 
 0.1475000      0.7387294E-01 
 0.1491667      0.5712949E-01 
 0.1508333      0.6297433E-01 
 0.1525000      0.2563578E-01 
 0.1541667      0.5735173E-01 
 0.1558333      0.8454019E-01 
 0.1575000      0.4403812E-01 
 0.1591667      0.2175128E-01 
 0.1608333      0.3466539E-01 
 0.1625000      0.4762340E-01 
 0.1641667      0.3717341E-01 
 0.1658333      0.2886462E-01 
