# SumMovie FRC for input stack : stack6.mrc
# Number of micrographs: 1
# Number of frames per movie: 50
# Pixel size (A): 3.0000
# 1/(A)          FRC
# -----------------------
# 
# Micrograph 1 of 1. Score: .592
 0.8333334E-03  0.9999999     
 0.2500000E-02  0.9512793     
 0.4166666E-02  0.9319488     
 0.5833333E-02  0.8475385     
 0.7499999E-02  0.8653207     
 0.9166666E-02  0.6785119     
 0.1083333E-01  0.6578897     
 0.1250000E-01  0.8499203     
 0.1416667E-01  0.8881120     
 0.1583333E-01  0.9353044     
 0.1750000E-01  0.8937660     
 0.1916667E-01  0.6007378     
 0.2083333E-01  0.6730117     
 0.2250000E-01  0.8436216     
 0.2416667E-01  0.9027303     
 0.2583333E-01  0.8573706     
 0.2750000E-01  0.7354371     
 0.2916667E-01  0.6256799     
 0.3083333E-01  0.6983690     
 0.3250000E-01  0.7290339     
 0.3416666E-01  0.7027366     
 0.3583334E-01  0.6012431     
 0.3750000E-01  0.5381668     
 0.3916667E-01  0.5307754     
 0.4083334E-01  0.5749100     
 0.4250000E-01  0.4582008     
 0.4416666E-01  0.3961362     
 0.4583333E-01  0.3650253     
 0.4750000E-01  0.3047405     
 0.4916666E-01  0.2231862     
 0.5083333E-01  0.1341312     
 0.5250000E-01  0.1158248     
 0.5416667E-01  0.6035348E-01 
 0.5583333E-01  0.9886672E-01 
 0.5750000E-01  0.1218654     
 0.5916666E-01  0.1962036     
 0.6083334E-01  0.2697337     
 0.6250000E-01  0.2897195     
 0.6416667E-01  0.3448622     
 0.6583333E-01  0.3743320     
 0.6750000E-01  0.3474247     
 0.6916667E-01  0.3453596     
 0.7083333E-01  0.2917518     
 0.7250000E-01  0.2227384     
 0.7416667E-01  0.1223702     
 0.7583334E-01  0.7610338E-01 
 0.7749999E-01  0.6538782E-01 
 0.7916667E-01  0.7722282E-01 
 0.8083334E-01  0.1837668     
 0.8250000E-01  0.2325812     
 0.8416667E-01  0.2949217     
 0.8583333E-01  0.3105615     
 0.8750000E-01  0.2915648     
 0.8916666E-01  0.2423490     
 0.9083333E-01  0.1631415     
 0.9250000E-01  0.8637028E-01 
 0.9416667E-01  0.4548563E-01 
 0.9583333E-01  0.8543857E-01 
 0.9750000E-01  0.8607277E-01 
 0.9916665E-01  0.1438357     
 0.1008333      0.2207215     
 0.1025000      0.2389410     
 0.1041667      0.1714260     
 0.1058333      0.1471672     
 0.1075000      0.7914420E-01 
 0.1091667      0.7902423E-01 
 0.1108333      0.4235920E-01 
 0.1125000      0.8872776E-01 
 0.1141667      0.1411071     
 0.1158333      0.1924665     
 0.1175000      0.1699435     
 0.1191667      0.1288166     
 0.1208333      0.4126954E-01 
 0.1225000      0.4477758E-01 
 0.1241667      0.3767924E-01 
 0.1258333      0.1036961     
 0.1275000      0.1205646     
 0.1291667      0.1261418     
 0.1308333      0.1105926     
 0.1325000      0.5618421E-01 
 0.1341667      0.4454932E-01 
 0.1358333      0.7310291E-01 
 0.1375000      0.7067634E-01 
 0.1391667      0.1008411     
 0.1408333      0.9006105E-01 
 0.1425000      0.6869275E-01 
 0.1441667      0.5560658E-01 
 0.1458333      0.3906961E-01 
 0.1475000      0.4706793E-01 
 0.1491667      0.7632124E-01 
 0.1508333      0.9216160E-01 
 0.1525000      0.6881879E-01 
 0.1541667      0.4479813E-01 
 0.1558333      0.3376228E-01 
 0.1575000      0.7247857E-01 
 0.1591667      0.8114481E-01 
 0.1608333      0.7828490E-01 
 0.1625000      0.7609787E-01 
 0.1641667      0.6234714E-01 
 0.1658333      0.2837961E-01 
