# SumMovie FRC for input stack : stack16.mrc
# Number of micrographs: 1
# Number of frames per movie: 50
# Pixel size (A): 3.0000
# 1/(A)          FRC
# -----------------------
# 
# Micrograph 1 of 1. Score: .528
 0.8333334E-03  0.9999994     
 0.2500000E-02  0.9669998     
 0.4166666E-02  0.9459199     
 0.5833333E-02  0.9109791     
 0.7499999E-02  0.8943154     
 0.9166666E-02  0.8411534     
 0.1083333E-01  0.7716431     
 0.1250000E-01  0.8785716     
 0.1416667E-01  0.9333419     
 0.1583333E-01  0.9637519     
 0.1750000E-01  0.9436010     
 0.1916667E-01  0.7648367     
 0.2083333E-01  0.8001136     
 0.2250000E-01  0.8929132     
 0.2416667E-01  0.9344685     
 0.2583333E-01  0.9254562     
 0.2750000E-01  0.8144904     
 0.2916667E-01  0.6802968     
 0.3083333E-01  0.7321208     
 0.3250000E-01  0.7775366     
 0.3416666E-01  0.6986023     
 0.3583334E-01  0.5594873     
 0.3750000E-01  0.4259766     
 0.3916667E-01  0.3591544     
 0.4083334E-01  0.2957337     
 0.4250000E-01  0.1140843     
 0.4416666E-01  0.1226276     
 0.4583333E-01  0.1054103     
 0.4750000E-01  0.1365176     
 0.4916666E-01  0.2708827     
 0.5083333E-01  0.3317106     
 0.5250000E-01  0.3604307     
 0.5416667E-01  0.3588414     
 0.5583333E-01  0.4068804     
 0.5750000E-01  0.3459316     
 0.5916666E-01  0.2639045     
 0.6083334E-01  0.1766295     
 0.6250000E-01  0.9101683E-01 
 0.6416667E-01  0.1120548     
 0.6583333E-01  0.1422003     
 0.6750000E-01  0.1925609     
 0.6916667E-01  0.3006335     
 0.7083333E-01  0.3919534     
 0.7250000E-01  0.3340957     
 0.7416667E-01  0.2714907     
 0.7583334E-01  0.1648599     
 0.7749999E-01  0.1120210     
 0.7916667E-01  0.9320523E-01 
 0.8083334E-01  0.2466790     
 0.8250000E-01  0.2501586     
 0.8416667E-01  0.3284013     
 0.8583333E-01  0.2799125     
 0.8750000E-01  0.1851292     
 0.8916666E-01  0.1166655     
 0.9083333E-01  0.9812699E-01 
 0.9250000E-01  0.1831198     
 0.9416667E-01  0.2414984     
 0.9583333E-01  0.2578730     
 0.9750000E-01  0.2075572     
 0.9916665E-01  0.1251973     
 0.1008333      0.1031338     
 0.1025000      0.1339776     
 0.1041667      0.1903468     
 0.1058333      0.2298183     
 0.1075000      0.1877307     
 0.1091667      0.1303094     
 0.1108333      0.6804043E-01 
 0.1125000      0.1527437     
 0.1141667      0.1822760     
 0.1158333      0.1719963     
 0.1175000      0.1334559     
 0.1191667      0.9150012E-01 
 0.1208333      0.1136906     
 0.1225000      0.1490647     
 0.1241667      0.1693236     
 0.1258333      0.1291279     
 0.1275000      0.8891709E-01 
 0.1291667      0.1059211     
 0.1308333      0.1397020     
 0.1325000      0.1349699     
 0.1341667      0.1076713     
 0.1358333      0.6312864E-01 
 0.1375000      0.1188424     
 0.1391667      0.1337568     
 0.1408333      0.1326028     
 0.1425000      0.8868895E-01 
 0.1441667      0.1147220     
 0.1458333      0.1191386     
 0.1475000      0.1132291     
 0.1491667      0.1172838     
 0.1508333      0.9921040E-01 
 0.1525000      0.1197321     
 0.1541667      0.1112581     
 0.1558333      0.8941323E-01 
 0.1575000      0.9014922E-01 
 0.1591667      0.1079867     
 0.1608333      0.1123096     
 0.1625000      0.6905477E-01 
 0.1641667      0.9086400E-01 
 0.1658333      0.1369756     
