# SumMovie FRC for input stack : stack16.mrc
# Number of micrographs: 1
# Number of frames per movie: 50
# Pixel size (A): 3.0000
# 1/(A)          FRC
# -----------------------
# 
# Micrograph 1 of 1. Score: .527
 0.8333334E-03  0.9999994     
 0.2500000E-02  0.9669712     
 0.4166666E-02  0.9458971     
 0.5833333E-02  0.9108801     
 0.7499999E-02  0.8942690     
 0.9166666E-02  0.8410096     
 0.1083333E-01  0.7712591     
 0.1250000E-01  0.8782393     
 0.1416667E-01  0.9332018     
 0.1583333E-01  0.9635525     
 0.1750000E-01  0.9433236     
 0.1916667E-01  0.7639470     
 0.2083333E-01  0.7993397     
 0.2250000E-01  0.8918775     
 0.2416667E-01  0.9336730     
 0.2583333E-01  0.9244527     
 0.2750000E-01  0.8124782     
 0.2916667E-01  0.6778737     
 0.3083333E-01  0.7300816     
 0.3250000E-01  0.7753248     
 0.3416666E-01  0.6959782     
 0.3583334E-01  0.5541869     
 0.3750000E-01  0.4243245     
 0.3916667E-01  0.3586523     
 0.4083334E-01  0.2941352     
 0.4250000E-01  0.1148153     
 0.4416666E-01  0.1227386     
 0.4583333E-01  0.1071134     
 0.4750000E-01  0.1370674     
 0.4916666E-01  0.2694775     
 0.5083333E-01  0.3283959     
 0.5250000E-01  0.3557792     
 0.5416667E-01  0.3558796     
 0.5583333E-01  0.4031159     
 0.5750000E-01  0.3414205     
 0.5916666E-01  0.2615369     
 0.6083334E-01  0.1719874     
 0.6250000E-01  0.9119769E-01 
 0.6416667E-01  0.1147382     
 0.6583333E-01  0.1409784     
 0.6750000E-01  0.1875831     
 0.6916667E-01  0.2964970     
 0.7083333E-01  0.3854988     
 0.7250000E-01  0.3307620     
 0.7416667E-01  0.2670211     
 0.7583334E-01  0.1627413     
 0.7749999E-01  0.1126407     
 0.7916667E-01  0.9221767E-01 
 0.8083334E-01  0.2438049     
 0.8250000E-01  0.2442382     
 0.8416667E-01  0.3229260     
 0.8583333E-01  0.2756094     
 0.8750000E-01  0.1833712     
 0.8916666E-01  0.1171909     
 0.9083333E-01  0.9920345E-01 
 0.9250000E-01  0.1840872     
 0.9416667E-01  0.2390304     
 0.9583333E-01  0.2517598     
 0.9750000E-01  0.2039651     
 0.9916665E-01  0.1283352     
 0.1008333      0.1086032     
 0.1025000      0.1339266     
 0.1041667      0.1891048     
 0.1058333      0.2258623     
 0.1075000      0.1862625     
 0.1091667      0.1297037     
 0.1108333      0.6905170E-01 
 0.1125000      0.1538247     
 0.1141667      0.1834567     
 0.1158333      0.1728442     
 0.1175000      0.1364082     
 0.1191667      0.8946752E-01 
 0.1208333      0.1163357     
 0.1225000      0.1503424     
 0.1241667      0.1727266     
 0.1258333      0.1289530     
 0.1275000      0.9170187E-01 
 0.1291667      0.1132422     
 0.1308333      0.1390217     
 0.1325000      0.1363011     
 0.1341667      0.1111392     
 0.1358333      0.7074397E-01 
 0.1375000      0.1265583     
 0.1391667      0.1361865     
 0.1408333      0.1395066     
 0.1425000      0.9687172E-01 
 0.1441667      0.1190857     
 0.1458333      0.1200386     
 0.1475000      0.1160470     
 0.1491667      0.1218314     
 0.1508333      0.9817968E-01 
 0.1525000      0.1278646     
 0.1541667      0.1154863     
 0.1558333      0.9672508E-01 
 0.1575000      0.9455036E-01 
 0.1591667      0.1088284     
 0.1608333      0.1188859     
 0.1625000      0.7208008E-01 
 0.1641667      0.9571066E-01 
 0.1658333      0.1370060     
