# SumMovie FRC for input stack : stack1.mrc
# Number of micrographs: 1
# Number of frames per movie: 50
# Pixel size (A): 3.0000
# 1/(A)          FRC
# -----------------------
# 
# Micrograph 1 of 1. Score: .546
 0.8333334E-03  0.9999993     
 0.2500000E-02  0.9744503     
 0.4166666E-02  0.9570185     
 0.5833333E-02  0.9206273     
 0.7499999E-02  0.9049499     
 0.9166666E-02  0.7493062     
 0.1083333E-01  0.7275416     
 0.1250000E-01  0.8558943     
 0.1416667E-01  0.9222856     
 0.1583333E-01  0.9262543     
 0.1750000E-01  0.8737700     
 0.1916667E-01  0.6746074     
 0.2083333E-01  0.7638268     
 0.2250000E-01  0.8706766     
 0.2416667E-01  0.9031548     
 0.2583333E-01  0.8718649     
 0.2750000E-01  0.7470997     
 0.2916667E-01  0.6431679     
 0.3083333E-01  0.7085090     
 0.3250000E-01  0.7373847     
 0.3416666E-01  0.6839899     
 0.3583334E-01  0.5455713     
 0.3750000E-01  0.4831817     
 0.3916667E-01  0.4601911     
 0.4083334E-01  0.4487884     
 0.4250000E-01  0.3984179     
 0.4416666E-01  0.2588095     
 0.4583333E-01  0.1691776     
 0.4750000E-01  0.1881582     
 0.4916666E-01  0.9432449E-01 
 0.5083333E-01  0.6278514E-01 
 0.5250000E-01  0.6754361E-01 
 0.5416667E-01  0.1259776     
 0.5583333E-01  0.1856812     
 0.5750000E-01  0.2510351     
 0.5916666E-01  0.3161935     
 0.6083334E-01  0.3432264     
 0.6250000E-01  0.3261984     
 0.6416667E-01  0.2996930     
 0.6583333E-01  0.2713869     
 0.6750000E-01  0.1607898     
 0.6916667E-01  0.1341997     
 0.7083333E-01  0.8734587E-01 
 0.7250000E-01  0.6967808E-01 
 0.7416667E-01  0.1079585     
 0.7583334E-01  0.1683801     
 0.7749999E-01  0.2458088     
 0.7916667E-01  0.2970465     
 0.8083334E-01  0.2902453     
 0.8250000E-01  0.2851520     
 0.8416667E-01  0.2280118     
 0.8583333E-01  0.1243198     
 0.8750000E-01  0.6075478E-01 
 0.8916666E-01  0.3391529E-01 
 0.9083333E-01  0.1323664     
 0.9250000E-01  0.1982295     
 0.9416667E-01  0.2372990     
 0.9583333E-01  0.2510843     
 0.9750000E-01  0.1953005     
 0.9916665E-01  0.1127144     
 0.1008333      0.7039952E-01 
 0.1025000      0.4946464E-01 
 0.1041667      0.1200804     
 0.1058333      0.1568795     
 0.1075000      0.1621727     
 0.1091667      0.1758265     
 0.1108333      0.1336408     
 0.1125000      0.1261439     
 0.1141667      0.4106893E-01 
 0.1158333      0.6596769E-01 
 0.1175000      0.1078652     
 0.1191667      0.1155838     
 0.1208333      0.1178234     
 0.1225000      0.1026016     
 0.1241667      0.4945131E-01 
 0.1258333      0.4314250E-01 
 0.1275000      0.5895253E-01 
 0.1291667      0.1195829     
 0.1308333      0.1222191     
 0.1325000      0.7224002E-01 
 0.1341667      0.4865891E-01 
 0.1358333      0.2430760E-01 
 0.1375000      0.1040678     
 0.1391667      0.7215364E-01 
 0.1408333      0.1100778     
 0.1425000      0.6320187E-01 
 0.1441667      0.4153646E-01 
 0.1458333      0.3035197E-01 
 0.1475000      0.7565106E-01 
 0.1491667      0.6365255E-01 
 0.1508333      0.6704379E-01 
 0.1525000      0.2522986E-01 
 0.1541667      0.5883832E-01 
 0.1558333      0.8095226E-01 
 0.1575000      0.4463486E-01 
 0.1591667      0.2454155E-01 
 0.1608333      0.4286511E-01 
 0.1625000      0.5150607E-01 
 0.1641667      0.3546897E-01 
 0.1658333      0.2978059E-01 
