# SumMovie FRC for input stack : stack6.mrc
# Number of micrographs: 1
# Number of frames per movie: 50
# Pixel size (A): 3.0000
# 1/(A)          FRC
# -----------------------
# 
# Micrograph 1 of 1. Score: .581
 0.8333334E-03  0.9999999     
 0.2500000E-02  0.9514008     
 0.4166666E-02  0.9316997     
 0.5833333E-02  0.8463492     
 0.7499999E-02  0.8655165     
 0.9166666E-02  0.6742171     
 0.1083333E-01  0.6560162     
 0.1250000E-01  0.8466752     
 0.1416667E-01  0.8844714     
 0.1583333E-01  0.9322411     
 0.1750000E-01  0.8921032     
 0.1916667E-01  0.6010682     
 0.2083333E-01  0.6633791     
 0.2250000E-01  0.8315131     
 0.2416667E-01  0.8945714     
 0.2583333E-01  0.8475620     
 0.2750000E-01  0.7245662     
 0.2916667E-01  0.6210154     
 0.3083333E-01  0.6821954     
 0.3250000E-01  0.7238004     
 0.3416666E-01  0.6902544     
 0.3583334E-01  0.5844163     
 0.3750000E-01  0.5334327     
 0.3916667E-01  0.5152148     
 0.4083334E-01  0.5529945     
 0.4250000E-01  0.4442064     
 0.4416666E-01  0.3748724     
 0.4583333E-01  0.3481833     
 0.4750000E-01  0.2925693     
 0.4916666E-01  0.2177350     
 0.5083333E-01  0.1180176     
 0.5250000E-01  0.1358516     
 0.5416667E-01  0.8222510E-01 
 0.5583333E-01  0.1199875     
 0.5750000E-01  0.1288407     
 0.5916666E-01  0.2126421     
 0.6083334E-01  0.2765663     
 0.6250000E-01  0.2926298     
 0.6416667E-01  0.3453356     
 0.6583333E-01  0.3435505     
 0.6750000E-01  0.3430974     
 0.6916667E-01  0.3224468     
 0.7083333E-01  0.2787684     
 0.7250000E-01  0.2188715     
 0.7416667E-01  0.1394407     
 0.7583334E-01  0.9996054E-01 
 0.7749999E-01  0.8646830E-01 
 0.7916667E-01  0.8651134E-01 
 0.8083334E-01  0.1759976     
 0.8250000E-01  0.2185774     
 0.8416667E-01  0.2743707     
 0.8583333E-01  0.2900645     
 0.8750000E-01  0.2719728     
 0.8916666E-01  0.2473451     
 0.9083333E-01  0.1428180     
 0.9250000E-01  0.1170333     
 0.9416667E-01  0.7038639E-01 
 0.9583333E-01  0.1142909     
 0.9750000E-01  0.1108031     
 0.9916665E-01  0.1587582     
 0.1008333      0.1969975     
 0.1025000      0.2294070     
 0.1041667      0.1833615     
 0.1058333      0.1459061     
 0.1075000      0.9496029E-01 
 0.1091667      0.4934238E-01 
 0.1108333      0.7313751E-01 
 0.1125000      0.1126354     
 0.1141667      0.1706680     
 0.1158333      0.1898899     
 0.1175000      0.1512622     
 0.1191667      0.1368017     
 0.1208333      0.7356308E-01 
 0.1225000      0.5418282E-01 
 0.1241667      0.5687106E-01 
 0.1258333      0.9276459E-01 
 0.1275000      0.1369054     
 0.1291667      0.1335588     
 0.1308333      0.1213068     
 0.1325000      0.5429739E-01 
 0.1341667      0.4745277E-01 
 0.1358333      0.9261824E-01 
 0.1375000      0.7305287E-01 
 0.1391667      0.8551031E-01 
 0.1408333      0.1080410     
 0.1425000      0.9482853E-01 
 0.1441667      0.7330525E-01 
 0.1458333      0.5753600E-01 
 0.1475000      0.7369503E-01 
 0.1491667      0.9460954E-01 
 0.1508333      0.1106955     
 0.1525000      0.7801844E-01 
 0.1541667      0.5036683E-01 
 0.1558333      0.7399967E-01 
 0.1575000      0.7423312E-01 
 0.1591667      0.9392451E-01 
 0.1608333      0.8646181E-01 
 0.1625000      0.7068092E-01 
 0.1641667      0.7824448E-01 
 0.1658333      0.4174482E-01 
