# SumMovie FRC for input stack : stack16.mrc
# Number of micrographs: 1
# Number of frames per movie: 50
# Pixel size (A): 3.0000
# 1/(A)          FRC
# -----------------------
# 
# Micrograph 1 of 1. Score: .539
 0.8333334E-03  0.9999994     
 0.2500000E-02  0.9671950     
 0.4166666E-02  0.9454562     
 0.5833333E-02  0.9119790     
 0.7499999E-02  0.8964047     
 0.9166666E-02  0.8417264     
 0.1083333E-01  0.7762694     
 0.1250000E-01  0.8836334     
 0.1416667E-01  0.9354640     
 0.1583333E-01  0.9656482     
 0.1750000E-01  0.9459190     
 0.1916667E-01  0.7763753     
 0.2083333E-01  0.8034242     
 0.2250000E-01  0.9022641     
 0.2416667E-01  0.9429184     
 0.2583333E-01  0.9339789     
 0.2750000E-01  0.8306242     
 0.2916667E-01  0.7043615     
 0.3083333E-01  0.7530809     
 0.3250000E-01  0.7967913     
 0.3416666E-01  0.7322376     
 0.3583334E-01  0.6063872     
 0.3750000E-01  0.4402148     
 0.3916667E-01  0.3795291     
 0.4083334E-01  0.2926597     
 0.4250000E-01  0.1234089     
 0.4416666E-01  0.1230922     
 0.4583333E-01  0.8673514E-01 
 0.4750000E-01  0.1495570     
 0.4916666E-01  0.2698354     
 0.5083333E-01  0.3434862     
 0.5250000E-01  0.3902189     
 0.5416667E-01  0.3805611     
 0.5583333E-01  0.4242163     
 0.5750000E-01  0.3621884     
 0.5916666E-01  0.2802222     
 0.6083334E-01  0.1864997     
 0.6250000E-01  0.8338896E-01 
 0.6416667E-01  0.1070288     
 0.6583333E-01  0.1403550     
 0.6750000E-01  0.2104185     
 0.6916667E-01  0.3155012     
 0.7083333E-01  0.4078790     
 0.7250000E-01  0.3698578     
 0.7416667E-01  0.3032594     
 0.7583334E-01  0.1834081     
 0.7749999E-01  0.1182104     
 0.7916667E-01  0.9666843E-01 
 0.8083334E-01  0.2523696     
 0.8250000E-01  0.2769519     
 0.8416667E-01  0.3631797     
 0.8583333E-01  0.3011208     
 0.8750000E-01  0.1891255     
 0.8916666E-01  0.1185046     
 0.9083333E-01  0.7960360E-01 
 0.9250000E-01  0.1907616     
 0.9416667E-01  0.2607158     
 0.9583333E-01  0.2790025     
 0.9750000E-01  0.2152886     
 0.9916665E-01  0.9928030E-01 
 0.1008333      0.6351209E-01 
 0.1025000      0.1241778     
 0.1041667      0.1905685     
 0.1058333      0.2430489     
 0.1075000      0.1842650     
 0.1091667      0.1116699     
 0.1108333      0.5738746E-01 
 0.1125000      0.1413974     
 0.1141667      0.1984997     
 0.1158333      0.1911261     
 0.1175000      0.1159362     
 0.1191667      0.4959891E-01 
 0.1208333      0.9238470E-01 
 0.1225000      0.1610932     
 0.1241667      0.1734581     
 0.1258333      0.1087833     
 0.1275000      0.6656203E-01 
 0.1291667      0.9218561E-01 
 0.1308333      0.1217289     
 0.1325000      0.1351408     
 0.1341667      0.7547071E-01 
 0.1358333      0.4959457E-01 
 0.1375000      0.1107861     
 0.1391667      0.1380913     
 0.1408333      0.9358213E-01 
 0.1425000      0.7499456E-01 
 0.1441667      0.7643348E-01 
 0.1458333      0.1128309     
 0.1475000      0.9797232E-01 
 0.1491667      0.6135447E-01 
 0.1508333      0.6631944E-01 
 0.1525000      0.9845653E-01 
 0.1541667      0.8720326E-01 
 0.1558333      0.7031548E-01 
 0.1575000      0.4964898E-01 
 0.1591667      0.8589806E-01 
 0.1608333      0.9157609E-01 
 0.1625000      0.4778045E-01 
 0.1641667      0.6157682E-01 
 0.1658333      0.1344648     
