# SumMovie FRC for input stack : stack11.mrc
# Number of micrographs: 1
# Number of frames per movie: 50
# Pixel size (A): 3.0000
# 1/(A)          FRC
# -----------------------
# 
# Micrograph 1 of 1. Score: .571
 0.8333334E-03  0.9999998     
 0.2500000E-02  0.8501161     
 0.4166666E-02  0.8702108     
 0.5833333E-02  0.8519476     
 0.7499999E-02  0.8573255     
 0.9166666E-02  0.7366178     
 0.1083333E-01  0.6258454     
 0.1250000E-01  0.8519339     
 0.1416667E-01  0.9139220     
 0.1583333E-01  0.9437629     
 0.1750000E-01  0.9068887     
 0.1916667E-01  0.6585169     
 0.2083333E-01  0.7386932     
 0.2250000E-01  0.8747617     
 0.2416667E-01  0.9212418     
 0.2583333E-01  0.8919304     
 0.2750000E-01  0.7409106     
 0.2916667E-01  0.6392650     
 0.3083333E-01  0.7088537     
 0.3250000E-01  0.7698053     
 0.3416666E-01  0.7178800     
 0.3583334E-01  0.5874860     
 0.3750000E-01  0.5206222     
 0.3916667E-01  0.4962210     
 0.4083334E-01  0.5145600     
 0.4250000E-01  0.3995644     
 0.4416666E-01  0.3349636     
 0.4583333E-01  0.2873110     
 0.4750000E-01  0.2198948     
 0.4916666E-01  0.1076691     
 0.5083333E-01  0.7609940E-01 
 0.5250000E-01  0.1367265     
 0.5416667E-01  0.1371540     
 0.5583333E-01  0.2215879     
 0.5750000E-01  0.2944347     
 0.5916666E-01  0.3558787     
 0.6083334E-01  0.3528900     
 0.6250000E-01  0.3958890     
 0.6416667E-01  0.3859248     
 0.6583333E-01  0.3050476     
 0.6750000E-01  0.2954848     
 0.6916667E-01  0.1887343     
 0.7083333E-01  0.1110616     
 0.7250000E-01  0.8629014E-01 
 0.7416667E-01  0.1093042     
 0.7583334E-01  0.1950008     
 0.7749999E-01  0.2629336     
 0.7916667E-01  0.3082412     
 0.8083334E-01  0.3468892     
 0.8250000E-01  0.3154877     
 0.8416667E-01  0.2901036     
 0.8583333E-01  0.2030130     
 0.8750000E-01  0.9399512E-01 
 0.8916666E-01  0.7714522E-01 
 0.9083333E-01  0.1292182     
 0.9250000E-01  0.2194631     
 0.9416667E-01  0.2817180     
 0.9583333E-01  0.3021660     
 0.9750000E-01  0.2521239     
 0.9916665E-01  0.2328692     
 0.1008333      0.1129883     
 0.1025000      0.8297653E-01 
 0.1041667      0.1402959     
 0.1058333      0.2167654     
 0.1075000      0.2150979     
 0.1091667      0.2477167     
 0.1108333      0.2085178     
 0.1125000      0.1531615     
 0.1141667      0.1003109     
 0.1158333      0.9318632E-01 
 0.1175000      0.1643947     
 0.1191667      0.1926506     
 0.1208333      0.1643905     
 0.1225000      0.1464699     
 0.1241667      0.9201710E-01 
 0.1258333      0.1020905     
 0.1275000      0.1113314     
 0.1291667      0.1655274     
 0.1308333      0.1628516     
 0.1325000      0.1844960     
 0.1341667      0.1102372     
 0.1358333      0.7013208E-01 
 0.1375000      0.1310304     
 0.1391667      0.1156408     
 0.1408333      0.1523879     
 0.1425000      0.1154628     
 0.1441667      0.1140125     
 0.1458333      0.1017937     
 0.1475000      0.9988343E-01 
 0.1491667      0.1193907     
 0.1508333      0.1483305     
 0.1525000      0.1084127     
 0.1541667      0.9751242E-01 
 0.1558333      0.1120563     
 0.1575000      0.1447215     
 0.1591667      0.1065709     
 0.1608333      0.1170004     
 0.1625000      0.9600158E-01 
 0.1641667      0.1246180     
 0.1658333      0.1422845     
