# SumMovie FRC for input stack : stack11.mrc
# Number of micrographs: 1
# Number of frames per movie: 50
# Pixel size (A): 3.0000
# 1/(A)          FRC
# -----------------------
# 
# Micrograph 1 of 1. Score: .571
 0.8333334E-03  0.9999998     
 0.2500000E-02  0.8501389     
 0.4166666E-02  0.8702307     
 0.5833333E-02  0.8519313     
 0.7499999E-02  0.8573536     
 0.9166666E-02  0.7366705     
 0.1083333E-01  0.6258890     
 0.1250000E-01  0.8520288     
 0.1416667E-01  0.9140017     
 0.1583333E-01  0.9438049     
 0.1750000E-01  0.9069995     
 0.1916667E-01  0.6584842     
 0.2083333E-01  0.7390029     
 0.2250000E-01  0.8749207     
 0.2416667E-01  0.9214785     
 0.2583333E-01  0.8921021     
 0.2750000E-01  0.7413920     
 0.2916667E-01  0.6402827     
 0.3083333E-01  0.7096106     
 0.3250000E-01  0.7703299     
 0.3416666E-01  0.7188441     
 0.3583334E-01  0.5880602     
 0.3750000E-01  0.5215907     
 0.3916667E-01  0.4972003     
 0.4083334E-01  0.5154202     
 0.4250000E-01  0.4003511     
 0.4416666E-01  0.3357145     
 0.4583333E-01  0.2886975     
 0.4750000E-01  0.2200038     
 0.4916666E-01  0.1076049     
 0.5083333E-01  0.7613257E-01 
 0.5250000E-01  0.1367607     
 0.5416667E-01  0.1378826     
 0.5583333E-01  0.2217260     
 0.5750000E-01  0.2950303     
 0.5916666E-01  0.3573523     
 0.6083334E-01  0.3537986     
 0.6250000E-01  0.3976444     
 0.6416667E-01  0.3874214     
 0.6583333E-01  0.3074807     
 0.6750000E-01  0.2967237     
 0.6916667E-01  0.1891948     
 0.7083333E-01  0.1113870     
 0.7250000E-01  0.8576912E-01 
 0.7416667E-01  0.1095922     
 0.7583334E-01  0.1956776     
 0.7749999E-01  0.2643213     
 0.7916667E-01  0.3095101     
 0.8083334E-01  0.3488645     
 0.8250000E-01  0.3173790     
 0.8416667E-01  0.2918637     
 0.8583333E-01  0.2042477     
 0.8750000E-01  0.9495813E-01 
 0.8916666E-01  0.7698652E-01 
 0.9083333E-01  0.1292173     
 0.9250000E-01  0.2211590     
 0.9416667E-01  0.2833865     
 0.9583333E-01  0.3025621     
 0.9750000E-01  0.2534425     
 0.9916665E-01  0.2338586     
 0.1008333      0.1129890     
 0.1025000      0.8177403E-01 
 0.1041667      0.1394115     
 0.1058333      0.2172044     
 0.1075000      0.2175231     
 0.1091667      0.2478243     
 0.1108333      0.2089419     
 0.1125000      0.1531980     
 0.1141667      0.9930206E-01 
 0.1158333      0.9333816E-01 
 0.1175000      0.1645219     
 0.1191667      0.1927990     
 0.1208333      0.1639752     
 0.1225000      0.1470505     
 0.1241667      0.9155376E-01 
 0.1258333      0.1005473     
 0.1275000      0.1102249     
 0.1291667      0.1656680     
 0.1308333      0.1644267     
 0.1325000      0.1836203     
 0.1341667      0.1096246     
 0.1358333      0.6946837E-01 
 0.1375000      0.1304165     
 0.1391667      0.1159910     
 0.1408333      0.1529638     
 0.1425000      0.1156613     
 0.1441667      0.1124814     
 0.1458333      0.1003940     
 0.1475000      0.9838377E-01 
 0.1491667      0.1203689     
 0.1508333      0.1467169     
 0.1525000      0.1084769     
 0.1541667      0.9771730E-01 
 0.1558333      0.1101100     
 0.1575000      0.1439136     
 0.1591667      0.1058794     
 0.1608333      0.1149868     
 0.1625000      0.9382439E-01 
 0.1641667      0.1240717     
 0.1658333      0.1406832     
