# SumMovie FRC for input stack : stack16.mrc
# Number of micrographs: 1
# Number of frames per movie: 50
# Pixel size (A): 3.0000
# 1/(A)          FRC
# -----------------------
# 
# Micrograph 1 of 1. Score: .539
 0.8333334E-03  0.9999994     
 0.2500000E-02  0.9671969     
 0.4166666E-02  0.9454259     
 0.5833333E-02  0.9119883     
 0.7499999E-02  0.8964976     
 0.9166666E-02  0.8416497     
 0.1083333E-01  0.7764795     
 0.1250000E-01  0.8837657     
 0.1416667E-01  0.9354886     
 0.1583333E-01  0.9656717     
 0.1750000E-01  0.9459302     
 0.1916667E-01  0.7766334     
 0.2083333E-01  0.8032612     
 0.2250000E-01  0.9022451     
 0.2416667E-01  0.9430649     
 0.2583333E-01  0.9339581     
 0.2750000E-01  0.8305362     
 0.2916667E-01  0.7046706     
 0.3083333E-01  0.7533379     
 0.3250000E-01  0.7967063     
 0.3416666E-01  0.7327232     
 0.3583334E-01  0.6063425     
 0.3750000E-01  0.4400955     
 0.3916667E-01  0.3797437     
 0.4083334E-01  0.2929057     
 0.4250000E-01  0.1238123     
 0.4416666E-01  0.1226501     
 0.4583333E-01  0.8634035E-01 
 0.4750000E-01  0.1489581     
 0.4916666E-01  0.2699675     
 0.5083333E-01  0.3442249     
 0.5250000E-01  0.3904368     
 0.5416667E-01  0.3811477     
 0.5583333E-01  0.4240206     
 0.5750000E-01  0.3612150     
 0.5916666E-01  0.2796038     
 0.6083334E-01  0.1844762     
 0.6250000E-01  0.8382060E-01 
 0.6416667E-01  0.1072498     
 0.6583333E-01  0.1403838     
 0.6750000E-01  0.2107914     
 0.6916667E-01  0.3141708     
 0.7083333E-01  0.4074388     
 0.7250000E-01  0.3708204     
 0.7416667E-01  0.3060568     
 0.7583334E-01  0.1828557     
 0.7749999E-01  0.1196732     
 0.7916667E-01  0.9662613E-01 
 0.8083334E-01  0.2517911     
 0.8250000E-01  0.2763960     
 0.8416667E-01  0.3626883     
 0.8583333E-01  0.3012052     
 0.8750000E-01  0.1902767     
 0.8916666E-01  0.1185603     
 0.9083333E-01  0.7991660E-01 
 0.9250000E-01  0.1894279     
 0.9416667E-01  0.2610446     
 0.9583333E-01  0.2802182     
 0.9750000E-01  0.2152911     
 0.9916665E-01  0.1016639     
 0.1008333      0.6465812E-01 
 0.1025000      0.1238083     
 0.1041667      0.1920056     
 0.1058333      0.2441473     
 0.1075000      0.1842433     
 0.1091667      0.1125549     
 0.1108333      0.5960055E-01 
 0.1125000      0.1431874     
 0.1141667      0.1997856     
 0.1158333      0.1918903     
 0.1175000      0.1152364     
 0.1191667      0.5006091E-01 
 0.1208333      0.9504283E-01 
 0.1225000      0.1613393     
 0.1241667      0.1747638     
 0.1258333      0.1084912     
 0.1275000      0.6870206E-01 
 0.1291667      0.9136584E-01 
 0.1308333      0.1203803     
 0.1325000      0.1351332     
 0.1341667      0.7575300E-01 
 0.1358333      0.4873660E-01 
 0.1375000      0.1133000     
 0.1391667      0.1381546     
 0.1408333      0.9495801E-01 
 0.1425000      0.7728013E-01 
 0.1441667      0.7891402E-01 
 0.1458333      0.1155301     
 0.1475000      0.9813295E-01 
 0.1491667      0.6542231E-01 
 0.1508333      0.6902555E-01 
 0.1525000      0.9992855E-01 
 0.1541667      0.8540190E-01 
 0.1558333      0.7580147E-01 
 0.1575000      0.5056820E-01 
 0.1591667      0.8699354E-01 
 0.1608333      0.9334959E-01 
 0.1625000      0.4802166E-01 
 0.1641667      0.6367060E-01 
 0.1658333      0.1351215     
