# SumMovie FRC for input stack : stack16.mrc
# Number of micrographs: 1
# Number of frames per movie: 50
# Pixel size (A): 3.0000
# 1/(A)          FRC
# -----------------------
# 
# Micrograph 1 of 1. Score: .529
 0.8333334E-03  0.9999994     
 0.2500000E-02  0.9670090     
 0.4166666E-02  0.9459263     
 0.5833333E-02  0.9109940     
 0.7499999E-02  0.8943241     
 0.9166666E-02  0.8411951     
 0.1083333E-01  0.7717255     
 0.1250000E-01  0.8786634     
 0.1416667E-01  0.9333820     
 0.1583333E-01  0.9638120     
 0.1750000E-01  0.9436901     
 0.1916667E-01  0.7651144     
 0.2083333E-01  0.8002871     
 0.2250000E-01  0.8932001     
 0.2416667E-01  0.9346817     
 0.2583333E-01  0.9257033     
 0.2750000E-01  0.8150454     
 0.2916667E-01  0.6808531     
 0.3083333E-01  0.7326626     
 0.3250000E-01  0.7781586     
 0.3416666E-01  0.6994063     
 0.3583334E-01  0.5609305     
 0.3750000E-01  0.4265674     
 0.3916667E-01  0.3590418     
 0.4083334E-01  0.2961713     
 0.4250000E-01  0.1137747     
 0.4416666E-01  0.1226729     
 0.4583333E-01  0.1051624     
 0.4750000E-01  0.1362939     
 0.4916666E-01  0.2714285     
 0.5083333E-01  0.3325401     
 0.5250000E-01  0.3615682     
 0.5416667E-01  0.3596122     
 0.5583333E-01  0.4075769     
 0.5750000E-01  0.3470793     
 0.5916666E-01  0.2647145     
 0.6083334E-01  0.1775764     
 0.6250000E-01  0.9111228E-01 
 0.6416667E-01  0.1117515     
 0.6583333E-01  0.1424226     
 0.6750000E-01  0.1939479     
 0.6916667E-01  0.3020164     
 0.7083333E-01  0.3937805     
 0.7250000E-01  0.3351229     
 0.7416667E-01  0.2726332     
 0.7583334E-01  0.1651763     
 0.7749999E-01  0.1119690     
 0.7916667E-01  0.9331037E-01 
 0.8083334E-01  0.2469601     
 0.8250000E-01  0.2517200     
 0.8416667E-01  0.3295364     
 0.8583333E-01  0.2814508     
 0.8750000E-01  0.1852100     
 0.8916666E-01  0.1166742     
 0.9083333E-01  0.9731082E-01 
 0.9250000E-01  0.1822504     
 0.9416667E-01  0.2419606     
 0.9583333E-01  0.2592299     
 0.9750000E-01  0.2086815     
 0.9916665E-01  0.1244793     
 0.1008333      0.1015328     
 0.1025000      0.1334973     
 0.1041667      0.1903322     
 0.1058333      0.2304575     
 0.1075000      0.1878259     
 0.1091667      0.1303641     
 0.1108333      0.6706735E-01 
 0.1125000      0.1525844     
 0.1141667      0.1815913     
 0.1158333      0.1720005     
 0.1175000      0.1319713     
 0.1191667      0.9128974E-01 
 0.1208333      0.1130177     
 0.1225000      0.1488452     
 0.1241667      0.1683360     
 0.1258333      0.1287954     
 0.1275000      0.8735030E-01 
 0.1291667      0.1038234     
 0.1308333      0.1394316     
 0.1325000      0.1347974     
 0.1341667      0.1067126     
 0.1358333      0.6062609E-01 
 0.1375000      0.1168711     
 0.1391667      0.1335028     
 0.1408333      0.1308482     
 0.1425000      0.8653171E-01 
 0.1441667      0.1133516     
 0.1458333      0.1186221     
 0.1475000      0.1130693     
 0.1491667      0.1154916     
 0.1508333      0.9912067E-01 
 0.1525000      0.1180296     
 0.1541667      0.1096736     
 0.1558333      0.8730949E-01 
 0.1575000      0.8882569E-01 
 0.1591667      0.1076604     
 0.1608333      0.1104413     
 0.1625000      0.6831972E-01 
 0.1641667      0.8914746E-01 
 0.1658333      0.1366313     
