# SumMovie FRC for input stack : stack1.mrc
# Number of micrographs: 1
# Number of frames per movie: 50
# Pixel size (A): 3.0000
# 1/(A)          FRC
# -----------------------
# 
# Micrograph 1 of 1. Score: .531
 0.8333334E-03  0.9999990     
 0.2500000E-02  0.9744587     
 0.4166666E-02  0.9567887     
 0.5833333E-02  0.9214129     
 0.7499999E-02  0.9030718     
 0.9166666E-02  0.7482418     
 0.1083333E-01  0.7177739     
 0.1250000E-01  0.8485516     
 0.1416667E-01  0.9161213     
 0.1583333E-01  0.9187394     
 0.1750000E-01  0.8695645     
 0.1916667E-01  0.6655450     
 0.2083333E-01  0.7536811     
 0.2250000E-01  0.8628791     
 0.2416667E-01  0.8983523     
 0.2583333E-01  0.8650171     
 0.2750000E-01  0.7299210     
 0.2916667E-01  0.6212019     
 0.3083333E-01  0.6965133     
 0.3250000E-01  0.7225721     
 0.3416666E-01  0.6690872     
 0.3583334E-01  0.5290010     
 0.3750000E-01  0.4606609     
 0.3916667E-01  0.4358558     
 0.4083334E-01  0.4404731     
 0.4250000E-01  0.3742917     
 0.4416666E-01  0.2314285     
 0.4583333E-01  0.1344528     
 0.4750000E-01  0.1780198     
 0.4916666E-01  0.8810800E-01 
 0.5083333E-01  0.6901506E-01 
 0.5250000E-01  0.7339856E-01 
 0.5416667E-01  0.1016703     
 0.5583333E-01  0.1826902     
 0.5750000E-01  0.2185633     
 0.5916666E-01  0.3133699     
 0.6083334E-01  0.3192629     
 0.6250000E-01  0.2943383     
 0.6416667E-01  0.2526527     
 0.6583333E-01  0.2463318     
 0.6750000E-01  0.1465646     
 0.6916667E-01  0.1094921     
 0.7083333E-01  0.8212324E-01 
 0.7250000E-01  0.5630017E-01 
 0.7416667E-01  0.8103806E-01 
 0.7583334E-01  0.1424471     
 0.7749999E-01  0.2195808     
 0.7916667E-01  0.2820927     
 0.8083334E-01  0.2650968     
 0.8250000E-01  0.2545761     
 0.8416667E-01  0.1797024     
 0.8583333E-01  0.1042304     
 0.8750000E-01  0.5284297E-01 
 0.8916666E-01  0.4647591E-01 
 0.9083333E-01  0.1074739     
 0.9250000E-01  0.1600844     
 0.9416667E-01  0.2129183     
 0.9583333E-01  0.2247548     
 0.9750000E-01  0.1695934     
 0.9916665E-01  0.1139394     
 0.1008333      0.6635030E-01 
 0.1025000      0.5514333E-01 
 0.1041667      0.7722004E-01 
 0.1058333      0.1410548     
 0.1075000      0.1557267     
 0.1091667      0.1520190     
 0.1108333      0.1018368     
 0.1125000      0.1279894     
 0.1141667      0.5944102E-01 
 0.1158333      0.3686307E-01 
 0.1175000      0.8210211E-01 
 0.1191667      0.1055130     
 0.1208333      0.1039175     
 0.1225000      0.9870184E-01 
 0.1241667      0.5774150E-01 
 0.1258333      0.3572458E-01 
 0.1275000      0.5267517E-01 
 0.1291667      0.8968172E-01 
 0.1308333      0.1060909     
 0.1325000      0.6323803E-01 
 0.1341667      0.4184060E-01 
 0.1358333      0.3344084E-01 
 0.1375000      0.6006681E-01 
 0.1391667      0.7400625E-01 
 0.1408333      0.7265519E-01 
 0.1425000      0.5109904E-01 
 0.1441667      0.1660237E-01 
 0.1458333      0.4426991E-01 
 0.1475000      0.7017905E-01 
 0.1491667      0.5989579E-01 
 0.1508333      0.7191089E-01 
 0.1525000      0.4720974E-01 
 0.1541667      0.3606978E-01 
 0.1558333      0.6458329E-01 
 0.1575000      0.4409986E-01 
 0.1591667      0.1518701E-01 
 0.1608333      0.3808492E-01 
 0.1625000      0.5152022E-01 
 0.1641667      0.5260222E-01 
 0.1658333      0.1587501E-01 
