# SumMovie FRC for input stack : stack11.mrc
# Number of micrographs: 1
# Number of frames per movie: 50
# Pixel size (A): 3.0000
# 1/(A)          FRC
# -----------------------
# 
# Micrograph 1 of 1. Score: .570
 0.8333334E-03  0.9999998     
 0.2500000E-02  0.8500610     
 0.4166666E-02  0.8701482     
 0.5833333E-02  0.8519645     
 0.7499999E-02  0.8572556     
 0.9166666E-02  0.7363950     
 0.1083333E-01  0.6257240     
 0.1250000E-01  0.8516525     
 0.1416667E-01  0.9137516     
 0.1583333E-01  0.9436628     
 0.1750000E-01  0.9066428     
 0.1916667E-01  0.6586431     
 0.2083333E-01  0.7380283     
 0.2250000E-01  0.8743906     
 0.2416667E-01  0.9207222     
 0.2583333E-01  0.8915090     
 0.2750000E-01  0.7397020     
 0.2916667E-01  0.6368939     
 0.3083333E-01  0.7070724     
 0.3250000E-01  0.7683869     
 0.3416666E-01  0.7157348     
 0.3583334E-01  0.5859838     
 0.3750000E-01  0.5183187     
 0.3916667E-01  0.4936669     
 0.4083334E-01  0.5126148     
 0.4250000E-01  0.3977545     
 0.4416666E-01  0.3330475     
 0.4583333E-01  0.2841974     
 0.4750000E-01  0.2197041     
 0.4916666E-01  0.1071949     
 0.5083333E-01  0.7561968E-01 
 0.5250000E-01  0.1360462     
 0.5416667E-01  0.1344916     
 0.5583333E-01  0.2211598     
 0.5750000E-01  0.2926796     
 0.5916666E-01  0.3523645     
 0.6083334E-01  0.3508277     
 0.6250000E-01  0.3911316     
 0.6416667E-01  0.3823234     
 0.6583333E-01  0.2994568     
 0.6750000E-01  0.2923589     
 0.6916667E-01  0.1877890     
 0.7083333E-01  0.1108847     
 0.7250000E-01  0.8712735E-01 
 0.7416667E-01  0.1086147     
 0.7583334E-01  0.1926919     
 0.7749999E-01  0.2594908     
 0.7916667E-01  0.3051190     
 0.8083334E-01  0.3421943     
 0.8250000E-01  0.3116854     
 0.8416667E-01  0.2863143     
 0.8583333E-01  0.1998868     
 0.8750000E-01  0.9167170E-01 
 0.8916666E-01  0.7711258E-01 
 0.9083333E-01  0.1284147     
 0.9250000E-01  0.2152137     
 0.9416667E-01  0.2770292     
 0.9583333E-01  0.3008341     
 0.9750000E-01  0.2490756     
 0.9916665E-01  0.2293944     
 0.1008333      0.1131492     
 0.1025000      0.8461176E-01 
 0.1041667      0.1421506     
 0.1058333      0.2153466     
 0.1075000      0.2096370     
 0.1091667      0.2455847     
 0.1108333      0.2075972     
 0.1125000      0.1529149     
 0.1141667      0.1014877     
 0.1158333      0.9252293E-01 
 0.1175000      0.1632613     
 0.1191667      0.1919079     
 0.1208333      0.1651121     
 0.1225000      0.1456312     
 0.1241667      0.9288979E-01 
 0.1258333      0.1042366     
 0.1275000      0.1129717     
 0.1291667      0.1649943     
 0.1308333      0.1585218     
 0.1325000      0.1845492     
 0.1341667      0.1109999     
 0.1358333      0.7127311E-01 
 0.1375000      0.1316310     
 0.1391667      0.1142444     
 0.1408333      0.1490019     
 0.1425000      0.1143871     
 0.1441667      0.1166593     
 0.1458333      0.1030333     
 0.1475000      0.1033957     
 0.1491667      0.1170579     
 0.1508333      0.1501886     
 0.1525000      0.1071160     
 0.1541667      0.9652153E-01 
 0.1558333      0.1149250     
 0.1575000      0.1460800     
 0.1591667      0.1073327     
 0.1608333      0.1200249     
 0.1625000      0.9881727E-01 
 0.1641667      0.1244676     
 0.1658333      0.1452599     
