# SumMovie FRC for input stack : stack1.mrc
# Number of micrographs: 1
# Number of frames per movie: 50
# Pixel size (A): 3.0000
# 1/(A)          FRC
# -----------------------
# 
# Micrograph 1 of 1. Score: .540
 0.8333334E-03  0.9999991     
 0.2500000E-02  0.9743661     
 0.4166666E-02  0.9567704     
 0.5833333E-02  0.9213772     
 0.7499999E-02  0.9029964     
 0.9166666E-02  0.7488425     
 0.1083333E-01  0.7203976     
 0.1250000E-01  0.8505891     
 0.1416667E-01  0.9174868     
 0.1583333E-01  0.9195406     
 0.1750000E-01  0.8715066     
 0.1916667E-01  0.6691327     
 0.2083333E-01  0.7597383     
 0.2250000E-01  0.8671324     
 0.2416667E-01  0.9017127     
 0.2583333E-01  0.8708165     
 0.2750000E-01  0.7395045     
 0.2916667E-01  0.6375280     
 0.3083333E-01  0.7056978     
 0.3250000E-01  0.7334723     
 0.3416666E-01  0.6769528     
 0.3583334E-01  0.5426643     
 0.3750000E-01  0.4797526     
 0.3916667E-01  0.4476581     
 0.4083334E-01  0.4494448     
 0.4250000E-01  0.3885584     
 0.4416666E-01  0.2542915     
 0.4583333E-01  0.1612099     
 0.4750000E-01  0.1742173     
 0.4916666E-01  0.8922251E-01 
 0.5083333E-01  0.5583440E-01 
 0.5250000E-01  0.7822492E-01 
 0.5416667E-01  0.1108111     
 0.5583333E-01  0.1880378     
 0.5750000E-01  0.2514772     
 0.5916666E-01  0.3285848     
 0.6083334E-01  0.3391683     
 0.6250000E-01  0.3251295     
 0.6416667E-01  0.2938557     
 0.6583333E-01  0.2757422     
 0.6750000E-01  0.1601684     
 0.6916667E-01  0.1263986     
 0.7083333E-01  0.8192886E-01 
 0.7250000E-01  0.6876855E-01 
 0.7416667E-01  0.1033920     
 0.7583334E-01  0.1596461     
 0.7749999E-01  0.2521293     
 0.7916667E-01  0.2874636     
 0.8083334E-01  0.2857644     
 0.8250000E-01  0.2911109     
 0.8416667E-01  0.2262266     
 0.8583333E-01  0.1207966     
 0.8750000E-01  0.5620263E-01 
 0.8916666E-01  0.3952853E-01 
 0.9083333E-01  0.1311160     
 0.9250000E-01  0.1863738     
 0.9416667E-01  0.2385081     
 0.9583333E-01  0.2480874     
 0.9750000E-01  0.1992442     
 0.9916665E-01  0.1091534     
 0.1008333      0.7340918E-01 
 0.1025000      0.4881452E-01 
 0.1041667      0.1274590     
 0.1058333      0.1623452     
 0.1075000      0.1641485     
 0.1091667      0.1731661     
 0.1108333      0.1296365     
 0.1125000      0.1187024     
 0.1141667      0.3746435E-01 
 0.1158333      0.7043956E-01 
 0.1175000      0.1117832     
 0.1191667      0.1130014     
 0.1208333      0.1113598     
 0.1225000      0.1011217     
 0.1241667      0.4138314E-01 
 0.1258333      0.4470237E-01 
 0.1275000      0.6567533E-01 
 0.1291667      0.1224926     
 0.1308333      0.1171179     
 0.1325000      0.7296460E-01 
 0.1341667      0.4486062E-01 
 0.1358333      0.3173070E-01 
 0.1375000      0.9956647E-01 
 0.1391667      0.7600225E-01 
 0.1408333      0.1038494     
 0.1425000      0.6585220E-01 
 0.1441667      0.3773624E-01 
 0.1458333      0.4359334E-01 
 0.1475000      0.7255761E-01 
 0.1491667      0.6775561E-01 
 0.1508333      0.6550102E-01 
 0.1525000      0.3227298E-01 
 0.1541667      0.5837796E-01 
 0.1558333      0.7292660E-01 
 0.1575000      0.3453719E-01 
 0.1591667      0.1844540E-01 
 0.1608333      0.4995771E-01 
 0.1625000      0.5321735E-01 
 0.1641667      0.4595315E-01 
 0.1658333      0.3051025E-01 
