# SumMovie FRC for input stack : stack1.mrc
# Number of micrographs: 1
# Number of frames per movie: 50
# Pixel size (A): 3.0000
# 1/(A)          FRC
# -----------------------
# 
# Micrograph 1 of 1. Score: .546
 0.8333334E-03  0.9999993     
 0.2500000E-02  0.9744558     
 0.4166666E-02  0.9570131     
 0.5833333E-02  0.9206632     
 0.7499999E-02  0.9048766     
 0.9166666E-02  0.7496805     
 0.1083333E-01  0.7273912     
 0.1250000E-01  0.8559327     
 0.1416667E-01  0.9223144     
 0.1583333E-01  0.9261721     
 0.1750000E-01  0.8739735     
 0.1916667E-01  0.6745659     
 0.2083333E-01  0.7638996     
 0.2250000E-01  0.8705268     
 0.2416667E-01  0.9033183     
 0.2583333E-01  0.8719138     
 0.2750000E-01  0.7476534     
 0.2916667E-01  0.6439812     
 0.3083333E-01  0.7088989     
 0.3250000E-01  0.7379108     
 0.3416666E-01  0.6842603     
 0.3583334E-01  0.5453559     
 0.3750000E-01  0.4830033     
 0.3916667E-01  0.4607655     
 0.4083334E-01  0.4488111     
 0.4250000E-01  0.3998778     
 0.4416666E-01  0.2587212     
 0.4583333E-01  0.1697404     
 0.4750000E-01  0.1882191     
 0.4916666E-01  0.9601771E-01 
 0.5083333E-01  0.6296631E-01 
 0.5250000E-01  0.6833325E-01 
 0.5416667E-01  0.1267546     
 0.5583333E-01  0.1859172     
 0.5750000E-01  0.2527123     
 0.5916666E-01  0.3157885     
 0.6083334E-01  0.3428730     
 0.6250000E-01  0.3282444     
 0.6416667E-01  0.2998209     
 0.6583333E-01  0.2720105     
 0.6750000E-01  0.1611869     
 0.6916667E-01  0.1345899     
 0.7083333E-01  0.8679540E-01 
 0.7250000E-01  0.6974256E-01 
 0.7416667E-01  0.1072430     
 0.7583334E-01  0.1670297     
 0.7749999E-01  0.2466757     
 0.7916667E-01  0.2981993     
 0.8083334E-01  0.2887339     
 0.8250000E-01  0.2846516     
 0.8416667E-01  0.2266046     
 0.8583333E-01  0.1237593     
 0.8750000E-01  0.6137205E-01 
 0.8916666E-01  0.3237150E-01 
 0.9083333E-01  0.1311880     
 0.9250000E-01  0.1963018     
 0.9416667E-01  0.2369646     
 0.9583333E-01  0.2494721     
 0.9750000E-01  0.1961348     
 0.9916665E-01  0.1097085     
 0.1008333      0.6791802E-01 
 0.1025000      0.4533000E-01 
 0.1041667      0.1203451     
 0.1058333      0.1540755     
 0.1075000      0.1595366     
 0.1091667      0.1749997     
 0.1108333      0.1312810     
 0.1125000      0.1243558     
 0.1141667      0.3908598E-01 
 0.1158333      0.6473043E-01 
 0.1175000      0.1086541     
 0.1191667      0.1108204     
 0.1208333      0.1140131     
 0.1225000      0.9908614E-01 
 0.1241667      0.4683204E-01 
 0.1258333      0.3999954E-01 
 0.1275000      0.5839868E-01 
 0.1291667      0.1144219     
 0.1308333      0.1207907     
 0.1325000      0.6849623E-01 
 0.1341667      0.4801552E-01 
 0.1358333      0.2695647E-01 
 0.1375000      0.1033140     
 0.1391667      0.6592096E-01 
 0.1408333      0.1083013     
 0.1425000      0.6454226E-01 
 0.1441667      0.3488488E-01 
 0.1458333      0.3086362E-01 
 0.1475000      0.7430602E-01 
 0.1491667      0.5799074E-01 
 0.1508333      0.6474686E-01 
 0.1525000      0.2668758E-01 
 0.1541667      0.5712452E-01 
 0.1558333      0.8395770E-01 
 0.1575000      0.4474678E-01 
 0.1591667      0.2142410E-01 
 0.1608333      0.3569949E-01 
 0.1625000      0.4917165E-01 
 0.1641667      0.3610077E-01 
 0.1658333      0.2941001E-01 
