# SumMovie FRC for input stack : stack16.mrc
# Number of micrographs: 1
# Number of frames per movie: 50
# Pixel size (A): 3.0000
# 1/(A)          FRC
# -----------------------
# 
# Micrograph 1 of 1. Score: .530
 0.8333334E-03  0.9999994     
 0.2500000E-02  0.9670515     
 0.4166666E-02  0.9459183     
 0.5833333E-02  0.9111698     
 0.7499999E-02  0.8944793     
 0.9166666E-02  0.8415319     
 0.1083333E-01  0.7724116     
 0.1250000E-01  0.8791261     
 0.1416667E-01  0.9336032     
 0.1583333E-01  0.9641836     
 0.1750000E-01  0.9441234     
 0.1916667E-01  0.7665505     
 0.2083333E-01  0.8014696     
 0.2250000E-01  0.8947978     
 0.2416667E-01  0.9357679     
 0.2583333E-01  0.9270225     
 0.2750000E-01  0.8181091     
 0.2916667E-01  0.6848463     
 0.3083333E-01  0.7351449     
 0.3250000E-01  0.7819214     
 0.3416666E-01  0.7038760     
 0.3583334E-01  0.5688224     
 0.3750000E-01  0.4285888     
 0.3916667E-01  0.3609413     
 0.4083334E-01  0.2967767     
 0.4250000E-01  0.1131696     
 0.4416666E-01  0.1233783     
 0.4583333E-01  0.1032162     
 0.4750000E-01  0.1356879     
 0.4916666E-01  0.2731286     
 0.5083333E-01  0.3369814     
 0.5250000E-01  0.3670338     
 0.5416667E-01  0.3645428     
 0.5583333E-01  0.4127522     
 0.5750000E-01  0.3522832     
 0.5916666E-01  0.2674586     
 0.6083334E-01  0.1818866     
 0.6250000E-01  0.9008712E-01 
 0.6416667E-01  0.1099595     
 0.6583333E-01  0.1444262     
 0.6750000E-01  0.2013476     
 0.6916667E-01  0.3070813     
 0.7083333E-01  0.3997690     
 0.7250000E-01  0.3405180     
 0.7416667E-01  0.2780741     
 0.7583334E-01  0.1692226     
 0.7749999E-01  0.1077661     
 0.7916667E-01  0.9202172E-01 
 0.8083334E-01  0.2489859     
 0.8250000E-01  0.2594382     
 0.8416667E-01  0.3371574     
 0.8583333E-01  0.2858656     
 0.8750000E-01  0.1869498     
 0.8916666E-01  0.1144507     
 0.9083333E-01  0.9199709E-01 
 0.9250000E-01  0.1812337     
 0.9416667E-01  0.2467499     
 0.9583333E-01  0.2664624     
 0.9750000E-01  0.2146976     
 0.9916665E-01  0.1172038     
 0.1008333      0.9358550E-01 
 0.1025000      0.1311897     
 0.1041667      0.1888389     
 0.1058333      0.2348556     
 0.1075000      0.1906838     
 0.1091667      0.1287863     
 0.1108333      0.6203556E-01 
 0.1125000      0.1515421     
 0.1141667      0.1798214     
 0.1158333      0.1760971     
 0.1175000      0.1248016     
 0.1191667      0.8830972E-01 
 0.1208333      0.1053662     
 0.1225000      0.1473060     
 0.1241667      0.1673882     
 0.1258333      0.1221435     
 0.1275000      0.8202552E-01 
 0.1291667      0.9366389E-01 
 0.1308333      0.1387205     
 0.1325000      0.1340107     
 0.1341667      0.1026391     
 0.1358333      0.5452058E-01 
 0.1375000      0.1052319     
 0.1391667      0.1311096     
 0.1408333      0.1261248     
 0.1425000      0.8019116E-01 
 0.1441667      0.1056684     
 0.1458333      0.1164111     
 0.1475000      0.1111603     
 0.1491667      0.1009359     
 0.1508333      0.9737916E-01 
 0.1525000      0.1097008     
 0.1541667      0.1013050     
 0.1558333      0.7962860E-01 
 0.1575000      0.7853836E-01 
 0.1591667      0.1059145     
 0.1608333      0.1061981     
 0.1625000      0.6800291E-01 
 0.1641667      0.7921800E-01 
 0.1658333      0.1390310     
