# SumMovie FRC for input stack : stack1.mrc
# Number of micrographs: 1
# Number of frames per movie: 50
# Pixel size (A): 3.0000
# 1/(A)          FRC
# -----------------------
# 
# Micrograph 1 of 1. Score: .535
 0.8333334E-03  0.9999990     
 0.2500000E-02  0.9744287     
 0.4166666E-02  0.9567632     
 0.5833333E-02  0.9213954     
 0.7499999E-02  0.9031055     
 0.9166666E-02  0.7487280     
 0.1083333E-01  0.7186735     
 0.1250000E-01  0.8496159     
 0.1416667E-01  0.9167534     
 0.1583333E-01  0.9192712     
 0.1750000E-01  0.8706735     
 0.1916667E-01  0.6680222     
 0.2083333E-01  0.7560167     
 0.2250000E-01  0.8648626     
 0.2416667E-01  0.9001642     
 0.2583333E-01  0.8676733     
 0.2750000E-01  0.7348673     
 0.2916667E-01  0.6292200     
 0.3083333E-01  0.7011262     
 0.3250000E-01  0.7291259     
 0.3416666E-01  0.6745919     
 0.3583334E-01  0.5347673     
 0.3750000E-01  0.4679846     
 0.3916667E-01  0.4420149     
 0.4083334E-01  0.4465647     
 0.4250000E-01  0.3805259     
 0.4416666E-01  0.2382376     
 0.4583333E-01  0.1427059     
 0.4750000E-01  0.1735307     
 0.4916666E-01  0.8870351E-01 
 0.5083333E-01  0.6270262E-01 
 0.5250000E-01  0.7393809E-01 
 0.5416667E-01  0.1035867     
 0.5583333E-01  0.1851680     
 0.5750000E-01  0.2293368     
 0.5916666E-01  0.3230257     
 0.6083334E-01  0.3268006     
 0.6250000E-01  0.3099727     
 0.6416667E-01  0.2702887     
 0.6583333E-01  0.2576924     
 0.6750000E-01  0.1542841     
 0.6916667E-01  0.1119930     
 0.7083333E-01  0.7962143E-01 
 0.7250000E-01  0.5903999E-01 
 0.7416667E-01  0.9182554E-01 
 0.7583334E-01  0.1479257     
 0.7749999E-01  0.2385143     
 0.7916667E-01  0.2905911     
 0.8083334E-01  0.2778935     
 0.8250000E-01  0.2743555     
 0.8416667E-01  0.2037923     
 0.8583333E-01  0.1111196     
 0.8750000E-01  0.4722610E-01 
 0.8916666E-01  0.4574499E-01 
 0.9083333E-01  0.1202303     
 0.9250000E-01  0.1727100     
 0.9416667E-01  0.2226962     
 0.9583333E-01  0.2330936     
 0.9750000E-01  0.1844325     
 0.9916665E-01  0.1172647     
 0.1008333      0.6461220E-01 
 0.1025000      0.5828901E-01 
 0.1041667      0.9887829E-01 
 0.1058333      0.1459206     
 0.1075000      0.1546592     
 0.1091667      0.1604536     
 0.1108333      0.1058368     
 0.1125000      0.1237689     
 0.1141667      0.4748927E-01 
 0.1158333      0.4144851E-01 
 0.1175000      0.8927361E-01 
 0.1191667      0.1097948     
 0.1208333      0.1046616     
 0.1225000      0.9956104E-01 
 0.1241667      0.4401185E-01 
 0.1258333      0.3675782E-01 
 0.1275000      0.5298970E-01 
 0.1291667      0.1000208     
 0.1308333      0.1175467     
 0.1325000      0.6122148E-01 
 0.1341667      0.4484516E-01 
 0.1358333      0.3491399E-01 
 0.1375000      0.7674968E-01 
 0.1391667      0.6685325E-01 
 0.1408333      0.7796010E-01 
 0.1425000      0.6308001E-01 
 0.1441667      0.2193930E-01 
 0.1458333      0.4630538E-01 
 0.1475000      0.7838886E-01 
 0.1491667      0.6975944E-01 
 0.1508333      0.6342866E-01 
 0.1525000      0.4921091E-01 
 0.1541667      0.4668156E-01 
 0.1558333      0.6437443E-01 
 0.1575000      0.3758389E-01 
 0.1591667      0.2670109E-01 
 0.1608333      0.3748988E-01 
 0.1625000      0.5498710E-01 
 0.1641667      0.4708219E-01 
 0.1658333      0.2543950E-01 
