# SumMovie FRC for input stack : stack1.mrc
# Number of micrographs: 1
# Number of frames per movie: 50
# Pixel size (A): 3.0000
# 1/(A)          FRC
# -----------------------
# 
# Micrograph 1 of 1. Score: .503
 0.8333334E-03  0.9999990     
 0.2500000E-02  0.9744925     
 0.4166666E-02  0.9566916     
 0.5833333E-02  0.9213439     
 0.7499999E-02  0.9022345     
 0.9166666E-02  0.7417164     
 0.1083333E-01  0.7097962     
 0.1250000E-01  0.8384176     
 0.1416667E-01  0.9087314     
 0.1583333E-01  0.9127171     
 0.1750000E-01  0.8566332     
 0.1916667E-01  0.6382369     
 0.2083333E-01  0.7303873     
 0.2250000E-01  0.8442935     
 0.2416667E-01  0.8819414     
 0.2583333E-01  0.8397303     
 0.2750000E-01  0.6879358     
 0.2916667E-01  0.5557781     
 0.3083333E-01  0.6528633     
 0.3250000E-01  0.6581580     
 0.3416666E-01  0.6012918     
 0.3583334E-01  0.4826544     
 0.3750000E-01  0.4265160     
 0.3916667E-01  0.3767060     
 0.4083334E-01  0.3739626     
 0.4250000E-01  0.3360304     
 0.4416666E-01  0.2143541     
 0.4583333E-01  0.1408506     
 0.4750000E-01  0.1878595     
 0.4916666E-01  0.1113863     
 0.5083333E-01  0.9659041E-01 
 0.5250000E-01  0.1020572     
 0.5416667E-01  0.1144003     
 0.5583333E-01  0.1693891     
 0.5750000E-01  0.2193365     
 0.5916666E-01  0.2447288     
 0.6083334E-01  0.2808906     
 0.6250000E-01  0.2388519     
 0.6416667E-01  0.2363600     
 0.6583333E-01  0.2244282     
 0.6750000E-01  0.1419980     
 0.6916667E-01  0.1537701     
 0.7083333E-01  0.1241233     
 0.7250000E-01  0.7336475E-01 
 0.7416667E-01  0.9306455E-01 
 0.7583334E-01  0.1421149     
 0.7749999E-01  0.1939374     
 0.7916667E-01  0.2076820     
 0.8083334E-01  0.2087385     
 0.8250000E-01  0.2055093     
 0.8416667E-01  0.1648768     
 0.8583333E-01  0.1061532     
 0.8750000E-01  0.6335191E-01 
 0.8916666E-01  0.2828697E-01 
 0.9083333E-01  0.1036164     
 0.9250000E-01  0.1291523     
 0.9416667E-01  0.1769024     
 0.9583333E-01  0.1841113     
 0.9750000E-01  0.1564941     
 0.9916665E-01  0.9926976E-01 
 0.1008333      0.8873747E-01 
 0.1025000      0.4203972E-01 
 0.1041667      0.1115881     
 0.1058333      0.1531349     
 0.1075000      0.1391339     
 0.1091667      0.1406107     
 0.1108333      0.1088061     
 0.1125000      0.1145742     
 0.1141667      0.7566953E-01 
 0.1158333      0.4882946E-01 
 0.1175000      0.7680307E-01 
 0.1191667      0.1023195     
 0.1208333      0.1042102     
 0.1225000      0.6306002E-01 
 0.1241667      0.8161132E-01 
 0.1258333      0.5434299E-01 
 0.1275000      0.4203156E-01 
 0.1291667      0.1184032     
 0.1308333      0.9723935E-01 
 0.1325000      0.8630656E-01 
 0.1341667      0.3406718E-01 
 0.1358333      0.6331616E-01 
 0.1375000      0.6970277E-01 
 0.1391667      0.7712475E-01 
 0.1408333      0.9562997E-01 
 0.1425000      0.5632548E-01 
 0.1441667      0.4437537E-01 
 0.1458333      0.6918874E-01 
 0.1475000      0.9196994E-01 
 0.1491667      0.5691860E-01 
 0.1508333      0.5491325E-01 
 0.1525000      0.4102985E-01 
 0.1541667      0.4557524E-01 
 0.1558333      0.5001229E-01 
 0.1575000      0.6677842E-01 
 0.1591667      0.3021773E-01 
 0.1608333      0.7077796E-01 
 0.1625000      0.4379726E-01 
 0.1641667      0.6826824E-01 
 0.1658333      0.4722873E-01 
