# SumMovie FRC for input stack : stack16.mrc
# Number of micrographs: 1
# Number of frames per movie: 50
# Pixel size (A): 3.0000
# 1/(A)          FRC
# -----------------------
# 
# Micrograph 1 of 1. Score: .529
 0.8333334E-03  0.9999994     
 0.2500000E-02  0.9670099     
 0.4166666E-02  0.9459246     
 0.5833333E-02  0.9109880     
 0.7499999E-02  0.8943102     
 0.9166666E-02  0.8412613     
 0.1083333E-01  0.7716663     
 0.1250000E-01  0.8786945     
 0.1416667E-01  0.9333839     
 0.1583333E-01  0.9638255     
 0.1750000E-01  0.9436957     
 0.1916667E-01  0.7650366     
 0.2083333E-01  0.8002875     
 0.2250000E-01  0.8931721     
 0.2416667E-01  0.9346727     
 0.2583333E-01  0.9256614     
 0.2750000E-01  0.8150653     
 0.2916667E-01  0.6808408     
 0.3083333E-01  0.7325831     
 0.3250000E-01  0.7782774     
 0.3416666E-01  0.6994501     
 0.3583334E-01  0.5609038     
 0.3750000E-01  0.4266997     
 0.3916667E-01  0.3590899     
 0.4083334E-01  0.2958696     
 0.4250000E-01  0.1138510     
 0.4416666E-01  0.1227830     
 0.4583333E-01  0.1055178     
 0.4750000E-01  0.1362962     
 0.4916666E-01  0.2713864     
 0.5083333E-01  0.3325698     
 0.5250000E-01  0.3610174     
 0.5416667E-01  0.3597665     
 0.5583333E-01  0.4076978     
 0.5750000E-01  0.3471119     
 0.5916666E-01  0.2648406     
 0.6083334E-01  0.1771036     
 0.6250000E-01  0.9104960E-01 
 0.6416667E-01  0.1124665     
 0.6583333E-01  0.1425636     
 0.6750000E-01  0.1938749     
 0.6916667E-01  0.3024206     
 0.7083333E-01  0.3937521     
 0.7250000E-01  0.3352244     
 0.7416667E-01  0.2727435     
 0.7583334E-01  0.1656467     
 0.7749999E-01  0.1119899     
 0.7916667E-01  0.9341722E-01 
 0.8083334E-01  0.2471663     
 0.8250000E-01  0.2516331     
 0.8416667E-01  0.3292659     
 0.8583333E-01  0.2816792     
 0.8750000E-01  0.1848077     
 0.8916666E-01  0.1168105     
 0.9083333E-01  0.9713086E-01 
 0.9250000E-01  0.1823612     
 0.9416667E-01  0.2427386     
 0.9583333E-01  0.2593000     
 0.9750000E-01  0.2086328     
 0.9916665E-01  0.1242650     
 0.1008333      0.1018419     
 0.1025000      0.1339620     
 0.1041667      0.1905078     
 0.1058333      0.2306772     
 0.1075000      0.1878849     
 0.1091667      0.1297349     
 0.1108333      0.6707229E-01 
 0.1125000      0.1526959     
 0.1141667      0.1820221     
 0.1158333      0.1723052     
 0.1175000      0.1320402     
 0.1191667      0.9110454E-01 
 0.1208333      0.1138684     
 0.1225000      0.1492233     
 0.1241667      0.1692992     
 0.1258333      0.1284536     
 0.1275000      0.8808555E-01 
 0.1291667      0.1038684     
 0.1308333      0.1391961     
 0.1325000      0.1346894     
 0.1341667      0.1071252     
 0.1358333      0.6100921E-01 
 0.1375000      0.1177095     
 0.1391667      0.1343516     
 0.1408333      0.1315285     
 0.1425000      0.8744223E-01 
 0.1441667      0.1138430     
 0.1458333      0.1190151     
 0.1475000      0.1139842     
 0.1491667      0.1155785     
 0.1508333      0.9846307E-01 
 0.1525000      0.1185133     
 0.1541667      0.1102052     
 0.1558333      0.8779326E-01 
 0.1575000      0.8951482E-01 
 0.1591667      0.1083589     
 0.1608333      0.1109803     
 0.1625000      0.6957056E-01 
 0.1641667      0.9023503E-01 
 0.1658333      0.1373144     
