# SumMovie FRC for input stack : stack16.mrc
# Number of micrographs: 1
# Number of frames per movie: 50
# Pixel size (A): 3.0000
# 1/(A)          FRC
# -----------------------
# 
# Micrograph 1 of 1. Score: .537
 0.8333334E-03  0.9999994     
 0.2500000E-02  0.9671668     
 0.4166666E-02  0.9457234     
 0.5833333E-02  0.9116670     
 0.7499999E-02  0.8956022     
 0.9166666E-02  0.8420793     
 0.1083333E-01  0.7747505     
 0.1250000E-01  0.8819280     
 0.1416667E-01  0.9347411     
 0.1583333E-01  0.9653865     
 0.1750000E-01  0.9455594     
 0.1916667E-01  0.7731186     
 0.2083333E-01  0.8039795     
 0.2250000E-01  0.9005525     
 0.2416667E-01  0.9401643     
 0.2583333E-01  0.9320418     
 0.2750000E-01  0.8277794     
 0.2916667E-01  0.6979249     
 0.3083333E-01  0.7455282     
 0.3250000E-01  0.7934753     
 0.3416666E-01  0.7228768     
 0.3583334E-01  0.5950327     
 0.3750000E-01  0.4382612     
 0.3916667E-01  0.3707132     
 0.4083334E-01  0.2941523     
 0.4250000E-01  0.1186011     
 0.4416666E-01  0.1289764     
 0.4583333E-01  0.9751704E-01 
 0.4750000E-01  0.1441770     
 0.4916666E-01  0.2684834     
 0.5083333E-01  0.3405733     
 0.5250000E-01  0.3830511     
 0.5416667E-01  0.3683143     
 0.5583333E-01  0.4144095     
 0.5750000E-01  0.3609133     
 0.5916666E-01  0.2760094     
 0.6083334E-01  0.1929473     
 0.6250000E-01  0.8642246E-01 
 0.6416667E-01  0.1033353     
 0.6583333E-01  0.1407039     
 0.6750000E-01  0.2158557     
 0.6916667E-01  0.3172433     
 0.7083333E-01  0.4025469     
 0.7250000E-01  0.3573090     
 0.7416667E-01  0.2811754     
 0.7583334E-01  0.1817082     
 0.7749999E-01  0.1170137     
 0.7916667E-01  0.9571936E-01 
 0.8083334E-01  0.2425085     
 0.8250000E-01  0.2686720     
 0.8416667E-01  0.3576282     
 0.8583333E-01  0.2910543     
 0.8750000E-01  0.1861573     
 0.8916666E-01  0.1138375     
 0.9083333E-01  0.8392484E-01 
 0.9250000E-01  0.1898400     
 0.9416667E-01  0.2521508     
 0.9583333E-01  0.2811012     
 0.9750000E-01  0.2200219     
 0.9916665E-01  0.1075357     
 0.1008333      0.7921885E-01 
 0.1025000      0.1284681     
 0.1041667      0.1838960     
 0.1058333      0.2421709     
 0.1075000      0.1786908     
 0.1091667      0.1162858     
 0.1108333      0.4661909E-01 
 0.1125000      0.1437165     
 0.1141667      0.1838174     
 0.1158333      0.1796339     
 0.1175000      0.1133263     
 0.1191667      0.5953968E-01 
 0.1208333      0.9260325E-01 
 0.1225000      0.1579870     
 0.1241667      0.1690767     
 0.1258333      0.1104016     
 0.1275000      0.7719383E-01 
 0.1291667      0.8935829E-01 
 0.1308333      0.1339286     
 0.1325000      0.1354360     
 0.1341667      0.8655366E-01 
 0.1358333      0.4252956E-01 
 0.1375000      0.1020143     
 0.1391667      0.1399485     
 0.1408333      0.1130405     
 0.1425000      0.6495669E-01 
 0.1441667      0.8794342E-01 
 0.1458333      0.1076856     
 0.1475000      0.1024352     
 0.1491667      0.7316869E-01 
 0.1508333      0.6572520E-01 
 0.1525000      0.1024793     
 0.1541667      0.9511949E-01 
 0.1558333      0.7225568E-01 
 0.1575000      0.5121792E-01 
 0.1591667      0.9006357E-01 
 0.1608333      0.1001365     
 0.1625000      0.4774250E-01 
 0.1641667      0.6258737E-01 
 0.1658333      0.1358234     
