# SumMovie FRC for input stack : stack6.mrc
# Number of micrographs: 1
# Number of frames per movie: 50
# Pixel size (A): 3.0000
# 1/(A)          FRC
# -----------------------
# 
# Micrograph 1 of 1. Score: .577
 0.8333334E-03  0.9999999     
 0.2500000E-02  0.9513803     
 0.4166666E-02  0.9316847     
 0.5833333E-02  0.8462403     
 0.7499999E-02  0.8651756     
 0.9166666E-02  0.6733894     
 0.1083333E-01  0.6550274     
 0.1250000E-01  0.8462209     
 0.1416667E-01  0.8836491     
 0.1583333E-01  0.9315118     
 0.1750000E-01  0.8912740     
 0.1916667E-01  0.6006599     
 0.2083333E-01  0.6620806     
 0.2250000E-01  0.8295020     
 0.2416667E-01  0.8924886     
 0.2583333E-01  0.8451445     
 0.2750000E-01  0.7219009     
 0.2916667E-01  0.6168702     
 0.3083333E-01  0.6773373     
 0.3250000E-01  0.7198220     
 0.3416666E-01  0.6854447     
 0.3583334E-01  0.5780863     
 0.3750000E-01  0.5264561     
 0.3916667E-01  0.5097605     
 0.4083334E-01  0.5435641     
 0.4250000E-01  0.4392816     
 0.4416666E-01  0.3703293     
 0.4583333E-01  0.3419487     
 0.4750000E-01  0.2877068     
 0.4916666E-01  0.2144761     
 0.5083333E-01  0.1183596     
 0.5250000E-01  0.1392610     
 0.5416667E-01  0.8595093E-01 
 0.5583333E-01  0.1251608     
 0.5750000E-01  0.1294638     
 0.5916666E-01  0.2111332     
 0.6083334E-01  0.2722290     
 0.6250000E-01  0.2899014     
 0.6416667E-01  0.3367424     
 0.6583333E-01  0.3349598     
 0.6750000E-01  0.3371779     
 0.6916667E-01  0.3177570     
 0.7083333E-01  0.2729888     
 0.7250000E-01  0.2153998     
 0.7416667E-01  0.1413196     
 0.7583334E-01  0.1004540     
 0.7749999E-01  0.8895855E-01 
 0.7916667E-01  0.9025124E-01 
 0.8083334E-01  0.1731637     
 0.8250000E-01  0.2123438     
 0.8416667E-01  0.2698090     
 0.8583333E-01  0.2856090     
 0.8750000E-01  0.2656377     
 0.8916666E-01  0.2482965     
 0.9083333E-01  0.1361557     
 0.9250000E-01  0.1227382     
 0.9416667E-01  0.7788325E-01 
 0.9583333E-01  0.1214567     
 0.9750000E-01  0.1204310     
 0.9916665E-01  0.1612862     
 0.1008333      0.1929429     
 0.1025000      0.2173453     
 0.1041667      0.1890545     
 0.1058333      0.1452325     
 0.1075000      0.1009059     
 0.1091667      0.5028022E-01 
 0.1108333      0.7717331E-01 
 0.1125000      0.1251283     
 0.1141667      0.1717145     
 0.1158333      0.1928122     
 0.1175000      0.1518688     
 0.1191667      0.1378944     
 0.1208333      0.8417438E-01 
 0.1225000      0.6072380E-01 
 0.1241667      0.7381778E-01 
 0.1258333      0.9154812E-01 
 0.1275000      0.1405334     
 0.1291667      0.1344687     
 0.1308333      0.1256701     
 0.1325000      0.5848757E-01 
 0.1341667      0.4664782E-01 
 0.1358333      0.1024550     
 0.1375000      0.8012147E-01 
 0.1391667      0.8660685E-01 
 0.1408333      0.1113856     
 0.1425000      0.9849945E-01 
 0.1441667      0.7362066E-01 
 0.1458333      0.6739847E-01 
 0.1475000      0.7746796E-01 
 0.1491667      0.1047050     
 0.1508333      0.1163163     
 0.1525000      0.8597206E-01 
 0.1541667      0.5325795E-01 
 0.1558333      0.8093649E-01 
 0.1575000      0.7536093E-01 
 0.1591667      0.9060746E-01 
 0.1608333      0.1001456     
 0.1625000      0.7419692E-01 
 0.1641667      0.7799520E-01 
 0.1658333      0.4796796E-01 
