# SumMovie FRC for input stack : stack6.mrc
# Number of micrographs: 1
# Number of frames per movie: 50
# Pixel size (A): 3.0000
# 1/(A)          FRC
# -----------------------
# 
# Micrograph 1 of 1. Score: .557
 0.8333334E-03  0.9999998     
 0.2500000E-02  0.9512601     
 0.4166666E-02  0.9316085     
 0.5833333E-02  0.8459578     
 0.7499999E-02  0.8637916     
 0.9166666E-02  0.6694852     
 0.1083333E-01  0.6503449     
 0.1250000E-01  0.8443027     
 0.1416667E-01  0.8793805     
 0.1583333E-01  0.9283245     
 0.1750000E-01  0.8873759     
 0.1916667E-01  0.5959438     
 0.2083333E-01  0.6514591     
 0.2250000E-01  0.8176726     
 0.2416667E-01  0.8833731     
 0.2583333E-01  0.8321034     
 0.2750000E-01  0.7061901     
 0.2916667E-01  0.5948608     
 0.3083333E-01  0.6517940     
 0.3250000E-01  0.6940143     
 0.3416666E-01  0.6652645     
 0.3583334E-01  0.5531130     
 0.3750000E-01  0.4933918     
 0.3916667E-01  0.4749099     
 0.4083334E-01  0.4973660     
 0.4250000E-01  0.4136959     
 0.4416666E-01  0.3541634     
 0.4583333E-01  0.3081560     
 0.4750000E-01  0.2708430     
 0.4916666E-01  0.1944385     
 0.5083333E-01  0.1178248     
 0.5250000E-01  0.1503424     
 0.5416667E-01  0.9375429E-01 
 0.5583333E-01  0.1415240     
 0.5750000E-01  0.1268949     
 0.5916666E-01  0.1889178     
 0.6083334E-01  0.2407462     
 0.6250000E-01  0.2746894     
 0.6416667E-01  0.2980748     
 0.6583333E-01  0.2975976     
 0.6750000E-01  0.3092458     
 0.6916667E-01  0.3016708     
 0.7083333E-01  0.2417035     
 0.7250000E-01  0.2035214     
 0.7416667E-01  0.1468608     
 0.7583334E-01  0.1010730     
 0.7749999E-01  0.8190108E-01 
 0.7916667E-01  0.1142898     
 0.8083334E-01  0.1659608     
 0.8250000E-01  0.2014239     
 0.8416667E-01  0.2387789     
 0.8583333E-01  0.2667997     
 0.8750000E-01  0.2401916     
 0.8916666E-01  0.2575481     
 0.9083333E-01  0.1275996     
 0.9250000E-01  0.1377292     
 0.9416667E-01  0.9018856E-01 
 0.9583333E-01  0.1363832     
 0.9750000E-01  0.1394743     
 0.9916665E-01  0.1678476     
 0.1008333      0.1825368     
 0.1025000      0.2043230     
 0.1041667      0.1944371     
 0.1058333      0.1292473     
 0.1075000      0.1204606     
 0.1091667      0.8496130E-01 
 0.1108333      0.9347131E-01 
 0.1125000      0.1378645     
 0.1141667      0.1525535     
 0.1158333      0.2011599     
 0.1175000      0.1702167     
 0.1191667      0.1503523     
 0.1208333      0.1289417     
 0.1225000      0.9332175E-01 
 0.1241667      0.1147055     
 0.1258333      0.1153726     
 0.1275000      0.1712870     
 0.1291667      0.1555335     
 0.1308333      0.1677321     
 0.1325000      0.9442034E-01 
 0.1341667      0.8734169E-01 
 0.1358333      0.1200013     
 0.1375000      0.1154038     
 0.1391667      0.1135117     
 0.1408333      0.1444792     
 0.1425000      0.1080259     
 0.1441667      0.1078702     
 0.1458333      0.9845931E-01 
 0.1475000      0.1340132     
 0.1491667      0.1409435     
 0.1508333      0.1474950     
 0.1525000      0.1352601     
 0.1541667      0.8957231E-01 
 0.1558333      0.1202308     
 0.1575000      0.1152551     
 0.1591667      0.1409023     
 0.1608333      0.1411836     
 0.1625000      0.1098343     
 0.1641667      0.1034110     
 0.1658333      0.9544625E-01 
