# SumMovie FRC for input stack : stack16.mrc
# Number of micrographs: 1
# Number of frames per movie: 50
# Pixel size (A): 3.0000
# 1/(A)          FRC
# -----------------------
# 
# Micrograph 1 of 1. Score: .528
 0.8333334E-03  0.9999994     
 0.2500000E-02  0.9669769     
 0.4166666E-02  0.9459020     
 0.5833333E-02  0.9109014     
 0.7499999E-02  0.8942774     
 0.9166666E-02  0.8410384     
 0.1083333E-01  0.7713525     
 0.1250000E-01  0.8782973     
 0.1416667E-01  0.9332294     
 0.1583333E-01  0.9635972     
 0.1750000E-01  0.9433786     
 0.1916667E-01  0.7641327     
 0.2083333E-01  0.7995222     
 0.2250000E-01  0.8921148     
 0.2416667E-01  0.9338329     
 0.2583333E-01  0.9246426     
 0.2750000E-01  0.8128855     
 0.2916667E-01  0.6784056     
 0.3083333E-01  0.7305329     
 0.3250000E-01  0.7757763     
 0.3416666E-01  0.6965615     
 0.3583334E-01  0.5553702     
 0.3750000E-01  0.4248002     
 0.3916667E-01  0.3589664     
 0.4083334E-01  0.2944588     
 0.4250000E-01  0.1146685     
 0.4416666E-01  0.1228420     
 0.4583333E-01  0.1068006     
 0.4750000E-01  0.1369825     
 0.4916666E-01  0.2698439     
 0.5083333E-01  0.3290824     
 0.5250000E-01  0.3569257     
 0.5416667E-01  0.3565175     
 0.5583333E-01  0.4040369     
 0.5750000E-01  0.3424364     
 0.5916666E-01  0.2621859     
 0.6083334E-01  0.1727434     
 0.6250000E-01  0.9110809E-01 
 0.6416667E-01  0.1144961     
 0.6583333E-01  0.1412856     
 0.6750000E-01  0.1886479     
 0.6916667E-01  0.2973873     
 0.7083333E-01  0.3869967     
 0.7250000E-01  0.3314637     
 0.7416667E-01  0.2680124     
 0.7583334E-01  0.1632082     
 0.7749999E-01  0.1124252     
 0.7916667E-01  0.9231804E-01 
 0.8083334E-01  0.2445703     
 0.8250000E-01  0.2454650     
 0.8416667E-01  0.3242277     
 0.8583333E-01  0.2767035     
 0.8750000E-01  0.1838056     
 0.8916666E-01  0.1172697     
 0.9083333E-01  0.9893090E-01 
 0.9250000E-01  0.1838957     
 0.9416667E-01  0.2395798     
 0.9583333E-01  0.2530831     
 0.9750000E-01  0.2048519     
 0.9916665E-01  0.1277442     
 0.1008333      0.1077235     
 0.1025000      0.1340058     
 0.1041667      0.1893875     
 0.1058333      0.2267684     
 0.1075000      0.1866092     
 0.1091667      0.1299044     
 0.1108333      0.6887911E-01 
 0.1125000      0.1534941     
 0.1141667      0.1832943     
 0.1158333      0.1726782     
 0.1175000      0.1360450     
 0.1191667      0.8998633E-01 
 0.1208333      0.1162003     
 0.1225000      0.1500423     
 0.1241667      0.1719624     
 0.1258333      0.1292120     
 0.1275000      0.9096640E-01 
 0.1291667      0.1120052     
 0.1308333      0.1389064     
 0.1325000      0.1361258     
 0.1341667      0.1107091     
 0.1358333      0.6918426E-01 
 0.1375000      0.1251988     
 0.1391667      0.1358583     
 0.1408333      0.1383270     
 0.1425000      0.9518958E-01 
 0.1441667      0.1189226     
 0.1458333      0.1201025     
 0.1475000      0.1158377     
 0.1491667      0.1213740     
 0.1508333      0.9861584E-01 
 0.1525000      0.1266288     
 0.1541667      0.1147328     
 0.1558333      0.9534177E-01 
 0.1575000      0.9398304E-01 
 0.1591667      0.1086442     
 0.1608333      0.1174048     
 0.1625000      0.7192758E-01 
 0.1641667      0.9498841E-01 
 0.1658333      0.1369307     
