# SumMovie FRC for input stack : stack11.mrc
# Number of micrographs: 1
# Number of frames per movie: 50
# Pixel size (A): 3.0000
# 1/(A)          FRC
# -----------------------
# 
# Micrograph 1 of 1. Score: .575
 0.8333334E-03  0.9999998     
 0.2500000E-02  0.8503975     
 0.4166666E-02  0.8704944     
 0.5833333E-02  0.8518855     
 0.7499999E-02  0.8575484     
 0.9166666E-02  0.7371725     
 0.1083333E-01  0.6259204     
 0.1250000E-01  0.8527713     
 0.1416667E-01  0.9145366     
 0.1583333E-01  0.9439840     
 0.1750000E-01  0.9075752     
 0.1916667E-01  0.6575826     
 0.2083333E-01  0.7404322     
 0.2250000E-01  0.8757756     
 0.2416667E-01  0.9228678     
 0.2583333E-01  0.8929804     
 0.2750000E-01  0.7439349     
 0.2916667E-01  0.6455625     
 0.3083333E-01  0.7139902     
 0.3250000E-01  0.7739601     
 0.3416666E-01  0.7241076     
 0.3583334E-01  0.5918853     
 0.3750000E-01  0.5273040     
 0.3916667E-01  0.5034915     
 0.4083334E-01  0.5195911     
 0.4250000E-01  0.4038746     
 0.4416666E-01  0.3401815     
 0.4583333E-01  0.2949998     
 0.4750000E-01  0.2206819     
 0.4916666E-01  0.1083645     
 0.5083333E-01  0.7666802E-01 
 0.5250000E-01  0.1378328     
 0.5416667E-01  0.1426211     
 0.5583333E-01  0.2226338     
 0.5750000E-01  0.2993074     
 0.5916666E-01  0.3680127     
 0.6083334E-01  0.3585365     
 0.6250000E-01  0.4102725     
 0.6416667E-01  0.3963294     
 0.6583333E-01  0.3197584     
 0.6750000E-01  0.3032787     
 0.6916667E-01  0.1900479     
 0.7083333E-01  0.1105370     
 0.7250000E-01  0.8139837E-01 
 0.7416667E-01  0.1106818     
 0.7583334E-01  0.2007602     
 0.7749999E-01  0.2731828     
 0.7916667E-01  0.3171439     
 0.8083334E-01  0.3623199     
 0.8250000E-01  0.3258556     
 0.8416667E-01  0.3026433     
 0.8583333E-01  0.2107074     
 0.8750000E-01  0.9944880E-01 
 0.8916666E-01  0.7541664E-01 
 0.9083333E-01  0.1323538     
 0.9250000E-01  0.2291797     
 0.9416667E-01  0.2925315     
 0.9583333E-01  0.3035236     
 0.9750000E-01  0.2617344     
 0.9916665E-01  0.2368221     
 0.1008333      0.1120182     
 0.1025000      0.7126883E-01 
 0.1041667      0.1309128     
 0.1058333      0.2147667     
 0.1075000      0.2301398     
 0.1091667      0.2486627     
 0.1108333      0.2076185     
 0.1125000      0.1496693     
 0.1141667      0.9064366E-01 
 0.1158333      0.9312282E-01 
 0.1175000      0.1605903     
 0.1191667      0.1910594     
 0.1208333      0.1636290     
 0.1225000      0.1456229     
 0.1241667      0.8701785E-01 
 0.1258333      0.8990654E-01 
 0.1275000      0.1041936     
 0.1291667      0.1623597     
 0.1308333      0.1698453     
 0.1325000      0.1795810     
 0.1341667      0.1042881     
 0.1358333      0.6342991E-01 
 0.1375000      0.1235584     
 0.1391667      0.1147558     
 0.1408333      0.1517983     
 0.1425000      0.1158394     
 0.1441667      0.9904126E-01 
 0.1458333      0.8620342E-01 
 0.1475000      0.8057567E-01 
 0.1491667      0.1210985     
 0.1508333      0.1345328     
 0.1525000      0.1029948     
 0.1541667      0.8966163E-01 
 0.1558333      0.9479155E-01 
 0.1575000      0.1356299     
 0.1591667      0.9504492E-01 
 0.1608333      0.9674919E-01 
 0.1625000      0.7941958E-01 
 0.1641667      0.1107000     
 0.1658333      0.1267756     
