# SumMovie FRC for input stack : stack6.mrc
# Number of micrographs: 1
# Number of frames per movie: 50
# Pixel size (A): 3.0000
# 1/(A)          FRC
# -----------------------
# 
# Micrograph 1 of 1. Score: .592
 0.8333334E-03  0.9999999     
 0.2500000E-02  0.9513072     
 0.4166666E-02  0.9319170     
 0.5833333E-02  0.8473565     
 0.7499999E-02  0.8654452     
 0.9166666E-02  0.6780511     
 0.1083333E-01  0.6584042     
 0.1250000E-01  0.8495440     
 0.1416667E-01  0.8877131     
 0.1583333E-01  0.9349996     
 0.1750000E-01  0.8941121     
 0.1916667E-01  0.6007634     
 0.2083333E-01  0.6725631     
 0.2250000E-01  0.8422571     
 0.2416667E-01  0.9022537     
 0.2583333E-01  0.8568816     
 0.2750000E-01  0.7345476     
 0.2916667E-01  0.6262718     
 0.3083333E-01  0.6972968     
 0.3250000E-01  0.7293865     
 0.3416666E-01  0.7021726     
 0.3583334E-01  0.5995364     
 0.3750000E-01  0.5398701     
 0.3916667E-01  0.5307212     
 0.4083334E-01  0.5744188     
 0.4250000E-01  0.4579240     
 0.4416666E-01  0.3954912     
 0.4583333E-01  0.3661271     
 0.4750000E-01  0.3016775     
 0.4916666E-01  0.2223389     
 0.5083333E-01  0.1338464     
 0.5250000E-01  0.1197161     
 0.5416667E-01  0.6395748E-01 
 0.5583333E-01  0.1003744     
 0.5750000E-01  0.1210054     
 0.5916666E-01  0.2009343     
 0.6083334E-01  0.2722376     
 0.6250000E-01  0.2946261     
 0.6416667E-01  0.3451969     
 0.6583333E-01  0.3718175     
 0.6750000E-01  0.3498786     
 0.6916667E-01  0.3470927     
 0.7083333E-01  0.2912758     
 0.7250000E-01  0.2239799     
 0.7416667E-01  0.1309363     
 0.7583334E-01  0.8109538E-01 
 0.7749999E-01  0.7253657E-01 
 0.7916667E-01  0.7836988E-01 
 0.8083334E-01  0.1878983     
 0.8250000E-01  0.2273750     
 0.8416667E-01  0.2972146     
 0.8583333E-01  0.3111991     
 0.8750000E-01  0.2918370     
 0.8916666E-01  0.2474997     
 0.9083333E-01  0.1635616     
 0.9250000E-01  0.8733922E-01 
 0.9416667E-01  0.5448682E-01 
 0.9583333E-01  0.8718321E-01 
 0.9750000E-01  0.8957727E-01 
 0.9916665E-01  0.1429105     
 0.1008333      0.2160952     
 0.1025000      0.2422414     
 0.1041667      0.1762977     
 0.1058333      0.1530731     
 0.1075000      0.8416733E-01 
 0.1091667      0.6973667E-01 
 0.1108333      0.4935609E-01 
 0.1125000      0.8364131E-01 
 0.1141667      0.1432140     
 0.1158333      0.1933113     
 0.1175000      0.1736804     
 0.1191667      0.1372032     
 0.1208333      0.4502485E-01 
 0.1225000      0.4426030E-01 
 0.1241667      0.3254183E-01 
 0.1258333      0.1051127     
 0.1275000      0.1250178     
 0.1291667      0.1299283     
 0.1308333      0.1192755     
 0.1325000      0.6474351E-01 
 0.1341667      0.5239699E-01 
 0.1358333      0.7685605E-01 
 0.1375000      0.6615070E-01 
 0.1391667      0.1040050     
 0.1408333      0.9302216E-01 
 0.1425000      0.7482354E-01 
 0.1441667      0.6484885E-01 
 0.1458333      0.3550710E-01 
 0.1475000      0.5569615E-01 
 0.1491667      0.7700513E-01 
 0.1508333      0.9339868E-01 
 0.1525000      0.6706662E-01 
 0.1541667      0.4661788E-01 
 0.1558333      0.4241811E-01 
 0.1575000      0.7372077E-01 
 0.1591667      0.8623087E-01 
 0.1608333      0.7652166E-01 
 0.1625000      0.7955336E-01 
 0.1641667      0.5585741E-01 
 0.1658333      0.2910496E-01 
