# SumMovie FRC for input stack : stack1.mrc
# Number of micrographs: 1
# Number of frames per movie: 50
# Pixel size (A): 3.0000
# 1/(A)          FRC
# -----------------------
# 
# Micrograph 1 of 1. Score: .546
 0.8333334E-03  0.9999993     
 0.2500000E-02  0.9744598     
 0.4166666E-02  0.9570421     
 0.5833333E-02  0.9207619     
 0.7499999E-02  0.9048985     
 0.9166666E-02  0.7499567     
 0.1083333E-01  0.7273799     
 0.1250000E-01  0.8560336     
 0.1416667E-01  0.9223760     
 0.1583333E-01  0.9260910     
 0.1750000E-01  0.8740645     
 0.1916667E-01  0.6745800     
 0.2083333E-01  0.7638115     
 0.2250000E-01  0.8705211     
 0.2416667E-01  0.9034293     
 0.2583333E-01  0.8720423     
 0.2750000E-01  0.7481201     
 0.2916667E-01  0.6437318     
 0.3083333E-01  0.7089441     
 0.3250000E-01  0.7383941     
 0.3416666E-01  0.6847186     
 0.3583334E-01  0.5455569     
 0.3750000E-01  0.4823778     
 0.3916667E-01  0.4602732     
 0.4083334E-01  0.4491287     
 0.4250000E-01  0.3997452     
 0.4416666E-01  0.2569739     
 0.4583333E-01  0.1681435     
 0.4750000E-01  0.1867650     
 0.4916666E-01  0.9544633E-01 
 0.5083333E-01  0.6190411E-01 
 0.5250000E-01  0.6781534E-01 
 0.5416667E-01  0.1245728     
 0.5583333E-01  0.1869510     
 0.5750000E-01  0.2507351     
 0.5916666E-01  0.3165171     
 0.6083334E-01  0.3431382     
 0.6250000E-01  0.3285106     
 0.6416667E-01  0.2986154     
 0.6583333E-01  0.2713783     
 0.6750000E-01  0.1616161     
 0.6916667E-01  0.1329162     
 0.7083333E-01  0.8624136E-01 
 0.7250000E-01  0.6874070E-01 
 0.7416667E-01  0.1046537     
 0.7583334E-01  0.1635190     
 0.7749999E-01  0.2477156     
 0.7916667E-01  0.2984950     
 0.8083334E-01  0.2870264     
 0.8250000E-01  0.2850883     
 0.8416667E-01  0.2242701     
 0.8583333E-01  0.1232261     
 0.8750000E-01  0.6083102E-01 
 0.8916666E-01  0.3347614E-01 
 0.9083333E-01  0.1278423     
 0.9250000E-01  0.1938767     
 0.9416667E-01  0.2370966     
 0.9583333E-01  0.2469954     
 0.9750000E-01  0.1968115     
 0.9916665E-01  0.1099409     
 0.1008333      0.6656688E-01 
 0.1025000      0.4382054E-01 
 0.1041667      0.1211559     
 0.1058333      0.1543837     
 0.1075000      0.1571090     
 0.1091667      0.1728045     
 0.1108333      0.1291898     
 0.1125000      0.1259353     
 0.1141667      0.4186821E-01 
 0.1158333      0.6290172E-01 
 0.1175000      0.1069297     
 0.1191667      0.1093836     
 0.1208333      0.1114534     
 0.1225000      0.9685122E-01 
 0.1241667      0.4542914E-01 
 0.1258333      0.3862593E-01 
 0.1275000      0.5793825E-01 
 0.1291667      0.1115165     
 0.1308333      0.1230783     
 0.1325000      0.6687550E-01 
 0.1341667      0.4549373E-01 
 0.1358333      0.2994568E-01 
 0.1375000      0.1023826     
 0.1391667      0.6442316E-01 
 0.1408333      0.1051447     
 0.1425000      0.6856889E-01 
 0.1441667      0.3215272E-01 
 0.1458333      0.3181781E-01 
 0.1475000      0.7445414E-01 
 0.1491667      0.5992867E-01 
 0.1508333      0.6614305E-01 
 0.1525000      0.3030282E-01 
 0.1541667      0.5481920E-01 
 0.1558333      0.8325987E-01 
 0.1575000      0.4546820E-01 
 0.1591667      0.2177211E-01 
 0.1608333      0.3190271E-01 
 0.1625000      0.5090611E-01 
 0.1641667      0.3431707E-01 
 0.1658333      0.3113776E-01 
