# SumMovie FRC for input stack : stack6.mrc
# Number of micrographs: 1
# Number of frames per movie: 50
# Pixel size (A): 3.0000
# 1/(A)          FRC
# -----------------------
# 
# Micrograph 1 of 1. Score: .563
 0.8333334E-03  0.9999998     
 0.2500000E-02  0.9512941     
 0.4166666E-02  0.9316375     
 0.5833333E-02  0.8460280     
 0.7499999E-02  0.8642203     
 0.9166666E-02  0.6704977     
 0.1083333E-01  0.6517292     
 0.1250000E-01  0.8448711     
 0.1416667E-01  0.8806340     
 0.1583333E-01  0.9292467     
 0.1750000E-01  0.8885733     
 0.1916667E-01  0.5977063     
 0.2083333E-01  0.6548217     
 0.2250000E-01  0.8213590     
 0.2416667E-01  0.8860576     
 0.2583333E-01  0.8360814     
 0.2750000E-01  0.7113955     
 0.2916667E-01  0.6017209     
 0.3083333E-01  0.6596532     
 0.3250000E-01  0.7023131     
 0.3416666E-01  0.6714609     
 0.3583334E-01  0.5603990     
 0.3750000E-01  0.5034515     
 0.3916667E-01  0.4858058     
 0.4083334E-01  0.5112606     
 0.4250000E-01  0.4212952     
 0.4416666E-01  0.3589725     
 0.4583333E-01  0.3178006     
 0.4750000E-01  0.2754966     
 0.4916666E-01  0.2013405     
 0.5083333E-01  0.1185547     
 0.5250000E-01  0.1489694     
 0.5416667E-01  0.9394376E-01 
 0.5583333E-01  0.1386225     
 0.5750000E-01  0.1288658     
 0.5916666E-01  0.1963793     
 0.6083334E-01  0.2522485     
 0.6250000E-01  0.2805632     
 0.6416667E-01  0.3093138     
 0.6583333E-01  0.3085680     
 0.6750000E-01  0.3185474     
 0.6916667E-01  0.3077724     
 0.7083333E-01  0.2510928     
 0.7250000E-01  0.2074044     
 0.7416667E-01  0.1472463     
 0.7583334E-01  0.1027741     
 0.7749999E-01  0.8555742E-01 
 0.7916667E-01  0.1081467     
 0.8083334E-01  0.1691567     
 0.8250000E-01  0.2050437     
 0.8416667E-01  0.2507019     
 0.8583333E-01  0.2759038     
 0.8750000E-01  0.2503448     
 0.8916666E-01  0.2591314     
 0.9083333E-01  0.1289522     
 0.9250000E-01  0.1367632     
 0.9416667E-01  0.9160380E-01 
 0.9583333E-01  0.1367999     
 0.9750000E-01  0.1407976     
 0.9916665E-01  0.1723972     
 0.1008333      0.1866562     
 0.1025000      0.2029619     
 0.1041667      0.2002603     
 0.1058333      0.1371667     
 0.1075000      0.1183804     
 0.1091667      0.7570639E-01 
 0.1108333      0.9118512E-01 
 0.1125000      0.1460453     
 0.1141667      0.1630436     
 0.1158333      0.2012918     
 0.1175000      0.1710800     
 0.1191667      0.1491548     
 0.1208333      0.1222735     
 0.1225000      0.8895033E-01 
 0.1241667      0.1149514     
 0.1258333      0.1130177     
 0.1275000      0.1676964     
 0.1291667      0.1509201     
 0.1308333      0.1606192     
 0.1325000      0.8529045E-01 
 0.1341667      0.8044772E-01 
 0.1358333      0.1214907     
 0.1375000      0.1118810     
 0.1391667      0.1119022     
 0.1408333      0.1388546     
 0.1425000      0.1113631     
 0.1441667      0.1019961     
 0.1458333      0.9998812E-01 
 0.1475000      0.1229835     
 0.1491667      0.1392993     
 0.1508333      0.1471181     
 0.1525000      0.1280507     
 0.1541667      0.8671991E-01 
 0.1558333      0.1196454     
 0.1575000      0.1082158     
 0.1591667      0.1280496     
 0.1608333      0.1430490     
 0.1625000      0.1108801     
 0.1641667      0.9990519E-01 
 0.1658333      0.8806512E-01 
