# SumMovie FRC for input stack : stack11.mrc
# Number of micrographs: 1
# Number of frames per movie: 50
# Pixel size (A): 3.0000
# 1/(A)          FRC
# -----------------------
# 
# Micrograph 1 of 1. Score: .577
 0.8333334E-03  0.9999998     
 0.2500000E-02  0.8506145     
 0.4166666E-02  0.8709072     
 0.5833333E-02  0.8516542     
 0.7499999E-02  0.8579451     
 0.9166666E-02  0.7377129     
 0.1083333E-01  0.6257349     
 0.1250000E-01  0.8539332     
 0.1416667E-01  0.9154748     
 0.1583333E-01  0.9441990     
 0.1750000E-01  0.9083076     
 0.1916667E-01  0.6544938     
 0.2083333E-01  0.7417139     
 0.2250000E-01  0.8761516     
 0.2416667E-01  0.9248274     
 0.2583333E-01  0.8933396     
 0.2750000E-01  0.7467460     
 0.2916667E-01  0.6521820     
 0.3083333E-01  0.7206089     
 0.3250000E-01  0.7783092     
 0.3416666E-01  0.7320033     
 0.3583334E-01  0.5954806     
 0.3750000E-01  0.5331161     
 0.3916667E-01  0.5113778     
 0.4083334E-01  0.5214025     
 0.4250000E-01  0.4078042     
 0.4416666E-01  0.3420785     
 0.4583333E-01  0.2999723     
 0.4750000E-01  0.2182406     
 0.4916666E-01  0.1032966     
 0.5083333E-01  0.7627758E-01 
 0.5250000E-01  0.1388058     
 0.5416667E-01  0.1448286     
 0.5583333E-01  0.2177770     
 0.5750000E-01  0.2998104     
 0.5916666E-01  0.3839527     
 0.6083334E-01  0.3614851     
 0.6250000E-01  0.4229970     
 0.6416667E-01  0.4055580     
 0.6583333E-01  0.3281543     
 0.6750000E-01  0.3040433     
 0.6916667E-01  0.1814826     
 0.7083333E-01  0.1062216     
 0.7250000E-01  0.6447251E-01 
 0.7416667E-01  0.1083842     
 0.7583334E-01  0.2014680     
 0.7749999E-01  0.2837746     
 0.7916667E-01  0.3233639     
 0.8083334E-01  0.3784254     
 0.8250000E-01  0.3372366     
 0.8416667E-01  0.3168685     
 0.8583333E-01  0.2084454     
 0.8750000E-01  0.9992711E-01 
 0.8916666E-01  0.6658933E-01 
 0.9083333E-01  0.1337748     
 0.9250000E-01  0.2391333     
 0.9416667E-01  0.2905029     
 0.9583333E-01  0.2970852     
 0.9750000E-01  0.2673423     
 0.9916665E-01  0.2178759     
 0.1008333      0.1045982     
 0.1025000      0.3929089E-01 
 0.1041667      0.1121958     
 0.1058333      0.1881185     
 0.1075000      0.2366321     
 0.1091667      0.2350482     
 0.1108333      0.1973075     
 0.1125000      0.1304715     
 0.1141667      0.6096594E-01 
 0.1158333      0.8144102E-01 
 0.1175000      0.1386687     
 0.1191667      0.1710912     
 0.1208333      0.1616235     
 0.1225000      0.1309526     
 0.1241667      0.7285564E-01 
 0.1258333      0.6230285E-01 
 0.1275000      0.8979388E-01 
 0.1291667      0.1424915     
 0.1308333      0.1664191     
 0.1325000      0.1619236     
 0.1341667      0.8667464E-01 
 0.1358333      0.4870995E-01 
 0.1375000      0.9039398E-01 
 0.1391667      0.9974273E-01 
 0.1408333      0.1272405     
 0.1425000      0.1002418     
 0.1441667      0.6772079E-01 
 0.1458333      0.4332484E-01 
 0.1475000      0.5663185E-01 
 0.1491667      0.1104114     
 0.1508333      0.1003898     
 0.1525000      0.7999829E-01 
 0.1541667      0.6369326E-01 
 0.1558333      0.6172002E-01 
 0.1575000      0.1142339     
 0.1591667      0.7029380E-01 
 0.1608333      0.6115635E-01 
 0.1625000      0.5827052E-01 
 0.1641667      0.7002996E-01 
 0.1658333      0.9080482E-01 
