# SumMovie FRC for input stack : stack6.mrc
# Number of micrographs: 1
# Number of frames per movie: 50
# Pixel size (A): 3.0000
# 1/(A)          FRC
# -----------------------
# 
# Micrograph 1 of 1. Score: .586
 0.8333334E-03  0.9999999     
 0.2500000E-02  0.9514126     
 0.4166666E-02  0.9317284     
 0.5833333E-02  0.8464713     
 0.7499999E-02  0.8657672     
 0.9166666E-02  0.6753058     
 0.1083333E-01  0.6572459     
 0.1250000E-01  0.8471578     
 0.1416667E-01  0.8853343     
 0.1583333E-01  0.9330720     
 0.1750000E-01  0.8929937     
 0.1916667E-01  0.6009791     
 0.2083333E-01  0.6648844     
 0.2250000E-01  0.8339365     
 0.2416667E-01  0.8968871     
 0.2583333E-01  0.8503132     
 0.2750000E-01  0.7269502     
 0.2916667E-01  0.6247931     
 0.3083333E-01  0.6876374     
 0.3250000E-01  0.7271857     
 0.3416666E-01  0.6947812     
 0.3583334E-01  0.5903678     
 0.3750000E-01  0.5396258     
 0.3916667E-01  0.5207298     
 0.4083334E-01  0.5626346     
 0.4250000E-01  0.4496556     
 0.4416666E-01  0.3799288     
 0.4583333E-01  0.3538449     
 0.4750000E-01  0.2979042     
 0.4916666E-01  0.2207455     
 0.5083333E-01  0.1193244     
 0.5250000E-01  0.1301066     
 0.5416667E-01  0.7811470E-01 
 0.5583333E-01  0.1119362     
 0.5750000E-01  0.1292966     
 0.5916666E-01  0.2112018     
 0.6083334E-01  0.2770293     
 0.6250000E-01  0.2957264     
 0.6416667E-01  0.3516173     
 0.6583333E-01  0.3538733     
 0.6750000E-01  0.3480033     
 0.6916667E-01  0.3272385     
 0.7083333E-01  0.2829236     
 0.7250000E-01  0.2217392     
 0.7416667E-01  0.1344106     
 0.7583334E-01  0.9891991E-01 
 0.7749999E-01  0.7998542E-01 
 0.7916667E-01  0.8223988E-01 
 0.8083334E-01  0.1812613     
 0.8250000E-01  0.2250269     
 0.8416667E-01  0.2773221     
 0.8583333E-01  0.2959894     
 0.8750000E-01  0.2804948     
 0.8916666E-01  0.2469504     
 0.9083333E-01  0.1521928     
 0.9250000E-01  0.1060220     
 0.9416667E-01  0.5893761E-01 
 0.9583333E-01  0.1050314     
 0.9750000E-01  0.1008828     
 0.9916665E-01  0.1567356     
 0.1008333      0.2032114     
 0.1025000      0.2380057     
 0.1041667      0.1774965     
 0.1058333      0.1479044     
 0.1075000      0.9160205E-01 
 0.1091667      0.5460639E-01 
 0.1108333      0.6699163E-01 
 0.1125000      0.1007505     
 0.1141667      0.1649573     
 0.1158333      0.1878356     
 0.1175000      0.1574176     
 0.1191667      0.1379675     
 0.1208333      0.6272369E-01 
 0.1225000      0.5020059E-01 
 0.1241667      0.4093085E-01 
 0.1258333      0.9952431E-01 
 0.1275000      0.1353931     
 0.1291667      0.1334792     
 0.1308333      0.1208955     
 0.1325000      0.5869856E-01 
 0.1341667      0.5853929E-01 
 0.1358333      0.8291721E-01 
 0.1375000      0.6691241E-01 
 0.1391667      0.9218524E-01 
 0.1408333      0.1048679     
 0.1425000      0.9192797E-01 
 0.1441667      0.7704580E-01 
 0.1458333      0.4948138E-01 
 0.1475000      0.7071927E-01 
 0.1491667      0.8335998E-01 
 0.1508333      0.1022384     
 0.1525000      0.7360708E-01 
 0.1541667      0.4940328E-01 
 0.1558333      0.6779773E-01 
 0.1575000      0.7636353E-01 
 0.1591667      0.9500811E-01 
 0.1608333      0.8126483E-01 
 0.1625000      0.7420253E-01 
 0.1641667      0.7430853E-01 
 0.1658333      0.3764881E-01 
