# SumMovie FRC for input stack : stack1.mrc
# Number of micrographs: 1
# Number of frames per movie: 50
# Pixel size (A): 3.0000
# 1/(A)          FRC
# -----------------------
# 
# Micrograph 1 of 1. Score: .528
 0.8333334E-03  0.9999990     
 0.2500000E-02  0.9744757     
 0.4166666E-02  0.9568134     
 0.5833333E-02  0.9214345     
 0.7499999E-02  0.9031364     
 0.9166666E-02  0.7472933     
 0.1083333E-01  0.7170879     
 0.1250000E-01  0.8475617     
 0.1416667E-01  0.9154506     
 0.1583333E-01  0.9179927     
 0.1750000E-01  0.8684466     
 0.1916667E-01  0.6629092     
 0.2083333E-01  0.7513446     
 0.2250000E-01  0.8613172     
 0.2416667E-01  0.8966371     
 0.2583333E-01  0.8623719     
 0.2750000E-01  0.7259099     
 0.2916667E-01  0.6141133     
 0.3083333E-01  0.6921557     
 0.3250000E-01  0.7166595     
 0.3416666E-01  0.6632571     
 0.3583334E-01  0.5239611     
 0.3750000E-01  0.4569417     
 0.3916667E-01  0.4307079     
 0.4083334E-01  0.4343851     
 0.4250000E-01  0.3694775     
 0.4416666E-01  0.2284450     
 0.4583333E-01  0.1281152     
 0.4750000E-01  0.1814400     
 0.4916666E-01  0.8915817E-01 
 0.5083333E-01  0.7766560E-01 
 0.5250000E-01  0.7425000E-01 
 0.5416667E-01  0.1012644     
 0.5583333E-01  0.1792505     
 0.5750000E-01  0.2154852     
 0.5916666E-01  0.3055671     
 0.6083334E-01  0.3136837     
 0.6250000E-01  0.2817038     
 0.6416667E-01  0.2430748     
 0.6583333E-01  0.2389090     
 0.6750000E-01  0.1406478     
 0.6916667E-01  0.1109849     
 0.7083333E-01  0.8458823E-01 
 0.7250000E-01  0.5384515E-01 
 0.7416667E-01  0.7399232E-01 
 0.7583334E-01  0.1404807     
 0.7749999E-01  0.2057600     
 0.7916667E-01  0.2727973     
 0.8083334E-01  0.2555446     
 0.8250000E-01  0.2386781     
 0.8416667E-01  0.1684442     
 0.8583333E-01  0.1007490     
 0.8750000E-01  0.6111404E-01 
 0.8916666E-01  0.4040157E-01 
 0.9083333E-01  0.9623633E-01 
 0.9250000E-01  0.1513792     
 0.9416667E-01  0.2066645     
 0.9583333E-01  0.2216844     
 0.9750000E-01  0.1623004     
 0.9916665E-01  0.1102078     
 0.1008333      0.6685384E-01 
 0.1025000      0.4896988E-01 
 0.1041667      0.6628959E-01 
 0.1058333      0.1440540     
 0.1075000      0.1600760     
 0.1091667      0.1501314     
 0.1108333      0.1108208     
 0.1125000      0.1275826     
 0.1141667      0.6399378E-01 
 0.1158333      0.4134492E-01 
 0.1175000      0.8800948E-01 
 0.1191667      0.1052084     
 0.1208333      0.9704401E-01 
 0.1225000      0.1021128     
 0.1241667      0.6932011E-01 
 0.1258333      0.4011430E-01 
 0.1275000      0.5482055E-01 
 0.1291667      0.9909640E-01 
 0.1308333      0.1004111     
 0.1325000      0.6667958E-01 
 0.1341667      0.3978831E-01 
 0.1358333      0.2743253E-01 
 0.1375000      0.5744676E-01 
 0.1391667      0.7797161E-01 
 0.1408333      0.8063247E-01 
 0.1425000      0.4671931E-01 
 0.1441667      0.3302301E-01 
 0.1458333      0.4222755E-01 
 0.1475000      0.6887811E-01 
 0.1491667      0.5475374E-01 
 0.1508333      0.7448712E-01 
 0.1525000      0.3416076E-01 
 0.1541667      0.3406648E-01 
 0.1558333      0.6445015E-01 
 0.1575000      0.4883731E-01 
 0.1591667      0.1041101E-01 
 0.1608333      0.4293668E-01 
 0.1625000      0.5061232E-01 
 0.1641667      0.4786127E-01 
 0.1658333      0.1492120E-01 
