# SumMovie FRC for input stack : stack1.mrc
# Number of micrographs: 1
# Number of frames per movie: 50
# Pixel size (A): 3.0000
# 1/(A)          FRC
# -----------------------
# 
# Micrograph 1 of 1. Score: .546
 0.8333334E-03  0.9999993     
 0.2500000E-02  0.9744577     
 0.4166666E-02  0.9570472     
 0.5833333E-02  0.9207422     
 0.7499999E-02  0.9049454     
 0.9166666E-02  0.7497450     
 0.1083333E-01  0.7273589     
 0.1250000E-01  0.8559767     
 0.1416667E-01  0.9223734     
 0.1583333E-01  0.9260483     
 0.1750000E-01  0.8740284     
 0.1916667E-01  0.6744031     
 0.2083333E-01  0.7638700     
 0.2250000E-01  0.8706061     
 0.2416667E-01  0.9033754     
 0.2583333E-01  0.8720140     
 0.2750000E-01  0.7479134     
 0.2916667E-01  0.6434515     
 0.3083333E-01  0.7087990     
 0.3250000E-01  0.7384697     
 0.3416666E-01  0.6848015     
 0.3583334E-01  0.5458093     
 0.3750000E-01  0.4829401     
 0.3916667E-01  0.4599754     
 0.4083334E-01  0.4491912     
 0.4250000E-01  0.3992008     
 0.4416666E-01  0.2568200     
 0.4583333E-01  0.1680096     
 0.4750000E-01  0.1868210     
 0.4916666E-01  0.9467608E-01 
 0.5083333E-01  0.6193473E-01 
 0.5250000E-01  0.6840177E-01 
 0.5416667E-01  0.1241754     
 0.5583333E-01  0.1866504     
 0.5750000E-01  0.2513963     
 0.5916666E-01  0.3168538     
 0.6083334E-01  0.3437966     
 0.6250000E-01  0.3285691     
 0.6416667E-01  0.2991425     
 0.6583333E-01  0.2720219     
 0.6750000E-01  0.1616153     
 0.6916667E-01  0.1330541     
 0.7083333E-01  0.8719240E-01 
 0.7250000E-01  0.6807420E-01 
 0.7416667E-01  0.1053848     
 0.7583334E-01  0.1643995     
 0.7749999E-01  0.2475938     
 0.7916667E-01  0.2981757     
 0.8083334E-01  0.2882428     
 0.8250000E-01  0.2860231     
 0.8416667E-01  0.2260614     
 0.8583333E-01  0.1234138     
 0.8750000E-01  0.6069388E-01 
 0.8916666E-01  0.3361562E-01 
 0.9083333E-01  0.1295070     
 0.9250000E-01  0.1960029     
 0.9416667E-01  0.2374346     
 0.9583333E-01  0.2485560     
 0.9750000E-01  0.1964535     
 0.9916665E-01  0.1108020     
 0.1008333      0.6812359E-01 
 0.1025000      0.4495193E-01 
 0.1041667      0.1208628     
 0.1058333      0.1553776     
 0.1075000      0.1574755     
 0.1091667      0.1742699     
 0.1108333      0.1303309     
 0.1125000      0.1270034     
 0.1141667      0.4278217E-01 
 0.1158333      0.6368782E-01 
 0.1175000      0.1064540     
 0.1191667      0.1116130     
 0.1208333      0.1123519     
 0.1225000      0.9744248E-01 
 0.1241667      0.4681791E-01 
 0.1258333      0.3990175E-01 
 0.1275000      0.5846951E-01 
 0.1291667      0.1145100     
 0.1308333      0.1232973     
 0.1325000      0.6867731E-01 
 0.1341667      0.4583518E-01 
 0.1358333      0.2790719E-01 
 0.1375000      0.1030941     
 0.1391667      0.6767824E-01 
 0.1408333      0.1056852     
 0.1425000      0.6814090E-01 
 0.1441667      0.3490391E-01 
 0.1458333      0.3344458E-01 
 0.1475000      0.7569232E-01 
 0.1491667      0.6147352E-01 
 0.1508333      0.6693282E-01 
 0.1525000      0.2993682E-01 
 0.1541667      0.5640657E-01 
 0.1558333      0.8182076E-01 
 0.1575000      0.4543652E-01 
 0.1591667      0.2192950E-01 
 0.1608333      0.3650780E-01 
 0.1625000      0.5218967E-01 
 0.1641667      0.3422552E-01 
 0.1658333      0.2998881E-01 
