# SumMovie FRC for input stack : stack6.mrc
# Number of micrographs: 1
# Number of frames per movie: 50
# Pixel size (A): 3.0000
# 1/(A)          FRC
# -----------------------
# 
# Micrograph 1 of 1. Score: .592
 0.8333334E-03  0.9999999     
 0.2500000E-02  0.9513105     
 0.4166666E-02  0.9319242     
 0.5833333E-02  0.8473395     
 0.7499999E-02  0.8654474     
 0.9166666E-02  0.6782477     
 0.1083333E-01  0.6586602     
 0.1250000E-01  0.8495355     
 0.1416667E-01  0.8877288     
 0.1583333E-01  0.9350315     
 0.1750000E-01  0.8941972     
 0.1916667E-01  0.6005967     
 0.2083333E-01  0.6725053     
 0.2250000E-01  0.8422031     
 0.2416667E-01  0.9023516     
 0.2583333E-01  0.8567857     
 0.2750000E-01  0.7345060     
 0.2916667E-01  0.6261039     
 0.3083333E-01  0.6973108     
 0.3250000E-01  0.7293751     
 0.3416666E-01  0.7022310     
 0.3583334E-01  0.5995299     
 0.3750000E-01  0.5400391     
 0.3916667E-01  0.5307432     
 0.4083334E-01  0.5742660     
 0.4250000E-01  0.4575696     
 0.4416666E-01  0.3952827     
 0.4583333E-01  0.3653122     
 0.4750000E-01  0.3012679     
 0.4916666E-01  0.2226489     
 0.5083333E-01  0.1335780     
 0.5250000E-01  0.1189452     
 0.5416667E-01  0.6392937E-01 
 0.5583333E-01  0.9978286E-01 
 0.5750000E-01  0.1212382     
 0.5916666E-01  0.2005010     
 0.6083334E-01  0.2719578     
 0.6250000E-01  0.2942242     
 0.6416667E-01  0.3453386     
 0.6583333E-01  0.3726515     
 0.6750000E-01  0.3504145     
 0.6916667E-01  0.3470749     
 0.7083333E-01  0.2905738     
 0.7250000E-01  0.2234512     
 0.7416667E-01  0.1303281     
 0.7583334E-01  0.8179409E-01 
 0.7749999E-01  0.7149535E-01 
 0.7916667E-01  0.7852348E-01 
 0.8083334E-01  0.1883093     
 0.8250000E-01  0.2277225     
 0.8416667E-01  0.2983326     
 0.8583333E-01  0.3115512     
 0.8750000E-01  0.2919003     
 0.8916666E-01  0.2473515     
 0.9083333E-01  0.1641536     
 0.9250000E-01  0.8649408E-01 
 0.9416667E-01  0.5381722E-01 
 0.9583333E-01  0.8695560E-01 
 0.9750000E-01  0.8989586E-01 
 0.9916665E-01  0.1437390     
 0.1008333      0.2151593     
 0.1025000      0.2411803     
 0.1041667      0.1765874     
 0.1058333      0.1520780     
 0.1075000      0.8406917E-01 
 0.1091667      0.6918028E-01 
 0.1108333      0.4887840E-01 
 0.1125000      0.8386582E-01 
 0.1141667      0.1429150     
 0.1158333      0.1932684     
 0.1175000      0.1750868     
 0.1191667      0.1377654     
 0.1208333      0.4405433E-01 
 0.1225000      0.4423678E-01 
 0.1241667      0.3443320E-01 
 0.1258333      0.1058621     
 0.1275000      0.1250337     
 0.1291667      0.1307361     
 0.1308333      0.1178820     
 0.1325000      0.6489541E-01 
 0.1341667      0.5456159E-01 
 0.1358333      0.7733437E-01 
 0.1375000      0.6627868E-01 
 0.1391667      0.1060516     
 0.1408333      0.9349495E-01 
 0.1425000      0.7579548E-01 
 0.1441667      0.6468430E-01 
 0.1458333      0.3705260E-01 
 0.1475000      0.5464786E-01 
 0.1491667      0.7847261E-01 
 0.1508333      0.9365349E-01 
 0.1525000      0.6696833E-01 
 0.1541667      0.4810144E-01 
 0.1558333      0.4230139E-01 
 0.1575000      0.7417683E-01 
 0.1591667      0.8491153E-01 
 0.1608333      0.7647739E-01 
 0.1625000      0.7959586E-01 
 0.1641667      0.5396091E-01 
 0.1658333      0.2872506E-01 
