# SumMovie FRC for input stack : stack6.mrc
# Number of micrographs: 1
# Number of frames per movie: 50
# Pixel size (A): 3.0000
# 1/(A)          FRC
# -----------------------
# 
# Micrograph 1 of 1. Score: .592
 0.8333334E-03  0.9999999     
 0.2500000E-02  0.9512824     
 0.4166666E-02  0.9319407     
 0.5833333E-02  0.8475266     
 0.7499999E-02  0.8653363     
 0.9166666E-02  0.6785052     
 0.1083333E-01  0.6578675     
 0.1250000E-01  0.8498846     
 0.1416667E-01  0.8880617     
 0.1583333E-01  0.9352713     
 0.1750000E-01  0.8938274     
 0.1916667E-01  0.6006849     
 0.2083333E-01  0.6728885     
 0.2250000E-01  0.8435663     
 0.2416667E-01  0.9027287     
 0.2583333E-01  0.8573575     
 0.2750000E-01  0.7354037     
 0.2916667E-01  0.6256914     
 0.3083333E-01  0.6982833     
 0.3250000E-01  0.7290595     
 0.3416666E-01  0.7026256     
 0.3583334E-01  0.6011333     
 0.3750000E-01  0.5384529     
 0.3916667E-01  0.5308279     
 0.4083334E-01  0.5750075     
 0.4250000E-01  0.4582522     
 0.4416666E-01  0.3962383     
 0.4583333E-01  0.3652443     
 0.4750000E-01  0.3046826     
 0.4916666E-01  0.2231982     
 0.5083333E-01  0.1341883     
 0.5250000E-01  0.1163085     
 0.5416667E-01  0.6046102E-01 
 0.5583333E-01  0.9891342E-01 
 0.5750000E-01  0.1215413     
 0.5916666E-01  0.1966419     
 0.6083334E-01  0.2700453     
 0.6250000E-01  0.2901364     
 0.6416667E-01  0.3448572     
 0.6583333E-01  0.3742911     
 0.6750000E-01  0.3477967     
 0.6916667E-01  0.3455445     
 0.7083333E-01  0.2919460     
 0.7250000E-01  0.2227269     
 0.7416667E-01  0.1226949     
 0.7583334E-01  0.7606386E-01 
 0.7749999E-01  0.6617834E-01 
 0.7916667E-01  0.7738041E-01 
 0.8083334E-01  0.1842748     
 0.8250000E-01  0.2318605     
 0.8416667E-01  0.2950739     
 0.8583333E-01  0.3108557     
 0.8750000E-01  0.2917244     
 0.8916666E-01  0.2429312     
 0.9083333E-01  0.1632956     
 0.9250000E-01  0.8623023E-01 
 0.9416667E-01  0.4656033E-01 
 0.9583333E-01  0.8542445E-01 
 0.9750000E-01  0.8608194E-01 
 0.9916665E-01  0.1434019     
 0.1008333      0.2207018     
 0.1025000      0.2390300     
 0.1041667      0.1713853     
 0.1058333      0.1479416     
 0.1075000      0.7970927E-01 
 0.1091667      0.7827657E-01 
 0.1108333      0.4258991E-01 
 0.1125000      0.8831266E-01 
 0.1141667      0.1408176     
 0.1158333      0.1927056     
 0.1175000      0.1695689     
 0.1191667      0.1289161     
 0.1208333      0.4164366E-01 
 0.1225000      0.4444426E-01 
 0.1241667      0.3703550E-01 
 0.1258333      0.1036918     
 0.1275000      0.1204602     
 0.1291667      0.1263992     
 0.1308333      0.1111878     
 0.1325000      0.5643886E-01 
 0.1341667      0.4504803E-01 
 0.1358333      0.7310994E-01 
 0.1375000      0.7052848E-01 
 0.1391667      0.1012052     
 0.1408333      0.8948381E-01 
 0.1425000      0.6877712E-01 
 0.1441667      0.5629053E-01 
 0.1458333      0.3888014E-01 
 0.1475000      0.4706980E-01 
 0.1491667      0.7583689E-01 
 0.1508333      0.9217792E-01 
 0.1525000      0.6878527E-01 
 0.1541667      0.4512082E-01 
 0.1558333      0.3457293E-01 
 0.1575000      0.7270049E-01 
 0.1591667      0.8163031E-01 
 0.1608333      0.7836332E-01 
 0.1625000      0.7587942E-01 
 0.1641667      0.6190670E-01 
 0.1658333      0.2869352E-01 
