# SumMovie FRC for input stack : stack16.mrc
# Number of micrographs: 1
# Number of frames per movie: 50
# Pixel size (A): 3.0000
# 1/(A)          FRC
# -----------------------
# 
# Micrograph 1 of 1. Score: .539
 0.8333334E-03  0.9999994     
 0.2500000E-02  0.9672062     
 0.4166666E-02  0.9454517     
 0.5833333E-02  0.9120330     
 0.7499999E-02  0.8964564     
 0.9166666E-02  0.8416696     
 0.1083333E-01  0.7765004     
 0.1250000E-01  0.8838028     
 0.1416667E-01  0.9354796     
 0.1583333E-01  0.9656469     
 0.1750000E-01  0.9459298     
 0.1916667E-01  0.7764996     
 0.2083333E-01  0.8032968     
 0.2250000E-01  0.9023864     
 0.2416667E-01  0.9432052     
 0.2583333E-01  0.9340804     
 0.2750000E-01  0.8307189     
 0.2916667E-01  0.7048473     
 0.3083333E-01  0.7537225     
 0.3250000E-01  0.7967520     
 0.3416666E-01  0.7328422     
 0.3583334E-01  0.6075515     
 0.3750000E-01  0.4399686     
 0.3916667E-01  0.3796433     
 0.4083334E-01  0.2921219     
 0.4250000E-01  0.1235816     
 0.4416666E-01  0.1209981     
 0.4583333E-01  0.8504107E-01 
 0.4750000E-01  0.1487451     
 0.4916666E-01  0.2692668     
 0.5083333E-01  0.3439969     
 0.5250000E-01  0.3898472     
 0.5416667E-01  0.3816670     
 0.5583333E-01  0.4244762     
 0.5750000E-01  0.3624249     
 0.5916666E-01  0.2791642     
 0.6083334E-01  0.1860370     
 0.6250000E-01  0.8151198E-01 
 0.6416667E-01  0.1048125     
 0.6583333E-01  0.1390441     
 0.6750000E-01  0.2088290     
 0.6916667E-01  0.3155100     
 0.7083333E-01  0.4074973     
 0.7250000E-01  0.3710947     
 0.7416667E-01  0.3049982     
 0.7583334E-01  0.1827507     
 0.7749999E-01  0.1180973     
 0.7916667E-01  0.9499629E-01 
 0.8083334E-01  0.2506457     
 0.8250000E-01  0.2762440     
 0.8416667E-01  0.3618763     
 0.8583333E-01  0.3020184     
 0.8750000E-01  0.1865223     
 0.8916666E-01  0.1192409     
 0.9083333E-01  0.7803082E-01 
 0.9250000E-01  0.1883718     
 0.9416667E-01  0.2604415     
 0.9583333E-01  0.2794202     
 0.9750000E-01  0.2113123     
 0.9916665E-01  0.9756014E-01 
 0.1008333      0.6035029E-01 
 0.1025000      0.1222779     
 0.1041667      0.1909280     
 0.1058333      0.2420729     
 0.1075000      0.1811454     
 0.1091667      0.1104899     
 0.1108333      0.5628587E-01 
 0.1125000      0.1391087     
 0.1141667      0.1986545     
 0.1158333      0.1891866     
 0.1175000      0.1135396     
 0.1191667      0.4798366E-01 
 0.1208333      0.9025647E-01 
 0.1225000      0.1588088     
 0.1241667      0.1734113     
 0.1258333      0.1082273     
 0.1275000      0.6529447E-01 
 0.1291667      0.8974152E-01 
 0.1308333      0.1195348     
 0.1325000      0.1342784     
 0.1341667      0.7054495E-01 
 0.1358333      0.4668945E-01 
 0.1375000      0.1105406     
 0.1391667      0.1371749     
 0.1408333      0.9242814E-01 
 0.1425000      0.7425990E-01 
 0.1441667      0.7451490E-01 
 0.1458333      0.1127440     
 0.1475000      0.9465142E-01 
 0.1491667      0.5971425E-01 
 0.1508333      0.6759194E-01 
 0.1525000      0.9867628E-01 
 0.1541667      0.8432293E-01 
 0.1558333      0.7290167E-01 
 0.1575000      0.4584105E-01 
 0.1591667      0.8357442E-01 
 0.1608333      0.8837117E-01 
 0.1625000      0.4624541E-01 
 0.1641667      0.6214876E-01 
 0.1658333      0.1317434     
