# SumMovie FRC for input stack : stack16.mrc
# Number of micrographs: 1
# Number of frames per movie: 50
# Pixel size (A): 3.0000
# 1/(A)          FRC
# -----------------------
# 
# Micrograph 1 of 1. Score: .530
 0.8333334E-03  0.9999994     
 0.2500000E-02  0.9670393     
 0.4166666E-02  0.9459431     
 0.5833333E-02  0.9110878     
 0.7499999E-02  0.8943899     
 0.9166666E-02  0.8413843     
 0.1083333E-01  0.7720587     
 0.1250000E-01  0.8790326     
 0.1416667E-01  0.9335189     
 0.1583333E-01  0.9640279     
 0.1750000E-01  0.9439787     
 0.1916667E-01  0.7659559     
 0.2083333E-01  0.8009792     
 0.2250000E-01  0.8942472     
 0.2416667E-01  0.9354218     
 0.2583333E-01  0.9266283     
 0.2750000E-01  0.8170172     
 0.2916667E-01  0.6831776     
 0.3083333E-01  0.7344483     
 0.3250000E-01  0.7804431     
 0.3416666E-01  0.7018837     
 0.3583334E-01  0.5661548     
 0.3750000E-01  0.4279412     
 0.3916667E-01  0.3592603     
 0.4083334E-01  0.2970733     
 0.4250000E-01  0.1130221     
 0.4416666E-01  0.1225961     
 0.4583333E-01  0.1039355     
 0.4750000E-01  0.1356553     
 0.4916666E-01  0.2721828     
 0.5083333E-01  0.3354395     
 0.5250000E-01  0.3650633     
 0.5416667E-01  0.3623594     
 0.5583333E-01  0.4105267     
 0.5750000E-01  0.3509052     
 0.5916666E-01  0.2663952     
 0.6083334E-01  0.1814079     
 0.6250000E-01  0.9067091E-01 
 0.6416667E-01  0.1090586     
 0.6583333E-01  0.1433101     
 0.6750000E-01  0.1983002     
 0.6916667E-01  0.3060445     
 0.7083333E-01  0.3987196     
 0.7250000E-01  0.3380530     
 0.7416667E-01  0.2763304     
 0.7583334E-01  0.1673923     
 0.7749999E-01  0.1108736     
 0.7916667E-01  0.9360728E-01 
 0.8083334E-01  0.2484951     
 0.8250000E-01  0.2570509     
 0.8416667E-01  0.3341337     
 0.8583333E-01  0.2851304     
 0.8750000E-01  0.1853750     
 0.8916666E-01  0.1152803     
 0.9083333E-01  0.9339122E-01 
 0.9250000E-01  0.1808961     
 0.9416667E-01  0.2435828     
 0.9583333E-01  0.2643774     
 0.9750000E-01  0.2114971     
 0.9916665E-01  0.1198903     
 0.1008333      0.9439619E-01 
 0.1025000      0.1317096     
 0.1041667      0.1902191     
 0.1058333      0.2329770     
 0.1075000      0.1883637     
 0.1091667      0.1288507     
 0.1108333      0.6355827E-01 
 0.1125000      0.1510091     
 0.1141667      0.1798143     
 0.1158333      0.1724360     
 0.1175000      0.1263730     
 0.1191667      0.9051374E-01 
 0.1208333      0.1083073     
 0.1225000      0.1473193     
 0.1241667      0.1650816     
 0.1258333      0.1264116     
 0.1275000      0.8349234E-01 
 0.1291667      0.9607258E-01 
 0.1308333      0.1393051     
 0.1325000      0.1336934     
 0.1341667      0.1023427     
 0.1358333      0.5344536E-01 
 0.1375000      0.1097912     
 0.1391667      0.1308931     
 0.1408333      0.1240907     
 0.1425000      0.7977074E-01 
 0.1441667      0.1063147     
 0.1458333      0.1168802     
 0.1475000      0.1103940     
 0.1491667      0.1059093     
 0.1508333      0.9683234E-01 
 0.1525000      0.1104211     
 0.1541667      0.1018757     
 0.1558333      0.8150800E-01 
 0.1575000      0.8051068E-01 
 0.1591667      0.1059294     
 0.1608333      0.1040442     
 0.1625000      0.6532436E-01 
 0.1641667      0.8194528E-01 
 0.1658333      0.1377565     
