# SumMovie FRC for input stack : stack1.mrc
# Number of micrographs: 1
# Number of frames per movie: 50
# Pixel size (A): 3.0000
# 1/(A)          FRC
# -----------------------
# 
# Micrograph 1 of 1. Score: .538
 0.8333334E-03  0.9999990     
 0.2500000E-02  0.9744035     
 0.4166666E-02  0.9567524     
 0.5833333E-02  0.9213853     
 0.7499999E-02  0.9030523     
 0.9166666E-02  0.7491314     
 0.1083333E-01  0.7195227     
 0.1250000E-01  0.8503125     
 0.1416667E-01  0.9172339     
 0.1583333E-01  0.9194766     
 0.1750000E-01  0.8712116     
 0.1916667E-01  0.6689606     
 0.2083333E-01  0.7581403     
 0.2250000E-01  0.8663229     
 0.2416667E-01  0.9013538     
 0.2583333E-01  0.8697694     
 0.2750000E-01  0.7379617     
 0.2916667E-01  0.6349191     
 0.3083333E-01  0.7045872     
 0.3250000E-01  0.7326134     
 0.3416666E-01  0.6773302     
 0.3583334E-01  0.5398036     
 0.3750000E-01  0.4750490     
 0.3916667E-01  0.4457034     
 0.4083334E-01  0.4494372     
 0.4250000E-01  0.3864393     
 0.4416666E-01  0.2465717     
 0.4583333E-01  0.1531432     
 0.4750000E-01  0.1729981     
 0.4916666E-01  0.8919272E-01 
 0.5083333E-01  0.5736621E-01 
 0.5250000E-01  0.7569645E-01 
 0.5416667E-01  0.1062016     
 0.5583333E-01  0.1871209     
 0.5750000E-01  0.2404123     
 0.5916666E-01  0.3281568     
 0.6083334E-01  0.3331143     
 0.6250000E-01  0.3207773     
 0.6416667E-01  0.2847235     
 0.6583333E-01  0.2695290     
 0.6750000E-01  0.1585291     
 0.6916667E-01  0.1180181     
 0.7083333E-01  0.8011372E-01 
 0.7250000E-01  0.6388301E-01 
 0.7416667E-01  0.1008227     
 0.7583334E-01  0.1536072     
 0.7749999E-01  0.2492031     
 0.7916667E-01  0.2887239     
 0.8083334E-01  0.2834915     
 0.8250000E-01  0.2862376     
 0.8416667E-01  0.2199549     
 0.8583333E-01  0.1170513     
 0.8750000E-01  0.4870494E-01 
 0.8916666E-01  0.4029880E-01 
 0.9083333E-01  0.1268933     
 0.9250000E-01  0.1795630     
 0.9416667E-01  0.2331443     
 0.9583333E-01  0.2419509     
 0.9750000E-01  0.1964558     
 0.9916665E-01  0.1136422     
 0.1008333      0.6807323E-01 
 0.1025000      0.5262613E-01 
 0.1041667      0.1188677     
 0.1058333      0.1571919     
 0.1075000      0.1607036     
 0.1091667      0.1665871     
 0.1108333      0.1186676     
 0.1125000      0.1182430     
 0.1141667      0.3682518E-01 
 0.1158333      0.5394669E-01 
 0.1175000      0.1029677     
 0.1191667      0.1110363     
 0.1208333      0.1043863     
 0.1225000      0.1004479     
 0.1241667      0.3505283E-01 
 0.1258333      0.4175224E-01 
 0.1275000      0.6029650E-01 
 0.1291667      0.1177649     
 0.1308333      0.1181144     
 0.1325000      0.6103172E-01 
 0.1341667      0.4773358E-01 
 0.1358333      0.3559945E-01 
 0.1375000      0.8752639E-01 
 0.1391667      0.6592237E-01 
 0.1408333      0.9382088E-01 
 0.1425000      0.6088759E-01 
 0.1441667      0.3128505E-01 
 0.1458333      0.4198327E-01 
 0.1475000      0.7937878E-01 
 0.1491667      0.6415492E-01 
 0.1508333      0.5789799E-01 
 0.1525000      0.3938803E-01 
 0.1541667      0.5486043E-01 
 0.1558333      0.6802395E-01 
 0.1575000      0.2951206E-01 
 0.1591667      0.2108990E-01 
 0.1608333      0.4115574E-01 
 0.1625000      0.5322323E-01 
 0.1641667      0.4380636E-01 
 0.1658333      0.3420063E-01 
