# SumMovie FRC for input stack : stack11.mrc
# Number of micrographs: 1
# Number of frames per movie: 50
# Pixel size (A): 3.0000
# 1/(A)          FRC
# -----------------------
# 
# Micrograph 1 of 1. Score: .571
 0.8333334E-03  0.9999998     
 0.2500000E-02  0.8501470     
 0.4166666E-02  0.8702678     
 0.5833333E-02  0.8519492     
 0.7499999E-02  0.8573725     
 0.9166666E-02  0.7366850     
 0.1083333E-01  0.6258144     
 0.1250000E-01  0.8520396     
 0.1416667E-01  0.9140094     
 0.1583333E-01  0.9437952     
 0.1750000E-01  0.9069991     
 0.1916667E-01  0.6584244     
 0.2083333E-01  0.7389135     
 0.2250000E-01  0.8749220     
 0.2416667E-01  0.9214932     
 0.2583333E-01  0.8920902     
 0.2750000E-01  0.7413076     
 0.2916667E-01  0.6402193     
 0.3083333E-01  0.7095499     
 0.3250000E-01  0.7703139     
 0.3416666E-01  0.7187560     
 0.3583334E-01  0.5882222     
 0.3750000E-01  0.5214220     
 0.3916667E-01  0.4972277     
 0.4083334E-01  0.5154268     
 0.4250000E-01  0.4002804     
 0.4416666E-01  0.3357218     
 0.4583333E-01  0.2883123     
 0.4750000E-01  0.2204251     
 0.4916666E-01  0.1079416     
 0.5083333E-01  0.7614389E-01 
 0.5250000E-01  0.1369798     
 0.5416667E-01  0.1379787     
 0.5583333E-01  0.2218585     
 0.5750000E-01  0.2955316     
 0.5916666E-01  0.3573207     
 0.6083334E-01  0.3536777     
 0.6250000E-01  0.3978605     
 0.6416667E-01  0.3874509     
 0.6583333E-01  0.3067728     
 0.6750000E-01  0.2967154     
 0.6916667E-01  0.1890299     
 0.7083333E-01  0.1115362     
 0.7250000E-01  0.8562302E-01 
 0.7416667E-01  0.1094842     
 0.7583334E-01  0.1960212     
 0.7749999E-01  0.2639547     
 0.7916667E-01  0.3095706     
 0.8083334E-01  0.3489753     
 0.8250000E-01  0.3172863     
 0.8416667E-01  0.2919459     
 0.8583333E-01  0.2040897     
 0.8750000E-01  0.9484068E-01 
 0.8916666E-01  0.7793977E-01 
 0.9083333E-01  0.1295960     
 0.9250000E-01  0.2204567     
 0.9416667E-01  0.2830198     
 0.9583333E-01  0.3024577     
 0.9750000E-01  0.2539815     
 0.9916665E-01  0.2333472     
 0.1008333      0.1129129     
 0.1025000      0.8188899E-01 
 0.1041667      0.1397008     
 0.1058333      0.2173684     
 0.1075000      0.2174645     
 0.1091667      0.2479977     
 0.1108333      0.2086000     
 0.1125000      0.1529777     
 0.1141667      0.9932620E-01 
 0.1158333      0.9366503E-01 
 0.1175000      0.1646738     
 0.1191667      0.1928978     
 0.1208333      0.1643343     
 0.1225000      0.1463682     
 0.1241667      0.9169298E-01 
 0.1258333      0.1012668     
 0.1275000      0.1112188     
 0.1291667      0.1652599     
 0.1308333      0.1635651     
 0.1325000      0.1836881     
 0.1341667      0.1097294     
 0.1358333      0.6941987E-01 
 0.1375000      0.1305719     
 0.1391667      0.1153116     
 0.1408333      0.1525700     
 0.1425000      0.1160284     
 0.1441667      0.1131560     
 0.1458333      0.1005245     
 0.1475000      0.9813465E-01 
 0.1491667      0.1200220     
 0.1508333      0.1469972     
 0.1525000      0.1083465     
 0.1541667      0.9691880E-01 
 0.1558333      0.1102681     
 0.1575000      0.1442022     
 0.1591667      0.1051679     
 0.1608333      0.1157004     
 0.1625000      0.9397367E-01 
 0.1641667      0.1237193     
 0.1658333      0.1402456     
