# SumMovie FRC for input stack : stack6.mrc
# Number of micrographs: 1
# Number of frames per movie: 50
# Pixel size (A): 3.0000
# 1/(A)          FRC
# -----------------------
# 
# Micrograph 1 of 1. Score: .589
 0.8333334E-03  0.9999999     
 0.2500000E-02  0.9513872     
 0.4166666E-02  0.9317752     
 0.5833333E-02  0.8468108     
 0.7499999E-02  0.8657866     
 0.9166666E-02  0.6760772     
 0.1083333E-01  0.6576956     
 0.1250000E-01  0.8479991     
 0.1416667E-01  0.8865393     
 0.1583333E-01  0.9339066     
 0.1750000E-01  0.8933770     
 0.1916667E-01  0.6010017     
 0.2083333E-01  0.6686196     
 0.2250000E-01  0.8374031     
 0.2416667E-01  0.8991347     
 0.2583333E-01  0.8534964     
 0.2750000E-01  0.7300340     
 0.2916667E-01  0.6267093     
 0.3083333E-01  0.6914864     
 0.3250000E-01  0.7284327     
 0.3416666E-01  0.6977538     
 0.3583334E-01  0.5945902     
 0.3750000E-01  0.5411242     
 0.3916667E-01  0.5264980     
 0.4083334E-01  0.5685647     
 0.4250000E-01  0.4550702     
 0.4416666E-01  0.3864039     
 0.4583333E-01  0.3627342     
 0.4750000E-01  0.2982348     
 0.4916666E-01  0.2216109     
 0.5083333E-01  0.1265470     
 0.5250000E-01  0.1222895     
 0.5416667E-01  0.6957863E-01 
 0.5583333E-01  0.1050173     
 0.5750000E-01  0.1262341     
 0.5916666E-01  0.2060417     
 0.6083334E-01  0.2734807     
 0.6250000E-01  0.2954395     
 0.6416667E-01  0.3478591     
 0.6583333E-01  0.3598472     
 0.6750000E-01  0.3459031     
 0.6916667E-01  0.3326606     
 0.7083333E-01  0.2846960     
 0.7250000E-01  0.2255459     
 0.7416667E-01  0.1354176     
 0.7583334E-01  0.9157844E-01 
 0.7749999E-01  0.7773127E-01 
 0.7916667E-01  0.7643234E-01 
 0.8083334E-01  0.1865723     
 0.8250000E-01  0.2239207     
 0.8416667E-01  0.2787594     
 0.8583333E-01  0.2978548     
 0.8750000E-01  0.2827904     
 0.8916666E-01  0.2447482     
 0.9083333E-01  0.1640317     
 0.9250000E-01  0.9681227E-01 
 0.9416667E-01  0.5282430E-01 
 0.9583333E-01  0.9138823E-01 
 0.9750000E-01  0.8926519E-01 
 0.9916665E-01  0.1499629     
 0.1008333      0.2090709     
 0.1025000      0.2371834     
 0.1041667      0.1754603     
 0.1058333      0.1458116     
 0.1075000      0.8201834E-01 
 0.1091667      0.6618516E-01 
 0.1108333      0.6296041E-01 
 0.1125000      0.9017984E-01 
 0.1141667      0.1562507     
 0.1158333      0.1844335     
 0.1175000      0.1667369     
 0.1191667      0.1437916     
 0.1208333      0.5648462E-01 
 0.1225000      0.4672031E-01 
 0.1241667      0.3397803E-01 
 0.1258333      0.1055050     
 0.1275000      0.1361855     
 0.1291667      0.1280054     
 0.1308333      0.1131498     
 0.1325000      0.6514775E-01 
 0.1341667      0.5531938E-01 
 0.1358333      0.7874262E-01 
 0.1375000      0.7037487E-01 
 0.1391667      0.9662333E-01 
 0.1408333      0.9587767E-01 
 0.1425000      0.7833064E-01 
 0.1441667      0.6899931E-01 
 0.1458333      0.4379764E-01 
 0.1475000      0.6246957E-01 
 0.1491667      0.7351299E-01 
 0.1508333      0.9565353E-01 
 0.1525000      0.6233001E-01 
 0.1541667      0.4873670E-01 
 0.1558333      0.6084450E-01 
 0.1575000      0.7292411E-01 
 0.1591667      0.9202866E-01 
 0.1608333      0.7517675E-01 
 0.1625000      0.7937538E-01 
 0.1641667      0.6349026E-01 
 0.1658333      0.3555294E-01 
