# SumMovie FRC for input stack : stack1.mrc
# Number of micrographs: 1
# Number of frames per movie: 50
# Pixel size (A): 3.0000
# 1/(A)          FRC
# -----------------------
# 
# Micrograph 1 of 1. Score: .540
 0.8333334E-03  0.9999991     
 0.2500000E-02  0.9743606     
 0.4166666E-02  0.9567635     
 0.5833333E-02  0.9213657     
 0.7499999E-02  0.9029624     
 0.9166666E-02  0.7486989     
 0.1083333E-01  0.7205174     
 0.1250000E-01  0.8505653     
 0.1416667E-01  0.9174263     
 0.1583333E-01  0.9195263     
 0.1750000E-01  0.8714911     
 0.1916667E-01  0.6690308     
 0.2083333E-01  0.7597411     
 0.2250000E-01  0.8671128     
 0.2416667E-01  0.9016311     
 0.2583333E-01  0.8707671     
 0.2750000E-01  0.7395076     
 0.2916667E-01  0.6372545     
 0.3083333E-01  0.7055215     
 0.3250000E-01  0.7330815     
 0.3416666E-01  0.6767976     
 0.3583334E-01  0.5428471     
 0.3750000E-01  0.4794084     
 0.3916667E-01  0.4474705     
 0.4083334E-01  0.4495108     
 0.4250000E-01  0.3876345     
 0.4416666E-01  0.2548060     
 0.4583333E-01  0.1612306     
 0.4750000E-01  0.1731889     
 0.4916666E-01  0.8932266E-01 
 0.5083333E-01  0.5503364E-01 
 0.5250000E-01  0.7774486E-01 
 0.5416667E-01  0.1110045     
 0.5583333E-01  0.1882377     
 0.5750000E-01  0.2514873     
 0.5916666E-01  0.3280683     
 0.6083334E-01  0.3394579     
 0.6250000E-01  0.3248041     
 0.6416667E-01  0.2943150     
 0.6583333E-01  0.2759851     
 0.6750000E-01  0.1604524     
 0.6916667E-01  0.1277530     
 0.7083333E-01  0.8186854E-01 
 0.7250000E-01  0.7005987E-01 
 0.7416667E-01  0.1033545     
 0.7583334E-01  0.1599176     
 0.7749999E-01  0.2525068     
 0.7916667E-01  0.2867982     
 0.8083334E-01  0.2862170     
 0.8250000E-01  0.2916705     
 0.8416667E-01  0.2261309     
 0.8583333E-01  0.1204640     
 0.8750000E-01  0.5593911E-01 
 0.8916666E-01  0.4116318E-01 
 0.9083333E-01  0.1324704     
 0.9250000E-01  0.1863970     
 0.9416667E-01  0.2373249     
 0.9583333E-01  0.2475587     
 0.9750000E-01  0.1978378     
 0.9916665E-01  0.1104150     
 0.1008333      0.7424589E-01 
 0.1025000      0.4974055E-01 
 0.1041667      0.1286518     
 0.1058333      0.1632164     
 0.1075000      0.1651565     
 0.1091667      0.1740755     
 0.1108333      0.1303445     
 0.1125000      0.1193898     
 0.1141667      0.3769379E-01 
 0.1158333      0.7143323E-01 
 0.1175000      0.1120537     
 0.1191667      0.1143091     
 0.1208333      0.1131732     
 0.1225000      0.1007300     
 0.1241667      0.4118619E-01 
 0.1258333      0.4654964E-01 
 0.1275000      0.6543817E-01 
 0.1291667      0.1234108     
 0.1308333      0.1182003     
 0.1325000      0.7453928E-01 
 0.1341667      0.4566520E-01 
 0.1358333      0.3131106E-01 
 0.1375000      0.9828476E-01 
 0.1391667      0.7699025E-01 
 0.1408333      0.1042062     
 0.1425000      0.6548442E-01 
 0.1441667      0.3945633E-01 
 0.1458333      0.4373408E-01 
 0.1475000      0.7307190E-01 
 0.1491667      0.6951141E-01 
 0.1508333      0.6492767E-01 
 0.1525000      0.3204564E-01 
 0.1541667      0.5831370E-01 
 0.1558333      0.7350104E-01 
 0.1575000      0.3570344E-01 
 0.1591667      0.2038311E-01 
 0.1608333      0.5205105E-01 
 0.1625000      0.5393918E-01 
 0.1641667      0.4639925E-01 
 0.1658333      0.3112576E-01 
