# SumMovie FRC for input stack : stack1.mrc
# Number of micrographs: 1
# Number of frames per movie: 50
# Pixel size (A): 3.0000
# 1/(A)          FRC
# -----------------------
# 
# Micrograph 1 of 1. Score: .514
 0.8333334E-03  0.9999990     
 0.2500000E-02  0.9745033     
 0.4166666E-02  0.9567665     
 0.5833333E-02  0.9214090     
 0.7499999E-02  0.9026577     
 0.9166666E-02  0.7444894     
 0.1083333E-01  0.7126024     
 0.1250000E-01  0.8423533     
 0.1416667E-01  0.9118316     
 0.1583333E-01  0.9152260     
 0.1750000E-01  0.8619273     
 0.1916667E-01  0.6497457     
 0.2083333E-01  0.7397571     
 0.2250000E-01  0.8517994     
 0.2416667E-01  0.8886950     
 0.2583333E-01  0.8497609     
 0.2750000E-01  0.7036702     
 0.2916667E-01  0.5806184     
 0.3083333E-01  0.6696543     
 0.3250000E-01  0.6841099     
 0.3416666E-01  0.6276056     
 0.3583334E-01  0.4979501     
 0.3750000E-01  0.4359796     
 0.3916667E-01  0.3989584     
 0.4083334E-01  0.3996212     
 0.4250000E-01  0.3505709     
 0.4416666E-01  0.2182111     
 0.4583333E-01  0.1309084     
 0.4750000E-01  0.1918605     
 0.4916666E-01  0.1004684     
 0.5083333E-01  0.9375225E-01 
 0.5250000E-01  0.8851442E-01 
 0.5416667E-01  0.1091074     
 0.5583333E-01  0.1699408     
 0.5750000E-01  0.2117313     
 0.5916666E-01  0.2634239     
 0.6083334E-01  0.2897251     
 0.6250000E-01  0.2459915     
 0.6416667E-01  0.2238502     
 0.6583333E-01  0.2235782     
 0.6750000E-01  0.1354053     
 0.6916667E-01  0.1375322     
 0.7083333E-01  0.1101139     
 0.7250000E-01  0.6107044E-01 
 0.7416667E-01  0.7522687E-01 
 0.7583334E-01  0.1307801     
 0.7749999E-01  0.1805776     
 0.7916667E-01  0.2175671     
 0.8083334E-01  0.2191358     
 0.8250000E-01  0.1986367     
 0.8416667E-01  0.1471200     
 0.8583333E-01  0.9095559E-01 
 0.8750000E-01  0.6009809E-01 
 0.8916666E-01  0.1365781E-01 
 0.9083333E-01  0.7880608E-01 
 0.9250000E-01  0.1187265     
 0.9416667E-01  0.1721054     
 0.9583333E-01  0.1941684     
 0.9750000E-01  0.1466587     
 0.9916665E-01  0.8540063E-01 
 0.1008333      0.6682640E-01 
 0.1025000      0.2426780E-01 
 0.1041667      0.9870608E-01 
 0.1058333      0.1407286     
 0.1075000      0.1522812     
 0.1091667      0.1336790     
 0.1108333      0.1145461     
 0.1125000      0.1135476     
 0.1141667      0.6111414E-01 
 0.1158333      0.4387566E-01 
 0.1175000      0.7913963E-01 
 0.1191667      0.1126258     
 0.1208333      0.8293710E-01 
 0.1225000      0.7094328E-01 
 0.1241667      0.6001528E-01 
 0.1258333      0.4012524E-01 
 0.1275000      0.2243018E-01 
 0.1291667      0.1169465     
 0.1308333      0.7860055E-01 
 0.1325000      0.6966207E-01 
 0.1341667      0.2747568E-01 
 0.1358333      0.4362059E-01 
 0.1375000      0.5534030E-01 
 0.1391667      0.7164397E-01 
 0.1408333      0.8064970E-01 
 0.1425000      0.7030099E-01 
 0.1441667      0.3811657E-01 
 0.1458333      0.4274234E-01 
 0.1475000      0.7691269E-01 
 0.1491667      0.6038359E-01 
 0.1508333      0.5103628E-01 
 0.1525000      0.3813170E-01 
 0.1541667      0.5640364E-01 
 0.1558333      0.5636270E-01 
 0.1575000      0.4287220E-01 
 0.1591667      0.1827439E-01 
 0.1608333      0.4172495E-01 
 0.1625000      0.5621463E-01 
 0.1641667      0.7151824E-01 
 0.1658333      0.4227400E-01 
