# SumMovie FRC for input stack : stack1.mrc
# Number of micrographs: 1
# Number of frames per movie: 50
# Pixel size (A): 3.0000
# 1/(A)          FRC
# -----------------------
# 
# Micrograph 1 of 1. Score: .514
 0.8333334E-03  0.9999990     
 0.2500000E-02  0.9744993     
 0.4166666E-02  0.9567664     
 0.5833333E-02  0.9214311     
 0.7499999E-02  0.9026850     
 0.9166666E-02  0.7443622     
 0.1083333E-01  0.7126716     
 0.1250000E-01  0.8423509     
 0.1416667E-01  0.9117997     
 0.1583333E-01  0.9151027     
 0.1750000E-01  0.8618805     
 0.1916667E-01  0.6494787     
 0.2083333E-01  0.7397170     
 0.2250000E-01  0.8519026     
 0.2416667E-01  0.8886486     
 0.2583333E-01  0.8498338     
 0.2750000E-01  0.7036744     
 0.2916667E-01  0.5800412     
 0.3083333E-01  0.6694707     
 0.3250000E-01  0.6836612     
 0.3416666E-01  0.6278764     
 0.3583334E-01  0.4985705     
 0.3750000E-01  0.4365322     
 0.3916667E-01  0.3983948     
 0.4083334E-01  0.3991430     
 0.4250000E-01  0.3505625     
 0.4416666E-01  0.2183658     
 0.4583333E-01  0.1305525     
 0.4750000E-01  0.1919447     
 0.4916666E-01  0.1009015     
 0.5083333E-01  0.9415571E-01 
 0.5250000E-01  0.8909024E-01 
 0.5416667E-01  0.1090727     
 0.5583333E-01  0.1703423     
 0.5750000E-01  0.2123951     
 0.5916666E-01  0.2637265     
 0.6083334E-01  0.2897662     
 0.6250000E-01  0.2456996     
 0.6416667E-01  0.2247689     
 0.6583333E-01  0.2238365     
 0.6750000E-01  0.1354509     
 0.6916667E-01  0.1383383     
 0.7083333E-01  0.1103819     
 0.7250000E-01  0.6118073E-01 
 0.7416667E-01  0.7576945E-01 
 0.7583334E-01  0.1317009     
 0.7749999E-01  0.1800387     
 0.7916667E-01  0.2169859     
 0.8083334E-01  0.2187103     
 0.8250000E-01  0.1983366     
 0.8416667E-01  0.1478869     
 0.8583333E-01  0.9112610E-01 
 0.8750000E-01  0.6025182E-01 
 0.8916666E-01  0.1340756E-01 
 0.9083333E-01  0.7835400E-01 
 0.9250000E-01  0.1190157     
 0.9416667E-01  0.1721023     
 0.9583333E-01  0.1933253     
 0.9750000E-01  0.1466986     
 0.9916665E-01  0.8648135E-01 
 0.1008333      0.6820513E-01 
 0.1025000      0.2416178E-01 
 0.1041667      0.9777100E-01 
 0.1058333      0.1405910     
 0.1075000      0.1527313     
 0.1091667      0.1351485     
 0.1108333      0.1157031     
 0.1125000      0.1135085     
 0.1141667      0.6188653E-01 
 0.1158333      0.4560388E-01 
 0.1175000      0.7878864E-01 
 0.1191667      0.1114515     
 0.1208333      0.8307208E-01 
 0.1225000      0.7071295E-01 
 0.1241667      0.6044289E-01 
 0.1258333      0.4091863E-01 
 0.1275000      0.2272439E-01 
 0.1291667      0.1180528     
 0.1308333      0.7952307E-01 
 0.1325000      0.7302921E-01 
 0.1341667      0.2819230E-01 
 0.1358333      0.4409152E-01 
 0.1375000      0.5700162E-01 
 0.1391667      0.7335696E-01 
 0.1408333      0.8148880E-01 
 0.1425000      0.7040559E-01 
 0.1441667      0.3850660E-01 
 0.1458333      0.4405448E-01 
 0.1475000      0.7646617E-01 
 0.1491667      0.5980688E-01 
 0.1508333      0.5182534E-01 
 0.1525000      0.3769101E-01 
 0.1541667      0.5639140E-01 
 0.1558333      0.5558290E-01 
 0.1575000      0.4375608E-01 
 0.1591667      0.1901668E-01 
 0.1608333      0.4374715E-01 
 0.1625000      0.5541746E-01 
 0.1641667      0.7264653E-01 
 0.1658333      0.4227610E-01 
