# SumMovie FRC for input stack : stack1.mrc
# Number of micrographs: 1
# Number of frames per movie: 50
# Pixel size (A): 3.0000
# 1/(A)          FRC
# -----------------------
# 
# Micrograph 1 of 1. Score: .492
 0.8333334E-03  0.9999990     
 0.2500000E-02  0.9744705     
 0.4166666E-02  0.9565901     
 0.5833333E-02  0.9211871     
 0.7499999E-02  0.9017129     
 0.9166666E-02  0.7386483     
 0.1083333E-01  0.7065844     
 0.1250000E-01  0.8340115     
 0.1416667E-01  0.9052852     
 0.1583333E-01  0.9097231     
 0.1750000E-01  0.8504592     
 0.1916667E-01  0.6244229     
 0.2083333E-01  0.7189920     
 0.2250000E-01  0.8355305     
 0.2416667E-01  0.8739415     
 0.2583333E-01  0.8278539     
 0.2750000E-01  0.6707418     
 0.2916667E-01  0.5298759     
 0.3083333E-01  0.6343477     
 0.3250000E-01  0.6293612     
 0.3416666E-01  0.5738444     
 0.3583334E-01  0.4674589     
 0.3750000E-01  0.4172381     
 0.3916667E-01  0.3535824     
 0.4083334E-01  0.3496829     
 0.4250000E-01  0.3174648     
 0.4416666E-01  0.2089058     
 0.4583333E-01  0.1504394     
 0.4750000E-01  0.1766681     
 0.4916666E-01  0.1193665     
 0.5083333E-01  0.9798070E-01 
 0.5250000E-01  0.1143677     
 0.5416667E-01  0.1144433     
 0.5583333E-01  0.1741709     
 0.5750000E-01  0.2206001     
 0.5916666E-01  0.2332426     
 0.6083334E-01  0.2704434     
 0.6250000E-01  0.2358754     
 0.6416667E-01  0.2459110     
 0.6583333E-01  0.2218608     
 0.6750000E-01  0.1468358     
 0.6916667E-01  0.1549959     
 0.7083333E-01  0.1294135     
 0.7250000E-01  0.8085876E-01 
 0.7416667E-01  0.1083399     
 0.7583334E-01  0.1587418     
 0.7749999E-01  0.2092356     
 0.7916667E-01  0.2104253     
 0.8083334E-01  0.1999199     
 0.8250000E-01  0.2177329     
 0.8416667E-01  0.1795496     
 0.8583333E-01  0.1189501     
 0.8750000E-01  0.7653230E-01 
 0.8916666E-01  0.5684140E-01 
 0.9083333E-01  0.1335907     
 0.9250000E-01  0.1457402     
 0.9416667E-01  0.1794637     
 0.9583333E-01  0.1842080     
 0.9750000E-01  0.1668805     
 0.9916665E-01  0.1201074     
 0.1008333      0.1060444     
 0.1025000      0.6626310E-01 
 0.1041667      0.1073029     
 0.1058333      0.1714788     
 0.1075000      0.1472053     
 0.1091667      0.1490462     
 0.1108333      0.1266862     
 0.1125000      0.1133375     
 0.1141667      0.8667618E-01 
 0.1158333      0.6194929E-01 
 0.1175000      0.1070943     
 0.1191667      0.9321690E-01 
 0.1208333      0.1164726     
 0.1225000      0.8906420E-01 
 0.1241667      0.1020586     
 0.1258333      0.9179147E-01 
 0.1275000      0.7986625E-01 
 0.1291667      0.1189558     
 0.1308333      0.1298422     
 0.1325000      0.1119217     
 0.1341667      0.6984219E-01 
 0.1358333      0.8208772E-01 
 0.1375000      0.9865356E-01 
 0.1391667      0.1006148     
 0.1408333      0.1151086     
 0.1425000      0.7637446E-01 
 0.1441667      0.7521174E-01 
 0.1458333      0.9631289E-01 
 0.1475000      0.1193222     
 0.1491667      0.8181162E-01 
 0.1508333      0.1019098     
 0.1525000      0.7852519E-01 
 0.1541667      0.7692493E-01 
 0.1558333      0.7630696E-01 
 0.1575000      0.9799442E-01 
 0.1591667      0.8207519E-01 
 0.1608333      0.9517580E-01 
 0.1625000      0.6918570E-01 
 0.1641667      0.7893346E-01 
 0.1658333      0.8076216E-01 
