# SumMovie FRC for input stack : stack6.mrc
# Number of micrographs: 1
# Number of frames per movie: 50
# Pixel size (A): 3.0000
# 1/(A)          FRC
# -----------------------
# 
# Micrograph 1 of 1. Score: .566
 0.8333334E-03  0.9999999     
 0.2500000E-02  0.9513112     
 0.4166666E-02  0.9316441     
 0.5833333E-02  0.8460743     
 0.7499999E-02  0.8644544     
 0.9166666E-02  0.6710713     
 0.1083333E-01  0.6524788     
 0.1250000E-01  0.8451728     
 0.1416667E-01  0.8813418     
 0.1583333E-01  0.9297640     
 0.1750000E-01  0.8891963     
 0.1916667E-01  0.5986140     
 0.2083333E-01  0.6566595     
 0.2250000E-01  0.8233932     
 0.2416667E-01  0.8875538     
 0.2583333E-01  0.8383060     
 0.2750000E-01  0.7140934     
 0.2916667E-01  0.6055019     
 0.3083333E-01  0.6639742     
 0.3250000E-01  0.7068701     
 0.3416666E-01  0.6748665     
 0.3583334E-01  0.5645142     
 0.3750000E-01  0.5089956     
 0.3916667E-01  0.4917352     
 0.4083334E-01  0.5191116     
 0.4250000E-01  0.4257678     
 0.4416666E-01  0.3616684     
 0.4583333E-01  0.3233041     
 0.4750000E-01  0.2783190     
 0.4916666E-01  0.2049876     
 0.5083333E-01  0.1187074     
 0.5250000E-01  0.1475467     
 0.5416667E-01  0.9315515E-01 
 0.5583333E-01  0.1360261     
 0.5750000E-01  0.1294515     
 0.5916666E-01  0.2003142     
 0.6083334E-01  0.2579977     
 0.6250000E-01  0.2833874     
 0.6416667E-01  0.3156830     
 0.6583333E-01  0.3146723     
 0.6750000E-01  0.3232923     
 0.6916667E-01  0.3106581     
 0.7083333E-01  0.2564777     
 0.7250000E-01  0.2093069     
 0.7416667E-01  0.1466338     
 0.7583334E-01  0.1030588     
 0.7749999E-01  0.8756112E-01 
 0.7916667E-01  0.1041205     
 0.8083334E-01  0.1700904     
 0.8250000E-01  0.2067290     
 0.8416667E-01  0.2563648     
 0.8583333E-01  0.2796339     
 0.8750000E-01  0.2551723     
 0.8916666E-01  0.2583268     
 0.9083333E-01  0.1291404     
 0.9250000E-01  0.1347166     
 0.9416667E-01  0.9067302E-01 
 0.9583333E-01  0.1348955     
 0.9750000E-01  0.1386136     
 0.9916665E-01  0.1722930     
 0.1008333      0.1883887     
 0.1025000      0.2034005     
 0.1041667      0.2009407     
 0.1058333      0.1405219     
 0.1075000      0.1158057     
 0.1091667      0.6912035E-01 
 0.1108333      0.8854973E-01 
 0.1125000      0.1464837     
 0.1141667      0.1677116     
 0.1158333      0.1997850     
 0.1175000      0.1684993     
 0.1191667      0.1467484     
 0.1208333      0.1148916     
 0.1225000      0.8399671E-01 
 0.1241667      0.1109208     
 0.1258333      0.1089731     
 0.1275000      0.1629594     
 0.1291667      0.1470256     
 0.1308333      0.1534548     
 0.1325000      0.7895584E-01 
 0.1341667      0.7236608E-01 
 0.1358333      0.1203584     
 0.1375000      0.1068137     
 0.1391667      0.1081256     
 0.1408333      0.1328764     
 0.1425000      0.1103145     
 0.1441667      0.9575367E-01 
 0.1458333      0.9638287E-01 
 0.1475000      0.1124317     
 0.1491667      0.1340498     
 0.1508333      0.1428239     
 0.1525000      0.1202946     
 0.1541667      0.8141317E-01 
 0.1558333      0.1133157     
 0.1575000      0.1011580     
 0.1591667      0.1176576     
 0.1608333      0.1386244     
 0.1625000      0.1058242     
 0.1641667      0.9500996E-01 
 0.1658333      0.8007713E-01 
