# SumMovie FRC for input stack : stack6.mrc
# Number of micrographs: 1
# Number of frames per movie: 50
# Pixel size (A): 3.0000
# 1/(A)          FRC
# -----------------------
# 
# Micrograph 1 of 1. Score: .592
 0.8333334E-03  0.9999999     
 0.2500000E-02  0.9512812     
 0.4166666E-02  0.9319388     
 0.5833333E-02  0.8475383     
 0.7499999E-02  0.8653435     
 0.9166666E-02  0.6785071     
 0.1083333E-01  0.6577996     
 0.1250000E-01  0.8498874     
 0.1416667E-01  0.8880918     
 0.1583333E-01  0.9352786     
 0.1750000E-01  0.8937711     
 0.1916667E-01  0.6006844     
 0.2083333E-01  0.6729012     
 0.2250000E-01  0.8436121     
 0.2416667E-01  0.9027418     
 0.2583333E-01  0.8573456     
 0.2750000E-01  0.7353562     
 0.2916667E-01  0.6256779     
 0.3083333E-01  0.6982761     
 0.3250000E-01  0.7290149     
 0.3416666E-01  0.7025851     
 0.3583334E-01  0.6011421     
 0.3750000E-01  0.5383778     
 0.3916667E-01  0.5306809     
 0.4083334E-01  0.5749438     
 0.4250000E-01  0.4582164     
 0.4416666E-01  0.3961228     
 0.4583333E-01  0.3651329     
 0.4750000E-01  0.3046889     
 0.4916666E-01  0.2231737     
 0.5083333E-01  0.1340099     
 0.5250000E-01  0.1156717     
 0.5416667E-01  0.6008892E-01 
 0.5583333E-01  0.9855925E-01 
 0.5750000E-01  0.1214276     
 0.5916666E-01  0.1960599     
 0.6083334E-01  0.2697056     
 0.6250000E-01  0.2896808     
 0.6416667E-01  0.3445589     
 0.6583333E-01  0.3742928     
 0.6750000E-01  0.3473326     
 0.6916667E-01  0.3453197     
 0.7083333E-01  0.2916938     
 0.7250000E-01  0.2226575     
 0.7416667E-01  0.1224830     
 0.7583334E-01  0.7571309E-01 
 0.7749999E-01  0.6558353E-01 
 0.7916667E-01  0.7710860E-01 
 0.8083334E-01  0.1839299     
 0.8250000E-01  0.2320504     
 0.8416667E-01  0.2946867     
 0.8583333E-01  0.3108056     
 0.8750000E-01  0.2916561     
 0.8916666E-01  0.2424943     
 0.9083333E-01  0.1633913     
 0.9250000E-01  0.8596837E-01 
 0.9416667E-01  0.4656562E-01 
 0.9583333E-01  0.8468293E-01 
 0.9750000E-01  0.8553967E-01 
 0.9916665E-01  0.1430997     
 0.1008333      0.2212003     
 0.1025000      0.2384942     
 0.1041667      0.1712492     
 0.1058333      0.1477883     
 0.1075000      0.7939085E-01 
 0.1091667      0.7857930E-01 
 0.1108333      0.4194891E-01 
 0.1125000      0.8824074E-01 
 0.1141667      0.1403505     
 0.1158333      0.1928740     
 0.1175000      0.1691146     
 0.1191667      0.1286042     
 0.1208333      0.4093998E-01 
 0.1225000      0.4460000E-01 
 0.1241667      0.3666496E-01 
 0.1258333      0.1033480     
 0.1275000      0.1194937     
 0.1291667      0.1263079     
 0.1308333      0.1106505     
 0.1325000      0.5642577E-01 
 0.1341667      0.4442605E-01 
 0.1358333      0.7274466E-01 
 0.1375000      0.7013948E-01 
 0.1391667      0.1008502     
 0.1408333      0.8899038E-01 
 0.1425000      0.6878480E-01 
 0.1441667      0.5576311E-01 
 0.1458333      0.3848048E-01 
 0.1475000      0.4657108E-01 
 0.1491667      0.7527676E-01 
 0.1508333      0.9139322E-01 
 0.1525000      0.6881849E-01 
 0.1541667      0.4471961E-01 
 0.1558333      0.3400931E-01 
 0.1575000      0.7205131E-01 
 0.1591667      0.8109487E-01 
 0.1608333      0.7848306E-01 
 0.1625000      0.7575422E-01 
 0.1641667      0.6111712E-01 
 0.1658333      0.2851923E-01 
