# SumMovie FRC for input stack : stack6.mrc
# Number of micrographs: 1
# Number of frames per movie: 50
# Pixel size (A): 3.0000
# 1/(A)          FRC
# -----------------------
# 
# Micrograph 1 of 1. Score: .592
 0.8333334E-03  0.9999999     
 0.2500000E-02  0.9513054     
 0.4166666E-02  0.9319675     
 0.5833333E-02  0.8474374     
 0.7499999E-02  0.8653795     
 0.9166666E-02  0.6786180     
 0.1083333E-01  0.6585878     
 0.1250000E-01  0.8497832     
 0.1416667E-01  0.8879680     
 0.1583333E-01  0.9352324     
 0.1750000E-01  0.8941035     
 0.1916667E-01  0.6005058     
 0.2083333E-01  0.6728205     
 0.2250000E-01  0.8429442     
 0.2416667E-01  0.9026511     
 0.2583333E-01  0.8571649     
 0.2750000E-01  0.7352225     
 0.2916667E-01  0.6257080     
 0.3083333E-01  0.6978090     
 0.3250000E-01  0.7293146     
 0.3416666E-01  0.7026673     
 0.3583334E-01  0.6004190     
 0.3750000E-01  0.5391070     
 0.3916667E-01  0.5314463     
 0.4083334E-01  0.5747569     
 0.4250000E-01  0.4578398     
 0.4416666E-01  0.3958973     
 0.4583333E-01  0.3648374     
 0.4750000E-01  0.3024415     
 0.4916666E-01  0.2234822     
 0.5083333E-01  0.1348797     
 0.5250000E-01  0.1177837     
 0.5416667E-01  0.6284547E-01 
 0.5583333E-01  0.9966295E-01 
 0.5750000E-01  0.1221948     
 0.5916666E-01  0.1990602     
 0.6083334E-01  0.2712310     
 0.6250000E-01  0.2923839     
 0.6416667E-01  0.3458526     
 0.6583333E-01  0.3746048     
 0.6750000E-01  0.3502356     
 0.6916667E-01  0.3470991     
 0.7083333E-01  0.2912802     
 0.7250000E-01  0.2223159     
 0.7416667E-01  0.1253320     
 0.7583334E-01  0.7926433E-01 
 0.7749999E-01  0.6847708E-01 
 0.7916667E-01  0.7874689E-01 
 0.8083334E-01  0.1867701     
 0.8250000E-01  0.2304668     
 0.8416667E-01  0.2990004     
 0.8583333E-01  0.3114054     
 0.8750000E-01  0.2923422     
 0.8916666E-01  0.2444235     
 0.9083333E-01  0.1635088     
 0.9250000E-01  0.8556485E-01 
 0.9416667E-01  0.4821981E-01 
 0.9583333E-01  0.8704317E-01 
 0.9750000E-01  0.8940684E-01 
 0.9916665E-01  0.1441538     
 0.1008333      0.2168330     
 0.1025000      0.2407109     
 0.1041667      0.1728597     
 0.1058333      0.1491347     
 0.1075000      0.8208898E-01 
 0.1091667      0.7463567E-01 
 0.1108333      0.4535114E-01 
 0.1125000      0.8659263E-01 
 0.1141667      0.1424921     
 0.1158333      0.1918085     
 0.1175000      0.1735732     
 0.1191667      0.1316860     
 0.1208333      0.4261530E-01 
 0.1225000      0.4388669E-01 
 0.1241667      0.3959904E-01 
 0.1258333      0.1053778     
 0.1275000      0.1245900     
 0.1291667      0.1284693     
 0.1308333      0.1136651     
 0.1325000      0.5959965E-01 
 0.1341667      0.5182516E-01 
 0.1358333      0.7614667E-01 
 0.1375000      0.7036807E-01 
 0.1391667      0.1056641     
 0.1408333      0.9183177E-01 
 0.1425000      0.7239302E-01 
 0.1441667      0.5978706E-01 
 0.1458333      0.4190220E-01 
 0.1475000      0.4978946E-01 
 0.1491667      0.7856136E-01 
 0.1508333      0.9480947E-01 
 0.1525000      0.6752862E-01 
 0.1541667      0.4880143E-01 
 0.1558333      0.3811635E-01 
 0.1575000      0.7437450E-01 
 0.1591667      0.8277278E-01 
 0.1608333      0.7582498E-01 
 0.1625000      0.7729897E-01 
 0.1641667      0.5801501E-01 
 0.1658333      0.2967588E-01 
