# SumMovie FRC for input stack : stack6.mrc
# Number of micrographs: 1
# Number of frames per movie: 50
# Pixel size (A): 3.0000
# 1/(A)          FRC
# -----------------------
# 
# Micrograph 1 of 1. Score: .592
 0.8333334E-03  0.9999999     
 0.2500000E-02  0.9513219     
 0.4166666E-02  0.9319388     
 0.5833333E-02  0.8473113     
 0.7499999E-02  0.8654603     
 0.9166666E-02  0.6787468     
 0.1083333E-01  0.6590284     
 0.1250000E-01  0.8495252     
 0.1416667E-01  0.8878043     
 0.1583333E-01  0.9351100     
 0.1750000E-01  0.8942524     
 0.1916667E-01  0.6001850     
 0.2083333E-01  0.6724277     
 0.2250000E-01  0.8420990     
 0.2416667E-01  0.9025429     
 0.2583333E-01  0.8565454     
 0.2750000E-01  0.7342934     
 0.2916667E-01  0.6256555     
 0.3083333E-01  0.6972726     
 0.3250000E-01  0.7291586     
 0.3416666E-01  0.7021273     
 0.3583334E-01  0.5995109     
 0.3750000E-01  0.5402181     
 0.3916667E-01  0.5305395     
 0.4083334E-01  0.5736536     
 0.4250000E-01  0.4566864     
 0.4416666E-01  0.3944894     
 0.4583333E-01  0.3631798     
 0.4750000E-01  0.3001605     
 0.4916666E-01  0.2236165     
 0.5083333E-01  0.1329305     
 0.5250000E-01  0.1167085     
 0.5416667E-01  0.6317154E-01 
 0.5583333E-01  0.9763689E-01 
 0.5750000E-01  0.1214159     
 0.5916666E-01  0.1986793     
 0.6083334E-01  0.2704389     
 0.6250000E-01  0.2922567     
 0.6416667E-01  0.3449679     
 0.6583333E-01  0.3741721     
 0.6750000E-01  0.3507632     
 0.6916667E-01  0.3467337     
 0.7083333E-01  0.2884323     
 0.7250000E-01  0.2219879     
 0.7416667E-01  0.1284347     
 0.7583334E-01  0.8222791E-01 
 0.7749999E-01  0.6861982E-01 
 0.7916667E-01  0.7819153E-01 
 0.8083334E-01  0.1877181     
 0.8250000E-01  0.2282269     
 0.8416667E-01  0.2995979     
 0.8583333E-01  0.3118275     
 0.8750000E-01  0.2916662     
 0.8916666E-01  0.2453712     
 0.9083333E-01  0.1646501     
 0.9250000E-01  0.8422288E-01 
 0.9416667E-01  0.5254088E-01 
 0.9583333E-01  0.8487059E-01 
 0.9750000E-01  0.8931850E-01 
 0.9916665E-01  0.1445549     
 0.1008333      0.2139921     
 0.1025000      0.2369299     
 0.1041667      0.1765793     
 0.1058333      0.1497261     
 0.1075000      0.8307081E-01 
 0.1091667      0.6843749E-01 
 0.1108333      0.4598565E-01 
 0.1125000      0.8425871E-01 
 0.1141667      0.1411692     
 0.1158333      0.1937997     
 0.1175000      0.1770117     
 0.1191667      0.1377420     
 0.1208333      0.4087196E-01 
 0.1225000      0.4458182E-01 
 0.1241667      0.3770741E-01 
 0.1258333      0.1061065     
 0.1275000      0.1234128     
 0.1291667      0.1334499     
 0.1308333      0.1142146     
 0.1325000      0.6624844E-01 
 0.1341667      0.5727936E-01 
 0.1358333      0.7826345E-01 
 0.1375000      0.6643373E-01 
 0.1391667      0.1099874     
 0.1408333      0.9344401E-01 
 0.1425000      0.7795821E-01 
 0.1441667      0.6289983E-01 
 0.1458333      0.3925971E-01 
 0.1475000      0.5386894E-01 
 0.1491667      0.7974895E-01 
 0.1508333      0.9262068E-01 
 0.1525000      0.6661590E-01 
 0.1541667      0.4988071E-01 
 0.1558333      0.4057948E-01 
 0.1575000      0.7419496E-01 
 0.1591667      0.8226033E-01 
 0.1608333      0.7598393E-01 
 0.1625000      0.7962609E-01 
 0.1641667      0.4811873E-01 
 0.1658333      0.2796981E-01 
