# SumMovie FRC for input stack : stack6.mrc
# Number of micrographs: 1
# Number of frames per movie: 50
# Pixel size (A): 3.0000
# 1/(A)          FRC
# -----------------------
# 
# Micrograph 1 of 1. Score: .563
 0.8333334E-03  0.9999998     
 0.2500000E-02  0.9512940     
 0.4166666E-02  0.9316373     
 0.5833333E-02  0.8460271     
 0.7499999E-02  0.8642163     
 0.9166666E-02  0.6704866     
 0.1083333E-01  0.6517171     
 0.1250000E-01  0.8448661     
 0.1416667E-01  0.8806226     
 0.1583333E-01  0.9292383     
 0.1750000E-01  0.8885630     
 0.1916667E-01  0.5976912     
 0.2083333E-01  0.6547916     
 0.2250000E-01  0.8213274     
 0.2416667E-01  0.8860330     
 0.2583333E-01  0.8360469     
 0.2750000E-01  0.7113511     
 0.2916667E-01  0.6016598     
 0.3083333E-01  0.6595829     
 0.3250000E-01  0.7022378     
 0.3416666E-01  0.6714056     
 0.3583334E-01  0.5603319     
 0.3750000E-01  0.5033602     
 0.3916667E-01  0.4857080     
 0.4083334E-01  0.5111320     
 0.4250000E-01  0.4212317     
 0.4416666E-01  0.3589325     
 0.4583333E-01  0.3177111     
 0.4750000E-01  0.2754567     
 0.4916666E-01  0.2012746     
 0.5083333E-01  0.1185489     
 0.5250000E-01  0.1489887     
 0.5416667E-01  0.9394620E-01 
 0.5583333E-01  0.1386570     
 0.5750000E-01  0.1288587     
 0.5916666E-01  0.1963103     
 0.6083334E-01  0.2521482     
 0.6250000E-01  0.2805135     
 0.6416667E-01  0.3092088     
 0.6583333E-01  0.3084671     
 0.6750000E-01  0.3184652     
 0.6916667E-01  0.3077148     
 0.7083333E-01  0.2510052     
 0.7250000E-01  0.2073719     
 0.7416667E-01  0.1472439     
 0.7583334E-01  0.1027673     
 0.7749999E-01  0.8553007E-01 
 0.7916667E-01  0.1082063     
 0.8083334E-01  0.1691377     
 0.8250000E-01  0.2050142     
 0.8416667E-01  0.2505983     
 0.8583333E-01  0.2758342     
 0.8750000E-01  0.2502629     
 0.8916666E-01  0.2591414     
 0.9083333E-01  0.1289389     
 0.9250000E-01  0.1367855     
 0.9416667E-01  0.9160076E-01 
 0.9583333E-01  0.1368092     
 0.9750000E-01  0.1408178     
 0.9916665E-01  0.1723882     
 0.1008333      0.1866334     
 0.1025000      0.2029586     
 0.1041667      0.2002329     
 0.1058333      0.1371026     
 0.1075000      0.1184159     
 0.1091667      0.7580672E-01 
 0.1108333      0.9122436E-01 
 0.1125000      0.1460155     
 0.1141667      0.1629616     
 0.1158333      0.2013053     
 0.1175000      0.1711047     
 0.1191667      0.1491885     
 0.1208333      0.1223677     
 0.1225000      0.8901838E-01 
 0.1241667      0.1149896     
 0.1258333      0.1130672     
 0.1275000      0.1677638     
 0.1291667      0.1509770     
 0.1308333      0.1607087     
 0.1325000      0.8537810E-01 
 0.1341667      0.8053968E-01 
 0.1358333      0.1215018     
 0.1375000      0.1119565     
 0.1391667      0.1119515     
 0.1408333      0.1389304     
 0.1425000      0.1113525     
 0.1441667      0.1020844     
 0.1458333      0.1000174     
 0.1475000      0.1231209     
 0.1491667      0.1393497     
 0.1508333      0.1471620     
 0.1525000      0.1281583     
 0.1541667      0.8677924E-01 
 0.1558333      0.1197174     
 0.1575000      0.1083144     
 0.1591667      0.1282035     
 0.1608333      0.1430753     
 0.1625000      0.1109235     
 0.1641667      0.9997945E-01 
 0.1658333      0.8816564E-01 
