# SumMovie FRC for input stack : stack6.mrc
# Number of micrographs: 1
# Number of frames per movie: 50
# Pixel size (A): 3.0000
# 1/(A)          FRC
# -----------------------
# 
# Micrograph 1 of 1. Score: .572
 0.8333334E-03  0.9999999     
 0.2500000E-02  0.9513432     
 0.4166666E-02  0.9316562     
 0.5833333E-02  0.8461453     
 0.7499999E-02  0.8648568     
 0.9166666E-02  0.6722828     
 0.1083333E-01  0.6538824     
 0.1250000E-01  0.8457061     
 0.1416667E-01  0.8825745     
 0.1583333E-01  0.9306797     
 0.1750000E-01  0.8902940     
 0.1916667E-01  0.5997877     
 0.2083333E-01  0.6594874     
 0.2250000E-01  0.8266131     
 0.2416667E-01  0.8901586     
 0.2583333E-01  0.8418581     
 0.2750000E-01  0.7184058     
 0.2916667E-01  0.6116360     
 0.3083333E-01  0.6711281     
 0.3250000E-01  0.7142807     
 0.3416666E-01  0.6807402     
 0.3583334E-01  0.5717276     
 0.3750000E-01  0.5185323     
 0.3916667E-01  0.5013914     
 0.4083334E-01  0.5323611     
 0.4250000E-01  0.4328224     
 0.4416666E-01  0.3661712     
 0.4583333E-01  0.3330663     
 0.4750000E-01  0.2831753     
 0.4916666E-01  0.2106310     
 0.5083333E-01  0.1186670     
 0.5250000E-01  0.1441456     
 0.5416667E-01  0.9083112E-01 
 0.5583333E-01  0.1310670     
 0.5750000E-01  0.1297870     
 0.5916666E-01  0.2069728     
 0.6083334E-01  0.2665484     
 0.6250000E-01  0.2872105     
 0.6416667E-01  0.3270485     
 0.6583333E-01  0.3253852     
 0.6750000E-01  0.3316308     
 0.6916667E-01  0.3152490     
 0.7083333E-01  0.2654340     
 0.7250000E-01  0.2124685     
 0.7416667E-01  0.1450953     
 0.7583334E-01  0.1024027     
 0.7749999E-01  0.8934984E-01 
 0.7916667E-01  0.9693366E-01 
 0.8083334E-01  0.1714301     
 0.8250000E-01  0.2099730     
 0.8416667E-01  0.2651777     
 0.8583333E-01  0.2844573     
 0.8750000E-01  0.2615600     
 0.8916666E-01  0.2544997     
 0.9083333E-01  0.1315564     
 0.9250000E-01  0.1293642     
 0.9416667E-01  0.8629818E-01 
 0.9583333E-01  0.1294905     
 0.9750000E-01  0.1306669     
 0.9916665E-01  0.1678957     
 0.1008333      0.1899236     
 0.1025000      0.2095307     
 0.1041667      0.1976779     
 0.1058333      0.1434254     
 0.1075000      0.1088482     
 0.1091667      0.5799569E-01 
 0.1108333      0.8343891E-01 
 0.1125000      0.1391979     
 0.1141667      0.1725743     
 0.1158333      0.1962679     
 0.1175000      0.1603376     
 0.1191667      0.1412198     
 0.1208333      0.9935483E-01 
 0.1225000      0.7263464E-01 
 0.1241667      0.9635528E-01 
 0.1258333      0.1000656     
 0.1275000      0.1515657     
 0.1291667      0.1401295     
 0.1308333      0.1389521     
 0.1325000      0.6753610E-01 
 0.1341667      0.5777442E-01 
 0.1358333      0.1142344     
 0.1375000      0.9402170E-01 
 0.1391667      0.9781200E-01 
 0.1408333      0.1217216     
 0.1425000      0.1053741     
 0.1441667      0.8279159E-01 
 0.1458333      0.8378828E-01 
 0.1475000      0.9332214E-01 
 0.1491667      0.1209532     
 0.1508333      0.1306329     
 0.1525000      0.1029725     
 0.1541667      0.6827835E-01 
 0.1558333      0.9754258E-01 
 0.1575000      0.8738758E-01 
 0.1591667      0.1006877     
 0.1608333      0.1222952     
 0.1625000      0.9062143E-01 
 0.1641667      0.8436024E-01 
 0.1658333      0.6363598E-01 
