# SumMovie FRC for input stack : stack6.mrc
# Number of micrographs: 1
# Number of frames per movie: 50
# Pixel size (A): 3.0000
# 1/(A)          FRC
# -----------------------
# 
# Micrograph 1 of 1. Score: .592
 0.8333334E-03  0.9999999     
 0.2500000E-02  0.9513035     
 0.4166666E-02  0.9319224     
 0.5833333E-02  0.8474411     
 0.7499999E-02  0.8654092     
 0.9166666E-02  0.6782548     
 0.1083333E-01  0.6582545     
 0.1250000E-01  0.8497442     
 0.1416667E-01  0.8878382     
 0.1583333E-01  0.9351234     
 0.1750000E-01  0.8940471     
 0.1916667E-01  0.6008489     
 0.2083333E-01  0.6728509     
 0.2250000E-01  0.8427473     
 0.2416667E-01  0.9024753     
 0.2583333E-01  0.8571278     
 0.2750000E-01  0.7350004     
 0.2916667E-01  0.6260598     
 0.3083333E-01  0.6976258     
 0.3250000E-01  0.7294366     
 0.3416666E-01  0.7024593     
 0.3583334E-01  0.6000895     
 0.3750000E-01  0.5393507     
 0.3916667E-01  0.5311851     
 0.4083334E-01  0.5745942     
 0.4250000E-01  0.4578528     
 0.4416666E-01  0.3956592     
 0.4583333E-01  0.3662460     
 0.4750000E-01  0.3029157     
 0.4916666E-01  0.2232414     
 0.5083333E-01  0.1349770     
 0.5250000E-01  0.1184685     
 0.5416667E-01  0.6309143E-01 
 0.5583333E-01  0.9988590E-01 
 0.5750000E-01  0.1213381     
 0.5916666E-01  0.2004628     
 0.6083334E-01  0.2714259     
 0.6250000E-01  0.2932708     
 0.6416667E-01  0.3454516     
 0.6583333E-01  0.3731937     
 0.6750000E-01  0.3497165     
 0.6916667E-01  0.3472924     
 0.7083333E-01  0.2917437     
 0.7250000E-01  0.2238363     
 0.7416667E-01  0.1279714     
 0.7583334E-01  0.7869840E-01 
 0.7749999E-01  0.7137710E-01 
 0.7916667E-01  0.7854973E-01 
 0.8083334E-01  0.1867685     
 0.8250000E-01  0.2290341     
 0.8416667E-01  0.2972776     
 0.8583333E-01  0.3112094     
 0.8750000E-01  0.2919289     
 0.8916666E-01  0.2456195     
 0.9083333E-01  0.1634592     
 0.9250000E-01  0.8581677E-01 
 0.9416667E-01  0.5157292E-01 
 0.9583333E-01  0.8717885E-01 
 0.9750000E-01  0.8928432E-01 
 0.9916665E-01  0.1425546     
 0.1008333      0.2180318     
 0.1025000      0.2417866     
 0.1041667      0.1740941     
 0.1058333      0.1518420     
 0.1075000      0.8319729E-01 
 0.1091667      0.7258559E-01 
 0.1108333      0.4683234E-01 
 0.1125000      0.8519812E-01 
 0.1141667      0.1424413     
 0.1158333      0.1927172     
 0.1175000      0.1725213     
 0.1191667      0.1331913     
 0.1208333      0.4346037E-01 
 0.1225000      0.4386725E-01 
 0.1241667      0.3482841E-01 
 0.1258333      0.1040944     
 0.1275000      0.1240934     
 0.1291667      0.1281600     
 0.1308333      0.1169219     
 0.1325000      0.6204198E-01 
 0.1341667      0.5078311E-01 
 0.1358333      0.7571491E-01 
 0.1375000      0.6794345E-01 
 0.1391667      0.1039044     
 0.1408333      0.9126395E-01 
 0.1425000      0.7242484E-01 
 0.1441667      0.6149635E-01 
 0.1458333      0.3819454E-01 
 0.1475000      0.5281220E-01 
 0.1491667      0.7579084E-01 
 0.1508333      0.9353174E-01 
 0.1525000      0.6723052E-01 
 0.1541667      0.4731854E-01 
 0.1558333      0.3879749E-01 
 0.1575000      0.7399341E-01 
 0.1591667      0.8492381E-01 
 0.1608333      0.7624772E-01 
 0.1625000      0.7752769E-01 
 0.1641667      0.5641050E-01 
 0.1658333      0.2933961E-01 
