# SumMovie FRC for input stack : stack1.mrc
# Number of micrographs: 1
# Number of frames per movie: 50
# Pixel size (A): 3.0000
# 1/(A)          FRC
# -----------------------
# 
# Micrograph 1 of 1. Score: .492
 0.8333334E-03  0.9999990     
 0.2500000E-02  0.9744694     
 0.4166666E-02  0.9565876     
 0.5833333E-02  0.9211847     
 0.7499999E-02  0.9017085     
 0.9166666E-02  0.7385837     
 0.1083333E-01  0.7065320     
 0.1250000E-01  0.8339416     
 0.1416667E-01  0.9052238     
 0.1583333E-01  0.9096652     
 0.1750000E-01  0.8503547     
 0.1916667E-01  0.6241569     
 0.2083333E-01  0.7187858     
 0.2250000E-01  0.8353884     
 0.2416667E-01  0.8738003     
 0.2583333E-01  0.8276594     
 0.2750000E-01  0.6704776     
 0.2916667E-01  0.5294384     
 0.3083333E-01  0.6340259     
 0.3250000E-01  0.6288892     
 0.3416666E-01  0.5734471     
 0.3583334E-01  0.4672599     
 0.3750000E-01  0.4171104     
 0.3916667E-01  0.3531817     
 0.4083334E-01  0.3492480     
 0.4250000E-01  0.3171279     
 0.4416666E-01  0.2087440     
 0.4583333E-01  0.1506104     
 0.4750000E-01  0.1764097     
 0.4916666E-01  0.1193646     
 0.5083333E-01  0.9795810E-01 
 0.5250000E-01  0.1145793     
 0.5416667E-01  0.1143809     
 0.5583333E-01  0.1742484     
 0.5750000E-01  0.2205760     
 0.5916666E-01  0.2331978     
 0.6083334E-01  0.2702370     
 0.6250000E-01  0.2358599     
 0.6416667E-01  0.2459595     
 0.6583333E-01  0.2217349     
 0.6750000E-01  0.1468981     
 0.6916667E-01  0.1549292     
 0.7083333E-01  0.1294297     
 0.7250000E-01  0.8099122E-01 
 0.7416667E-01  0.1086156     
 0.7583334E-01  0.1590062     
 0.7749999E-01  0.2094016     
 0.7916667E-01  0.2104205     
 0.8083334E-01  0.1997639     
 0.8250000E-01  0.2177800     
 0.8416667E-01  0.1797806     
 0.8583333E-01  0.1189834     
 0.8750000E-01  0.7684874E-01 
 0.8916666E-01  0.5737502E-01 
 0.9083333E-01  0.1339345     
 0.9250000E-01  0.1459309     
 0.9416667E-01  0.1794930     
 0.9583333E-01  0.1842577     
 0.9750000E-01  0.1669252     
 0.9916665E-01  0.1203897     
 0.1008333      0.1062212     
 0.1025000      0.6663623E-01 
 0.1041667      0.1072254     
 0.1058333      0.1717581     
 0.1075000      0.1476503     
 0.1091667      0.1491609     
 0.1108333      0.1272972     
 0.1125000      0.1132858     
 0.1141667      0.8676644E-01 
 0.1158333      0.6213599E-01 
 0.1175000      0.1077234     
 0.1191667      0.9324610E-01 
 0.1208333      0.1164869     
 0.1225000      0.8956765E-01 
 0.1241667      0.1021988     
 0.1258333      0.9266585E-01 
 0.1275000      0.8048801E-01 
 0.1291667      0.1190098     
 0.1308333      0.1304216     
 0.1325000      0.1124083     
 0.1341667      0.7043723E-01 
 0.1358333      0.8258926E-01 
 0.1375000      0.9909993E-01 
 0.1391667      0.1010789     
 0.1408333      0.1152543     
 0.1425000      0.7694635E-01 
 0.1441667      0.7589458E-01 
 0.1458333      0.9652048E-01 
 0.1475000      0.1195714     
 0.1491667      0.8229267E-01 
 0.1508333      0.1026131     
 0.1525000      0.7949899E-01 
 0.1541667      0.7776327E-01 
 0.1558333      0.7676238E-01 
 0.1575000      0.9865855E-01 
 0.1591667      0.8299064E-01 
 0.1608333      0.9571617E-01 
 0.1625000      0.7003515E-01 
 0.1641667      0.7931381E-01 
 0.1658333      0.8159914E-01 
