# SumMovie FRC for input stack : stack16.mrc
# Number of micrographs: 1
# Number of frames per movie: 50
# Pixel size (A): 3.0000
# 1/(A)          FRC
# -----------------------
# 
# Micrograph 1 of 1. Score: .539
 0.8333334E-03  0.9999994     
 0.2500000E-02  0.9672083     
 0.4166666E-02  0.9454181     
 0.5833333E-02  0.9120271     
 0.7499999E-02  0.8965367     
 0.9166666E-02  0.8416693     
 0.1083333E-01  0.7765924     
 0.1250000E-01  0.8838719     
 0.1416667E-01  0.9355111     
 0.1583333E-01  0.9656742     
 0.1750000E-01  0.9459376     
 0.1916667E-01  0.7766911     
 0.2083333E-01  0.8030641     
 0.2250000E-01  0.9022775     
 0.2416667E-01  0.9432079     
 0.2583333E-01  0.9340173     
 0.2750000E-01  0.8305528     
 0.2916667E-01  0.7048796     
 0.3083333E-01  0.7535393     
 0.3250000E-01  0.7967042     
 0.3416666E-01  0.7329273     
 0.3583334E-01  0.6072331     
 0.3750000E-01  0.4399173     
 0.3916667E-01  0.3795396     
 0.4083334E-01  0.2926322     
 0.4250000E-01  0.1234689     
 0.4416666E-01  0.1214341     
 0.4583333E-01  0.8519027E-01 
 0.4750000E-01  0.1485666     
 0.4916666E-01  0.2696561     
 0.5083333E-01  0.3446240     
 0.5250000E-01  0.3910106     
 0.5416667E-01  0.3820071     
 0.5583333E-01  0.4239495     
 0.5750000E-01  0.3614146     
 0.5916666E-01  0.2788494     
 0.6083334E-01  0.1849294     
 0.6250000E-01  0.8287287E-01 
 0.6416667E-01  0.1059921     
 0.6583333E-01  0.1400621     
 0.6750000E-01  0.2104369     
 0.6916667E-01  0.3140454     
 0.7083333E-01  0.4072433     
 0.7250000E-01  0.3716920     
 0.7416667E-01  0.3072482     
 0.7583334E-01  0.1821514     
 0.7749999E-01  0.1200400     
 0.7916667E-01  0.9588066E-01 
 0.8083334E-01  0.2512807     
 0.8250000E-01  0.2765363     
 0.8416667E-01  0.3619794     
 0.8583333E-01  0.3020335     
 0.8750000E-01  0.1894381     
 0.8916666E-01  0.1185270     
 0.9083333E-01  0.7881185E-01 
 0.9250000E-01  0.1878706     
 0.9416667E-01  0.2609121     
 0.9583333E-01  0.2811698     
 0.9750000E-01  0.2137070     
 0.9916665E-01  0.1005680     
 0.1008333      0.6337725E-01 
 0.1025000      0.1227692     
 0.1041667      0.1920808     
 0.1058333      0.2428862     
 0.1075000      0.1830534     
 0.1091667      0.1114350     
 0.1108333      0.5908589E-01 
 0.1125000      0.1422828     
 0.1141667      0.1991582     
 0.1158333      0.1913635     
 0.1175000      0.1137184     
 0.1191667      0.4911266E-01 
 0.1208333      0.9450828E-01 
 0.1225000      0.1605718     
 0.1241667      0.1756981     
 0.1258333      0.1086237     
 0.1275000      0.6789569E-01 
 0.1291667      0.8966771E-01 
 0.1308333      0.1190585     
 0.1325000      0.1348496     
 0.1341667      0.7417719E-01 
 0.1358333      0.4637311E-01 
 0.1375000      0.1138600     
 0.1391667      0.1373449     
 0.1408333      0.9487727E-01 
 0.1425000      0.7719225E-01 
 0.1441667      0.7824590E-01 
 0.1458333      0.1157238     
 0.1475000      0.9741050E-01 
 0.1491667      0.6592109E-01 
 0.1508333      0.6951638E-01 
 0.1525000      0.1004239     
 0.1541667      0.8373248E-01 
 0.1558333      0.7612272E-01 
 0.1575000      0.4856907E-01 
 0.1591667      0.8642632E-01 
 0.1608333      0.9122539E-01 
 0.1625000      0.4703239E-01 
 0.1641667      0.6436256E-01 
 0.1658333      0.1334917     
