# SumMovie FRC for input stack : stack6.mrc
# Number of micrographs: 1
# Number of frames per movie: 50
# Pixel size (A): 3.0000
# 1/(A)          FRC
# -----------------------
# 
# Micrograph 1 of 1. Score: .569
 0.8333334E-03  0.9999999     
 0.2500000E-02  0.9513282     
 0.4166666E-02  0.9316453     
 0.5833333E-02  0.8460931     
 0.7499999E-02  0.8646455     
 0.9166666E-02  0.6716611     
 0.1083333E-01  0.6531598     
 0.1250000E-01  0.8454030     
 0.1416667E-01  0.8819728     
 0.1583333E-01  0.9302180     
 0.1750000E-01  0.8897393     
 0.1916667E-01  0.5992882     
 0.2083333E-01  0.6581395     
 0.2250000E-01  0.8250120     
 0.2416667E-01  0.8888381     
 0.2583333E-01  0.8400709     
 0.2750000E-01  0.7163186     
 0.2916667E-01  0.6085305     
 0.3083333E-01  0.6675532     
 0.3250000E-01  0.7106051     
 0.3416666E-01  0.6777454     
 0.3583334E-01  0.5680123     
 0.3750000E-01  0.5136886     
 0.3916667E-01  0.4966379     
 0.4083334E-01  0.5256171     
 0.4250000E-01  0.4294053     
 0.4416666E-01  0.3637789     
 0.4583333E-01  0.3283432     
 0.4750000E-01  0.2805738     
 0.4916666E-01  0.2077038     
 0.5083333E-01  0.1187040     
 0.5250000E-01  0.1458419     
 0.5416667E-01  0.9211887E-01 
 0.5583333E-01  0.1334234     
 0.5750000E-01  0.1297587     
 0.5916666E-01  0.2036101     
 0.6083334E-01  0.2623578     
 0.6250000E-01  0.2854252     
 0.6416667E-01  0.3211556     
 0.6583333E-01  0.3197938     
 0.6750000E-01  0.3275793     
 0.6916667E-01  0.3128519     
 0.7083333E-01  0.2608375     
 0.7250000E-01  0.2106763     
 0.7416667E-01  0.1460721     
 0.7583334E-01  0.1027917     
 0.7749999E-01  0.8891994E-01 
 0.7916667E-01  0.1002355     
 0.8083334E-01  0.1710249     
 0.8250000E-01  0.2083960     
 0.8416667E-01  0.2609092     
 0.8583333E-01  0.2823100     
 0.8750000E-01  0.2588432     
 0.8916666E-01  0.2565361     
 0.9083333E-01  0.1295689     
 0.9250000E-01  0.1324605     
 0.9416667E-01  0.8884511E-01 
 0.9583333E-01  0.1323389     
 0.9750000E-01  0.1351378     
 0.9916665E-01  0.1703347     
 0.1008333      0.1894072     
 0.1025000      0.2052117     
 0.1041667      0.2001231     
 0.1058333      0.1421771     
 0.1075000      0.1124942     
 0.1091667      0.6344886E-01 
 0.1108333      0.8587237E-01 
 0.1125000      0.1439513     
 0.1141667      0.1705320     
 0.1158333      0.1979240     
 0.1175000      0.1646570     
 0.1191667      0.1445599     
 0.1208333      0.1074465     
 0.1225000      0.7878485E-01 
 0.1241667      0.1048123     
 0.1258333      0.1044431     
 0.1275000      0.1573346     
 0.1291667      0.1432761     
 0.1308333      0.1460317     
 0.1325000      0.7346508E-01 
 0.1341667      0.6476173E-01 
 0.1358333      0.1180018     
 0.1375000      0.1004961     
 0.1391667      0.1036452     
 0.1408333      0.1272726     
 0.1425000      0.1086848     
 0.1441667      0.8946268E-01 
 0.1458333      0.9063938E-01 
 0.1475000      0.1026365     
 0.1491667      0.1281947     
 0.1508333      0.1372880     
 0.1525000      0.1121755     
 0.1541667      0.7520477E-01 
 0.1558333      0.1058999     
 0.1575000      0.9376072E-01 
 0.1591667      0.1083209     
 0.1608333      0.1313521     
 0.1625000      0.9835739E-01 
 0.1641667      0.8952203E-01 
 0.1658333      0.7239241E-01 
