# SumMovie FRC for input stack : stack1.mrc
# Number of micrographs: 1
# Number of frames per movie: 50
# Pixel size (A): 3.0000
# 1/(A)          FRC
# -----------------------
# 
# Micrograph 1 of 1. Score: .499
 0.8333334E-03  0.9999990     
 0.2500000E-02  0.9744834     
 0.4166666E-02  0.9566526     
 0.5833333E-02  0.9212940     
 0.7499999E-02  0.9020286     
 0.9166666E-02  0.7405044     
 0.1083333E-01  0.7085976     
 0.1250000E-01  0.8367149     
 0.1416667E-01  0.9074019     
 0.1583333E-01  0.9115735     
 0.1750000E-01  0.8542598     
 0.1916667E-01  0.6329954     
 0.2083333E-01  0.7261041     
 0.2250000E-01  0.8409845     
 0.2416667E-01  0.8789137     
 0.2583333E-01  0.8352121     
 0.2750000E-01  0.6812152     
 0.2916667E-01  0.5453512     
 0.3083333E-01  0.6455712     
 0.3250000E-01  0.6468182     
 0.3416666E-01  0.5904625     
 0.3583334E-01  0.4767602     
 0.3750000E-01  0.4227838     
 0.3916667E-01  0.3673884     
 0.4083334E-01  0.3639507     
 0.4250000E-01  0.3289971     
 0.4416666E-01  0.2124197     
 0.4583333E-01  0.1447115     
 0.4750000E-01  0.1841353     
 0.4916666E-01  0.1152141     
 0.5083333E-01  0.9741642E-01 
 0.5250000E-01  0.1074091     
 0.5416667E-01  0.1149075     
 0.5583333E-01  0.1708623     
 0.5750000E-01  0.2207831     
 0.5916666E-01  0.2389255     
 0.6083334E-01  0.2770370     
 0.6250000E-01  0.2373156     
 0.6416667E-01  0.2412045     
 0.6583333E-01  0.2238027     
 0.6750000E-01  0.1443611     
 0.6916667E-01  0.1560594     
 0.7083333E-01  0.1273673     
 0.7250000E-01  0.7754160E-01 
 0.7416667E-01  0.9978338E-01 
 0.7583334E-01  0.1488604     
 0.7749999E-01  0.2003309     
 0.7916667E-01  0.2081940     
 0.8083334E-01  0.2054650     
 0.8250000E-01  0.2106302     
 0.8416667E-01  0.1721552     
 0.8583333E-01  0.1122569     
 0.8750000E-01  0.6812064E-01 
 0.8916666E-01  0.3933087E-01 
 0.9083333E-01  0.1166118     
 0.9250000E-01  0.1363834     
 0.9416667E-01  0.1792777     
 0.9583333E-01  0.1829064     
 0.9750000E-01  0.1612639     
 0.9916665E-01  0.1087255     
 0.1008333      0.9743155E-01 
 0.1025000      0.5213412E-01 
 0.1041667      0.1113911     
 0.1058333      0.1609403     
 0.1075000      0.1398530     
 0.1091667      0.1444766     
 0.1108333      0.1134363     
 0.1125000      0.1148444     
 0.1141667      0.8103728E-01 
 0.1158333      0.5413560E-01 
 0.1175000      0.8682346E-01 
 0.1191667      0.9692691E-01 
 0.1208333      0.1114845     
 0.1225000      0.7017655E-01 
 0.1241667      0.9192947E-01 
 0.1258333      0.6767500E-01 
 0.1275000      0.5780758E-01 
 0.1291667      0.1194912     
 0.1308333      0.1091790     
 0.1325000      0.9558628E-01 
 0.1341667      0.4749937E-01 
 0.1358333      0.7046647E-01 
 0.1375000      0.8153363E-01 
 0.1391667      0.8496154E-01 
 0.1408333      0.1041435     
 0.1425000      0.5944817E-01 
 0.1441667      0.5592132E-01 
 0.1458333      0.8273260E-01 
 0.1475000      0.1034497     
 0.1491667      0.6520205E-01 
 0.1508333      0.7263967E-01 
 0.1525000      0.5131265E-01 
 0.1541667      0.5390153E-01 
 0.1558333      0.5863612E-01 
 0.1575000      0.7957575E-01 
 0.1591667      0.5060584E-01 
 0.1608333      0.8093527E-01 
 0.1625000      0.4834398E-01 
 0.1641667      0.6883544E-01 
 0.1658333      0.5857219E-01 
