# SumMovie FRC for input stack : stack16.mrc
# Number of micrographs: 1
# Number of frames per movie: 50
# Pixel size (A): 3.0000
# 1/(A)          FRC
# -----------------------
# 
# Micrograph 1 of 1. Score: .531
 0.8333334E-03  0.9999994     
 0.2500000E-02  0.9670596     
 0.4166666E-02  0.9459032     
 0.5833333E-02  0.9112182     
 0.7499999E-02  0.8945194     
 0.9166666E-02  0.8415666     
 0.1083333E-01  0.7726296     
 0.1250000E-01  0.8792413     
 0.1416667E-01  0.9336438     
 0.1583333E-01  0.9642756     
 0.1750000E-01  0.9441833     
 0.1916667E-01  0.7669604     
 0.2083333E-01  0.8018199     
 0.2250000E-01  0.8951647     
 0.2416667E-01  0.9359987     
 0.2583333E-01  0.9273486     
 0.2750000E-01  0.8186689     
 0.2916667E-01  0.6858296     
 0.3083333E-01  0.7356629     
 0.3250000E-01  0.7829036     
 0.3416666E-01  0.7049892     
 0.3583334E-01  0.5707310     
 0.3750000E-01  0.4292534     
 0.3916667E-01  0.3612026     
 0.4083334E-01  0.2966243     
 0.4250000E-01  0.1135169     
 0.4416666E-01  0.1235940     
 0.4583333E-01  0.1028485     
 0.4750000E-01  0.1356420     
 0.4916666E-01  0.2734749     
 0.5083333E-01  0.3375834     
 0.5250000E-01  0.3686185     
 0.5416667E-01  0.3658794     
 0.5583333E-01  0.4132583     
 0.5750000E-01  0.3534999     
 0.5916666E-01  0.2676502     
 0.6083334E-01  0.1831145     
 0.6250000E-01  0.8898776E-01 
 0.6416667E-01  0.1098147     
 0.6583333E-01  0.1447396     
 0.6750000E-01  0.2036711     
 0.6916667E-01  0.3082018     
 0.7083333E-01  0.4005764     
 0.7250000E-01  0.3414983     
 0.7416667E-01  0.2790965     
 0.7583334E-01  0.1703992     
 0.7749999E-01  0.1066857     
 0.7916667E-01  0.9151915E-01 
 0.8083334E-01  0.2491118     
 0.8250000E-01  0.2608673     
 0.8416667E-01  0.3387221     
 0.8583333E-01  0.2873196     
 0.8750000E-01  0.1871257     
 0.8916666E-01  0.1133541     
 0.9083333E-01  0.9001586E-01 
 0.9250000E-01  0.1810891     
 0.9416667E-01  0.2478035     
 0.9583333E-01  0.2679545     
 0.9750000E-01  0.2156231     
 0.9916665E-01  0.1155740     
 0.1008333      0.9121167E-01 
 0.1025000      0.1299312     
 0.1041667      0.1886370     
 0.1058333      0.2359083     
 0.1075000      0.1923687     
 0.1091667      0.1284567     
 0.1108333      0.6026147E-01 
 0.1125000      0.1514592     
 0.1141667      0.1794660     
 0.1158333      0.1768600     
 0.1175000      0.1229953     
 0.1191667      0.8657214E-01 
 0.1208333      0.1037229     
 0.1225000      0.1469837     
 0.1241667      0.1679035     
 0.1258333      0.1193969     
 0.1275000      0.8057562E-01 
 0.1291667      0.9194832E-01 
 0.1308333      0.1386217     
 0.1325000      0.1334051     
 0.1341667      0.1010720     
 0.1358333      0.5417842E-01 
 0.1375000      0.1034521     
 0.1391667      0.1300236     
 0.1408333      0.1252491     
 0.1425000      0.7924319E-01 
 0.1441667      0.1039840     
 0.1458333      0.1168466     
 0.1475000      0.1103567     
 0.1491667      0.9670257E-01 
 0.1508333      0.9592826E-01 
 0.1525000      0.1085881     
 0.1541667      0.9971783E-01 
 0.1558333      0.7879594E-01 
 0.1575000      0.7482541E-01 
 0.1591667      0.1052058     
 0.1608333      0.1051473     
 0.1625000      0.6832088E-01 
 0.1641667      0.7567649E-01 
 0.1658333      0.1396495     
