# SumMovie FRC for input stack : stack1.mrc
# Number of micrographs: 1
# Number of frames per movie: 50
# Pixel size (A): 3.0000
# 1/(A)          FRC
# -----------------------
# 
# Micrograph 1 of 1. Score: .514
 0.8333334E-03  0.9999990     
 0.2500000E-02  0.9745044     
 0.4166666E-02  0.9567673     
 0.5833333E-02  0.9214056     
 0.7499999E-02  0.9026597     
 0.9166666E-02  0.7445427     
 0.1083333E-01  0.7126337     
 0.1250000E-01  0.8424069     
 0.1416667E-01  0.9118767     
 0.1583333E-01  0.9152778     
 0.1750000E-01  0.8620052     
 0.1916667E-01  0.6499344     
 0.2083333E-01  0.7398865     
 0.2250000E-01  0.8518803     
 0.2416667E-01  0.8887880     
 0.2583333E-01  0.8498807     
 0.2750000E-01  0.7038907     
 0.2916667E-01  0.5810583     
 0.3083333E-01  0.6699158     
 0.3250000E-01  0.6845337     
 0.3416666E-01  0.6279330     
 0.3583334E-01  0.4980823     
 0.3750000E-01  0.4360508     
 0.3916667E-01  0.3993658     
 0.4083334E-01  0.4000477     
 0.4250000E-01  0.3507608     
 0.4416666E-01  0.2182423     
 0.4583333E-01  0.1308509     
 0.4750000E-01  0.1918259     
 0.4916666E-01  0.1002231     
 0.5083333E-01  0.9362290E-01 
 0.5250000E-01  0.8821890E-01 
 0.5416667E-01  0.1090350     
 0.5583333E-01  0.1699127     
 0.5750000E-01  0.2115419     
 0.5916666E-01  0.2637263     
 0.6083334E-01  0.2898628     
 0.6250000E-01  0.2462321     
 0.6416667E-01  0.2236147     
 0.6583333E-01  0.2235632     
 0.6750000E-01  0.1353332     
 0.6916667E-01  0.1371043     
 0.7083333E-01  0.1098060     
 0.7250000E-01  0.6092427E-01 
 0.7416667E-01  0.7493719E-01 
 0.7583334E-01  0.1305154     
 0.7749999E-01  0.1805847     
 0.7916667E-01  0.2179464     
 0.8083334E-01  0.2194219     
 0.8250000E-01  0.1987274     
 0.8416667E-01  0.1468353     
 0.8583333E-01  0.9078558E-01 
 0.8750000E-01  0.6012004E-01 
 0.8916666E-01  0.1372679E-01 
 0.9083333E-01  0.7866842E-01 
 0.9250000E-01  0.1186926     
 0.9416667E-01  0.1721732     
 0.9583333E-01  0.1945072     
 0.9750000E-01  0.1465801     
 0.9916665E-01  0.8519107E-01 
 0.1008333      0.6642009E-01 
 0.1025000      0.2418675E-01 
 0.1041667      0.9849277E-01 
 0.1058333      0.1406854     
 0.1075000      0.1524948     
 0.1091667      0.1334607     
 0.1108333      0.1145215     
 0.1125000      0.1136224     
 0.1141667      0.6083666E-01 
 0.1158333      0.4361119E-01 
 0.1175000      0.7940775E-01 
 0.1191667      0.1128495     
 0.1208333      0.8267339E-01 
 0.1225000      0.7129022E-01 
 0.1241667      0.5981923E-01 
 0.1258333      0.3998888E-01 
 0.1275000      0.2248157E-01 
 0.1291667      0.1167427     
 0.1308333      0.7836556E-01 
 0.1325000      0.6892534E-01 
 0.1341667      0.2757037E-01 
 0.1358333      0.4321373E-01 
 0.1375000      0.5500786E-01 
 0.1391667      0.7142090E-01 
 0.1408333      0.8046480E-01 
 0.1425000      0.7029332E-01 
 0.1441667      0.3816336E-01 
 0.1458333      0.4234872E-01 
 0.1475000      0.7686806E-01 
 0.1491667      0.6061543E-01 
 0.1508333      0.5118158E-01 
 0.1525000      0.3814727E-01 
 0.1541667      0.5654956E-01 
 0.1558333      0.5684675E-01 
 0.1575000      0.4258428E-01 
 0.1591667      0.1831082E-01 
 0.1608333      0.4106436E-01 
 0.1625000      0.5650780E-01 
 0.1641667      0.7116456E-01 
 0.1658333      0.4229403E-01 
