# SumMovie FRC for input stack : stack11.mrc
# Number of micrographs: 1
# Number of frames per movie: 50
# Pixel size (A): 3.0000
# 1/(A)          FRC
# -----------------------
# 
# Micrograph 1 of 1. Score: .574
 0.8333334E-03  0.9999998     
 0.2500000E-02  0.8503200     
 0.4166666E-02  0.8704174     
 0.5833333E-02  0.8519289     
 0.7499999E-02  0.8575141     
 0.9166666E-02  0.7370328     
 0.1083333E-01  0.6259447     
 0.1250000E-01  0.8525298     
 0.1416667E-01  0.9143370     
 0.1583333E-01  0.9439374     
 0.1750000E-01  0.9074036     
 0.1916667E-01  0.6580010     
 0.2083333E-01  0.7398502     
 0.2250000E-01  0.8754826     
 0.2416667E-01  0.9224009     
 0.2583333E-01  0.8926681     
 0.2750000E-01  0.7432176     
 0.2916667E-01  0.6440098     
 0.3083333E-01  0.7124577     
 0.3250000E-01  0.7728016     
 0.3416666E-01  0.7222145     
 0.3583334E-01  0.5907028     
 0.3750000E-01  0.5252811     
 0.3916667E-01  0.5013252     
 0.4083334E-01  0.5186366     
 0.4250000E-01  0.4026302     
 0.4416666E-01  0.3386280     
 0.4583333E-01  0.2934383     
 0.4750000E-01  0.2209390     
 0.4916666E-01  0.1085519     
 0.5083333E-01  0.7645838E-01 
 0.5250000E-01  0.1373108     
 0.5416667E-01  0.1412292     
 0.5583333E-01  0.2224494     
 0.5750000E-01  0.2984085     
 0.5916666E-01  0.3641240     
 0.6083334E-01  0.3573876     
 0.6250000E-01  0.4060128     
 0.6416667E-01  0.3934079     
 0.6583333E-01  0.3152970     
 0.6750000E-01  0.3013241     
 0.6916667E-01  0.1900642     
 0.7083333E-01  0.1114345     
 0.7250000E-01  0.8270099E-01 
 0.7416667E-01  0.1100693     
 0.7583334E-01  0.1993228     
 0.7749999E-01  0.2695305     
 0.7916667E-01  0.3142478     
 0.8083334E-01  0.3579192     
 0.8250000E-01  0.3230315     
 0.8416667E-01  0.2991451     
 0.8583333E-01  0.2086699     
 0.8750000E-01  0.9774230E-01 
 0.8916666E-01  0.7702487E-01 
 0.9083333E-01  0.1314699     
 0.9250000E-01  0.2265769     
 0.9416667E-01  0.2893980     
 0.9583333E-01  0.3033356     
 0.9750000E-01  0.2587329     
 0.9916665E-01  0.2363132     
 0.1008333      0.1123099     
 0.1025000      0.7565409E-01 
 0.1041667      0.1343240     
 0.1058333      0.2168120     
 0.1075000      0.2260538     
 0.1091667      0.2488225     
 0.1108333      0.2082194     
 0.1125000      0.1511382     
 0.1141667      0.9470476E-01 
 0.1158333      0.9359631E-01 
 0.1175000      0.1626772     
 0.1191667      0.1930348     
 0.1208333      0.1634105     
 0.1225000      0.1462229     
 0.1241667      0.8860908E-01 
 0.1258333      0.9420256E-01 
 0.1275000      0.1073679     
 0.1291667      0.1643850     
 0.1308333      0.1681370     
 0.1325000      0.1808373     
 0.1341667      0.1061480     
 0.1358333      0.6588212E-01 
 0.1375000      0.1270034     
 0.1391667      0.1153624     
 0.1408333      0.1522742     
 0.1425000      0.1161643     
 0.1441667      0.1053979     
 0.1458333      0.9242916E-01 
 0.1475000      0.8758513E-01 
 0.1491667      0.1213570     
 0.1508333      0.1394783     
 0.1525000      0.1051996     
 0.1541667      0.9285217E-01 
 0.1558333      0.1004995     
 0.1575000      0.1390533     
 0.1591667      0.9925971E-01 
 0.1608333      0.1047971     
 0.1625000      0.8461202E-01 
 0.1641667      0.1170408     
 0.1658333      0.1308850     
