# SumMovie FRC for input stack : stack1.mrc
# Number of micrographs: 1
# Number of frames per movie: 50
# Pixel size (A): 3.0000
# 1/(A)          FRC
# -----------------------
# 
# Micrograph 1 of 1. Score: .531
 0.8333334E-03  0.9999990     
 0.2500000E-02  0.9744579     
 0.4166666E-02  0.9567956     
 0.5833333E-02  0.9214168     
 0.7499999E-02  0.9031249     
 0.9166666E-02  0.7481644     
 0.1083333E-01  0.7179701     
 0.1250000E-01  0.8486880     
 0.1416667E-01  0.9161841     
 0.1583333E-01  0.9187180     
 0.1750000E-01  0.8697543     
 0.1916667E-01  0.6656465     
 0.2083333E-01  0.7539918     
 0.2250000E-01  0.8631355     
 0.2416667E-01  0.8984779     
 0.2583333E-01  0.8652627     
 0.2750000E-01  0.7305478     
 0.2916667E-01  0.6219099     
 0.3083333E-01  0.6970102     
 0.3250000E-01  0.7232663     
 0.3416666E-01  0.6699158     
 0.3583334E-01  0.5299650     
 0.3750000E-01  0.4619898     
 0.3916667E-01  0.4370905     
 0.4083334E-01  0.4413843     
 0.4250000E-01  0.3748763     
 0.4416666E-01  0.2325894     
 0.4583333E-01  0.1342795     
 0.4750000E-01  0.1771597     
 0.4916666E-01  0.8842632E-01 
 0.5083333E-01  0.6871355E-01 
 0.5250000E-01  0.7345423E-01 
 0.5416667E-01  0.1018470     
 0.5583333E-01  0.1828340     
 0.5750000E-01  0.2203102     
 0.5916666E-01  0.3150090     
 0.6083334E-01  0.3206289     
 0.6250000E-01  0.2959012     
 0.6416667E-01  0.2556292     
 0.6583333E-01  0.2480410     
 0.6750000E-01  0.1476557     
 0.6916667E-01  0.1097624     
 0.7083333E-01  0.8165413E-01 
 0.7250000E-01  0.5671353E-01 
 0.7416667E-01  0.8260088E-01 
 0.7583334E-01  0.1443878     
 0.7749999E-01  0.2220765     
 0.7916667E-01  0.2848895     
 0.8083334E-01  0.2672471     
 0.8250000E-01  0.2573514     
 0.8416667E-01  0.1837987     
 0.8583333E-01  0.1061452     
 0.8750000E-01  0.5311675E-01 
 0.8916666E-01  0.4755597E-01 
 0.9083333E-01  0.1097833     
 0.9250000E-01  0.1629684     
 0.9416667E-01  0.2152409     
 0.9583333E-01  0.2272658     
 0.9750000E-01  0.1716180     
 0.9916665E-01  0.1156779     
 0.1008333      0.6681973E-01 
 0.1025000      0.5658254E-01 
 0.1041667      0.7852485E-01 
 0.1058333      0.1427148     
 0.1075000      0.1553012     
 0.1091667      0.1541966     
 0.1108333      0.1031904     
 0.1125000      0.1284018     
 0.1141667      0.5882999E-01 
 0.1158333      0.3735545E-01 
 0.1175000      0.8332732E-01 
 0.1191667      0.1071729     
 0.1208333      0.1049621     
 0.1225000      0.1001682     
 0.1241667      0.5848971E-01 
 0.1258333      0.3614408E-01 
 0.1275000      0.5421102E-01 
 0.1291667      0.9150917E-01 
 0.1308333      0.1103153     
 0.1325000      0.6536330E-01 
 0.1341667      0.4087132E-01 
 0.1358333      0.3331567E-01 
 0.1375000      0.6403684E-01 
 0.1391667      0.7386187E-01 
 0.1408333      0.7296871E-01 
 0.1425000      0.5349743E-01 
 0.1441667      0.1898909E-01 
 0.1458333      0.4455434E-01 
 0.1475000      0.7209636E-01 
 0.1491667      0.6096053E-01 
 0.1508333      0.7133185E-01 
 0.1525000      0.4712833E-01 
 0.1541667      0.3792997E-01 
 0.1558333      0.6182878E-01 
 0.1575000      0.4527917E-01 
 0.1591667      0.1468404E-01 
 0.1608333      0.4118418E-01 
 0.1625000      0.5193032E-01 
 0.1641667      0.5201604E-01 
 0.1658333      0.1725596E-01 
