# SumMovie FRC for input stack : stack16.mrc
# Number of micrographs: 1
# Number of frames per movie: 50
# Pixel size (A): 3.0000
# 1/(A)          FRC
# -----------------------
# 
# Micrograph 1 of 1. Score: .538
 0.8333334E-03  0.9999994     
 0.2500000E-02  0.9672157     
 0.4166666E-02  0.9454497     
 0.5833333E-02  0.9120650     
 0.7499999E-02  0.8964642     
 0.9166666E-02  0.8416880     
 0.1083333E-01  0.7766748     
 0.1250000E-01  0.8839047     
 0.1416667E-01  0.9354954     
 0.1583333E-01  0.9656494     
 0.1750000E-01  0.9459324     
 0.1916667E-01  0.7764767     
 0.2083333E-01  0.8031464     
 0.2250000E-01  0.9024411     
 0.2416667E-01  0.9433707     
 0.2583333E-01  0.9341172     
 0.2750000E-01  0.8307025     
 0.2916667E-01  0.7049686     
 0.3083333E-01  0.7539850     
 0.3250000E-01  0.7966222     
 0.3416666E-01  0.7329895     
 0.3583334E-01  0.6085016     
 0.3750000E-01  0.4394542     
 0.3916667E-01  0.3795008     
 0.4083334E-01  0.2915743     
 0.4250000E-01  0.1227642     
 0.4416666E-01  0.1195151     
 0.4583333E-01  0.8406994E-01 
 0.4750000E-01  0.1483330     
 0.4916666E-01  0.2683703     
 0.5083333E-01  0.3442283     
 0.5250000E-01  0.3895750     
 0.5416667E-01  0.3821256     
 0.5583333E-01  0.4242599     
 0.5750000E-01  0.3624480     
 0.5916666E-01  0.2781147     
 0.6083334E-01  0.1861861     
 0.6250000E-01  0.7998869E-01 
 0.6416667E-01  0.1030809     
 0.6583333E-01  0.1377602     
 0.6750000E-01  0.2075050     
 0.6916667E-01  0.3155552     
 0.7083333E-01  0.4069466     
 0.7250000E-01  0.3721326     
 0.7416667E-01  0.3064598     
 0.7583334E-01  0.1816399     
 0.7749999E-01  0.1178132     
 0.7916667E-01  0.9371516E-01 
 0.8083334E-01  0.2497543     
 0.8250000E-01  0.2753600     
 0.8416667E-01  0.3601152     
 0.8583333E-01  0.3019268     
 0.8750000E-01  0.1836856     
 0.8916666E-01  0.1190172     
 0.9083333E-01  0.7696521E-01 
 0.9250000E-01  0.1857195     
 0.9416667E-01  0.2606118     
 0.9583333E-01  0.2788441     
 0.9750000E-01  0.2077843     
 0.9916665E-01  0.9536389E-01 
 0.1008333      0.5812543E-01 
 0.1025000      0.1204362     
 0.1041667      0.1911682     
 0.1058333      0.2399481     
 0.1075000      0.1791296     
 0.1091667      0.1087243     
 0.1108333      0.5521048E-01 
 0.1125000      0.1374143     
 0.1141667      0.1976330     
 0.1158333      0.1885222     
 0.1175000      0.1120568     
 0.1191667      0.4654837E-01 
 0.1208333      0.8846985E-01 
 0.1225000      0.1569373     
 0.1241667      0.1729208     
 0.1258333      0.1081116     
 0.1275000      0.6433970E-01 
 0.1291667      0.8832332E-01 
 0.1308333      0.1184774     
 0.1325000      0.1339816     
 0.1341667      0.6652508E-01 
 0.1358333      0.4561574E-01 
 0.1375000      0.1109462     
 0.1391667      0.1356162     
 0.1408333      0.9173925E-01 
 0.1425000      0.7387326E-01 
 0.1441667      0.7322890E-01 
 0.1458333      0.1122611     
 0.1475000      0.9213427E-01 
 0.1491667      0.5980228E-01 
 0.1508333      0.6821295E-01 
 0.1525000      0.9847251E-01 
 0.1541667      0.8283626E-01 
 0.1558333      0.7388776E-01 
 0.1575000      0.4298535E-01 
 0.1591667      0.8243553E-01 
 0.1608333      0.8605753E-01 
 0.1625000      0.4415927E-01 
 0.1641667      0.6261498E-01 
 0.1658333      0.1296325     
