# SumMovie FRC for input stack : stack6.mrc
# Number of micrographs: 1
# Number of frames per movie: 50
# Pixel size (A): 3.0000
# 1/(A)          FRC
# -----------------------
# 
# Micrograph 1 of 1. Score: .592
 0.8333334E-03  0.9999999     
 0.2500000E-02  0.9512826     
 0.4166666E-02  0.9319734     
 0.5833333E-02  0.8475240     
 0.7499999E-02  0.8653031     
 0.9166666E-02  0.6786530     
 0.1083333E-01  0.6582961     
 0.1250000E-01  0.8498913     
 0.1416667E-01  0.8880656     
 0.1583333E-01  0.9352993     
 0.1750000E-01  0.8939598     
 0.1916667E-01  0.6006603     
 0.2083333E-01  0.6729627     
 0.2250000E-01  0.8434883     
 0.2416667E-01  0.9027570     
 0.2583333E-01  0.8573332     
 0.2750000E-01  0.7355120     
 0.2916667E-01  0.6256212     
 0.3083333E-01  0.6983820     
 0.3250000E-01  0.7291389     
 0.3416666E-01  0.7027973     
 0.3583334E-01  0.6011364     
 0.3750000E-01  0.5384503     
 0.3916667E-01  0.5312211     
 0.4083334E-01  0.5750949     
 0.4250000E-01  0.4580560     
 0.4416666E-01  0.3963409     
 0.4583333E-01  0.3648206     
 0.4750000E-01  0.3041820     
 0.4916666E-01  0.2233880     
 0.5083333E-01  0.1346106     
 0.5250000E-01  0.1172909     
 0.5416667E-01  0.6146185E-01 
 0.5583333E-01  0.9953171E-01 
 0.5750000E-01  0.1222284     
 0.5916666E-01  0.1976719     
 0.6083334E-01  0.2703769     
 0.6250000E-01  0.2908642     
 0.6416667E-01  0.3458830     
 0.6583333E-01  0.3746835     
 0.6750000E-01  0.3489659     
 0.6916667E-01  0.3457991     
 0.7083333E-01  0.2919895     
 0.7250000E-01  0.2223381     
 0.7416667E-01  0.1225760     
 0.7583334E-01  0.7739414E-01 
 0.7749999E-01  0.6638506E-01 
 0.7916667E-01  0.7842907E-01 
 0.8083334E-01  0.1852706     
 0.8250000E-01  0.2323254     
 0.8416667E-01  0.2969283     
 0.8583333E-01  0.3104953     
 0.8750000E-01  0.2921475     
 0.8916666E-01  0.2434084     
 0.9083333E-01  0.1633147     
 0.9250000E-01  0.8654235E-01 
 0.9416667E-01  0.4530455E-01 
 0.9583333E-01  0.8730404E-01 
 0.9750000E-01  0.8749728E-01 
 0.9916665E-01  0.1449593     
 0.1008333      0.2188369     
 0.1025000      0.2398111     
 0.1041667      0.1720362     
 0.1058333      0.1470156     
 0.1075000      0.8029447E-01 
 0.1091667      0.7868338E-01 
 0.1108333      0.4430143E-01 
 0.1125000      0.8927337E-01 
 0.1141667      0.1422009     
 0.1158333      0.1917560     
 0.1175000      0.1720811     
 0.1191667      0.1301918     
 0.1208333      0.4287773E-01 
 0.1225000      0.4423411E-01 
 0.1241667      0.4021101E-01 
 0.1258333      0.1049777     
 0.1275000      0.1231285     
 0.1291667      0.1267481     
 0.1308333      0.1112769     
 0.1325000      0.5625832E-01 
 0.1341667      0.4725264E-01 
 0.1358333      0.7486336E-01 
 0.1375000      0.7196065E-01 
 0.1391667      0.1026294     
 0.1408333      0.9176653E-01 
 0.1425000      0.6957425E-01 
 0.1441667      0.5702475E-01 
 0.1458333      0.4146140E-01 
 0.1475000      0.4756010E-01 
 0.1491667      0.7850709E-01 
 0.1508333      0.9398053E-01 
 0.1525000      0.6819932E-01 
 0.1541667      0.4642675E-01 
 0.1558333      0.3532119E-01 
 0.1575000      0.7412858E-01 
 0.1591667      0.8204805E-01 
 0.1608333      0.7826482E-01 
 0.1625000      0.7647965E-01 
 0.1641667      0.6375164E-01 
 0.1658333      0.2824467E-01 
