# SumMovie FRC for input stack : stack6.mrc
# Number of micrographs: 1
# Number of frames per movie: 50
# Pixel size (A): 3.0000
# 1/(A)          FRC
# -----------------------
# 
# Micrograph 1 of 1. Score: .592
 0.8333334E-03  0.9999999     
 0.2500000E-02  0.9513039     
 0.4166666E-02  0.9319085     
 0.5833333E-02  0.8473785     
 0.7499999E-02  0.8654482     
 0.9166666E-02  0.6779314     
 0.1083333E-01  0.6581607     
 0.1250000E-01  0.8495378     
 0.1416667E-01  0.8877462     
 0.1583333E-01  0.9349937     
 0.1750000E-01  0.8939946     
 0.1916667E-01  0.6008729     
 0.2083333E-01  0.6726372     
 0.2250000E-01  0.8423456     
 0.2416667E-01  0.9021916     
 0.2583333E-01  0.8569561     
 0.2750000E-01  0.7345279     
 0.2916667E-01  0.6264189     
 0.3083333E-01  0.6972839     
 0.3250000E-01  0.7293369     
 0.3416666E-01  0.7020446     
 0.3583334E-01  0.5995955     
 0.3750000E-01  0.5397160     
 0.3916667E-01  0.5307057     
 0.4083334E-01  0.5745048     
 0.4250000E-01  0.4582167     
 0.4416666E-01  0.3954859     
 0.4583333E-01  0.3666050     
 0.4750000E-01  0.3019006     
 0.4916666E-01  0.2221492     
 0.5083333E-01  0.1338910     
 0.5250000E-01  0.1194490     
 0.5416667E-01  0.6348845E-01 
 0.5583333E-01  0.1002718     
 0.5750000E-01  0.1207897     
 0.5916666E-01  0.2006509     
 0.6083334E-01  0.2719999     
 0.6250000E-01  0.2945464     
 0.6416667E-01  0.3448395     
 0.6583333E-01  0.3713705     
 0.6750000E-01  0.3489727     
 0.6916667E-01  0.3469238     
 0.7083333E-01  0.2915394     
 0.7250000E-01  0.2242078     
 0.7416667E-01  0.1309167     
 0.7583334E-01  0.8011209E-01 
 0.7749999E-01  0.7280505E-01 
 0.7916667E-01  0.7781255E-01 
 0.8083334E-01  0.1870642     
 0.8250000E-01  0.2271679     
 0.8416667E-01  0.2960140     
 0.8583333E-01  0.3108823     
 0.8750000E-01  0.2917539     
 0.8916666E-01  0.2470659     
 0.9083333E-01  0.1632600     
 0.9250000E-01  0.8755696E-01 
 0.9416667E-01  0.5469169E-01 
 0.9583333E-01  0.8660448E-01 
 0.9750000E-01  0.8883239E-01 
 0.9916665E-01  0.1418590     
 0.1008333      0.2172579     
 0.1025000      0.2424114     
 0.1041667      0.1757241     
 0.1058333      0.1537304     
 0.1075000      0.8393962E-01 
 0.1091667      0.7061587E-01 
 0.1108333      0.4876141E-01 
 0.1125000      0.8317197E-01 
 0.1141667      0.1425215     
 0.1158333      0.1936352     
 0.1175000      0.1721918     
 0.1191667      0.1365975     
 0.1208333      0.4513958E-01 
 0.1225000      0.4445583E-01 
 0.1241667      0.3070305E-01 
 0.1258333      0.1042795     
 0.1275000      0.1239555     
 0.1291667      0.1293780     
 0.1308333      0.1198964     
 0.1325000      0.6485322E-01 
 0.1341667      0.5011839E-01 
 0.1358333      0.7632729E-01 
 0.1375000      0.6577876E-01 
 0.1391667      0.1023746     
 0.1408333      0.9213043E-01 
 0.1425000      0.7401653E-01 
 0.1441667      0.6424532E-01 
 0.1458333      0.3398507E-01 
 0.1475000      0.5604568E-01 
 0.1491667      0.7528441E-01 
 0.1508333      0.9242986E-01 
 0.1525000      0.6687646E-01 
 0.1541667      0.4501178E-01 
 0.1558333      0.4125786E-01 
 0.1575000      0.7263508E-01 
 0.1591667      0.8630738E-01 
 0.1608333      0.7656790E-01 
 0.1625000      0.7917589E-01 
 0.1641667      0.5615288E-01 
 0.1658333      0.2913226E-01 
