# SumMovie FRC for input stack : stack16.mrc
# Number of micrographs: 1
# Number of frames per movie: 50
# Pixel size (A): 3.0000
# 1/(A)          FRC
# -----------------------
# 
# Micrograph 1 of 1. Score: .538
 0.8333334E-03  0.9999994     
 0.2500000E-02  0.9672215     
 0.4166666E-02  0.9454442     
 0.5833333E-02  0.9120790     
 0.7499999E-02  0.8964862     
 0.9166666E-02  0.8416545     
 0.1083333E-01  0.7768016     
 0.1250000E-01  0.8839893     
 0.1416667E-01  0.9355003     
 0.1583333E-01  0.9656434     
 0.1750000E-01  0.9459182     
 0.1916667E-01  0.7764997     
 0.2083333E-01  0.8029819     
 0.2250000E-01  0.9024711     
 0.2416667E-01  0.9434512     
 0.2583333E-01  0.9341130     
 0.2750000E-01  0.8305923     
 0.2916667E-01  0.7050317     
 0.3083333E-01  0.7541221     
 0.3250000E-01  0.7966288     
 0.3416666E-01  0.7330289     
 0.3583334E-01  0.6087849     
 0.3750000E-01  0.4392059     
 0.3916667E-01  0.3793825     
 0.4083334E-01  0.2913621     
 0.4250000E-01  0.1225778     
 0.4416666E-01  0.1186822     
 0.4583333E-01  0.8342193E-01 
 0.4750000E-01  0.1478204     
 0.4916666E-01  0.2679275     
 0.5083333E-01  0.3444949     
 0.5250000E-01  0.3894489     
 0.5416667E-01  0.3824824     
 0.5583333E-01  0.4241706     
 0.5750000E-01  0.3622013     
 0.5916666E-01  0.2770418     
 0.6083334E-01  0.1858845     
 0.6250000E-01  0.7880152E-01 
 0.6416667E-01  0.1024400     
 0.6583333E-01  0.1375302     
 0.6750000E-01  0.2070614     
 0.6916667E-01  0.3153783     
 0.7083333E-01  0.4062310     
 0.7250000E-01  0.3726432     
 0.7416667E-01  0.3073100     
 0.7583334E-01  0.1811740     
 0.7749999E-01  0.1180640     
 0.7916667E-01  0.9277575E-01 
 0.8083334E-01  0.2491944     
 0.8250000E-01  0.2749481     
 0.8416667E-01  0.3594679     
 0.8583333E-01  0.3018319     
 0.8750000E-01  0.1830369     
 0.8916666E-01  0.1193534     
 0.9083333E-01  0.7713091E-01 
 0.9250000E-01  0.1844499     
 0.9416667E-01  0.2607065     
 0.9583333E-01  0.2791300     
 0.9750000E-01  0.2066987     
 0.9916665E-01  0.9522589E-01 
 0.1008333      0.5712260E-01 
 0.1025000      0.1195222     
 0.1041667      0.1909067     
 0.1058333      0.2390538     
 0.1075000      0.1781480     
 0.1091667      0.1087260     
 0.1108333      0.5525143E-01 
 0.1125000      0.1372237     
 0.1141667      0.1968443     
 0.1158333      0.1881796     
 0.1175000      0.1112896     
 0.1191667      0.4648428E-01 
 0.1208333      0.8791823E-01 
 0.1225000      0.1557105     
 0.1241667      0.1733176     
 0.1258333      0.1077249     
 0.1275000      0.6456032E-01 
 0.1291667      0.8712016E-01 
 0.1308333      0.1191019     
 0.1325000      0.1340493     
 0.1341667      0.6496426E-01 
 0.1358333      0.4461535E-01 
 0.1375000      0.1114687     
 0.1391667      0.1349385     
 0.1408333      0.9178341E-01 
 0.1425000      0.7395034E-01 
 0.1441667      0.7254519E-01 
 0.1458333      0.1130088     
 0.1475000      0.9184267E-01 
 0.1491667      0.6131560E-01 
 0.1508333      0.6999538E-01 
 0.1525000      0.9923588E-01 
 0.1541667      0.8314194E-01 
 0.1558333      0.7526501E-01 
 0.1575000      0.4243676E-01 
 0.1591667      0.8237155E-01 
 0.1608333      0.8474955E-01 
 0.1625000      0.4266796E-01 
 0.1641667      0.6294946E-01 
 0.1658333      0.1291778     
