# SumMovie FRC for input stack : stack6.mrc
# Number of micrographs: 1
# Number of frames per movie: 50
# Pixel size (A): 3.0000
# 1/(A)          FRC
# -----------------------
# 
# Micrograph 1 of 1. Score: .563
 0.8333334E-03  0.9999998     
 0.2500000E-02  0.9512978     
 0.4166666E-02  0.9316364     
 0.5833333E-02  0.8460381     
 0.7499999E-02  0.8642524     
 0.9166666E-02  0.6705810     
 0.1083333E-01  0.6518021     
 0.1250000E-01  0.8449119     
 0.1416667E-01  0.8807177     
 0.1583333E-01  0.9293041     
 0.1750000E-01  0.8886462     
 0.1916667E-01  0.5978238     
 0.2083333E-01  0.6551009     
 0.2250000E-01  0.8216292     
 0.2416667E-01  0.8862454     
 0.2583333E-01  0.8363679     
 0.2750000E-01  0.7117356     
 0.2916667E-01  0.6022092     
 0.3083333E-01  0.6602013     
 0.3250000E-01  0.7029162     
 0.3416666E-01  0.6718746     
 0.3583334E-01  0.5608827     
 0.3750000E-01  0.5040763     
 0.3916667E-01  0.4865570     
 0.4083334E-01  0.5122399     
 0.4250000E-01  0.4218599     
 0.4416666E-01  0.3592676     
 0.4583333E-01  0.3184172     
 0.4750000E-01  0.2758032     
 0.4916666E-01  0.2018427     
 0.5083333E-01  0.1186489     
 0.5250000E-01  0.1488497     
 0.5416667E-01  0.9388131E-01 
 0.5583333E-01  0.1383227     
 0.5750000E-01  0.1289272     
 0.5916666E-01  0.1968701     
 0.6083334E-01  0.2530126     
 0.6250000E-01  0.2808659     
 0.6416667E-01  0.3100882     
 0.6583333E-01  0.3092766     
 0.6750000E-01  0.3190718     
 0.6916667E-01  0.3081377     
 0.7083333E-01  0.2517678     
 0.7250000E-01  0.2077392     
 0.7416667E-01  0.1472002     
 0.7583334E-01  0.1028592     
 0.7749999E-01  0.8579240E-01 
 0.7916667E-01  0.1075733     
 0.8083334E-01  0.1692172     
 0.8250000E-01  0.2053283     
 0.8416667E-01  0.2514373     
 0.8583333E-01  0.2763703     
 0.8750000E-01  0.2509305     
 0.8916666E-01  0.2589809     
 0.9083333E-01  0.1289700     
 0.9250000E-01  0.1365203     
 0.9416667E-01  0.9164663E-01 
 0.9583333E-01  0.1367414     
 0.9750000E-01  0.1406423     
 0.9916665E-01  0.1724271     
 0.1008333      0.1868210     
 0.1025000      0.2028953     
 0.1041667      0.2003530     
 0.1058333      0.1379116     
 0.1075000      0.1182024     
 0.1091667      0.7498454E-01 
 0.1108333      0.9093640E-01 
 0.1125000      0.1463292     
 0.1141667      0.1638255     
 0.1158333      0.2012181     
 0.1175000      0.1708288     
 0.1191667      0.1488110     
 0.1208333      0.1213369     
 0.1225000      0.8835644E-01 
 0.1241667      0.1147805     
 0.1258333      0.1126633     
 0.1275000      0.1671669     
 0.1291667      0.1504931     
 0.1308333      0.1597896     
 0.1325000      0.8448987E-01 
 0.1341667      0.7968820E-01 
 0.1358333      0.1215401     
 0.1375000      0.1112589     
 0.1391667      0.1114782     
 0.1408333      0.1381674     
 0.1425000      0.1114622     
 0.1441667      0.1014369     
 0.1458333      0.9971097E-01 
 0.1475000      0.1217821     
 0.1491667      0.1386482     
 0.1508333      0.1467767     
 0.1525000      0.1271447     
 0.1541667      0.8605005E-01 
 0.1558333      0.1186771     
 0.1575000      0.1075462     
 0.1591667      0.1267769     
 0.1608333      0.1426428     
 0.1625000      0.1103947     
 0.1641667      0.9942204E-01 
 0.1658333      0.8726421E-01 
