# SumMovie FRC for input stack : stack6.mrc
# Number of micrographs: 1
# Number of frames per movie: 50
# Pixel size (A): 3.0000
# 1/(A)          FRC
# -----------------------
# 
# Micrograph 1 of 1. Score: .592
 0.8333334E-03  0.9999999     
 0.2500000E-02  0.9512860     
 0.4166666E-02  0.9319674     
 0.5833333E-02  0.8475027     
 0.7499999E-02  0.8653207     
 0.9166666E-02  0.6787067     
 0.1083333E-01  0.6584156     
 0.1250000E-01  0.8498929     
 0.1416667E-01  0.8880407     
 0.1583333E-01  0.9352990     
 0.1750000E-01  0.8940180     
 0.1916667E-01  0.6005636     
 0.2083333E-01  0.6729424     
 0.2250000E-01  0.8434227     
 0.2416667E-01  0.9027862     
 0.2583333E-01  0.8572633     
 0.2750000E-01  0.7354556     
 0.2916667E-01  0.6255515     
 0.3083333E-01  0.6983445     
 0.3250000E-01  0.7292287     
 0.3416666E-01  0.7028255     
 0.3583334E-01  0.6009657     
 0.3750000E-01  0.5384968     
 0.3916667E-01  0.5312931     
 0.4083334E-01  0.5749846     
 0.4250000E-01  0.4578894     
 0.4416666E-01  0.3963043     
 0.4583333E-01  0.3645560     
 0.4750000E-01  0.3038056     
 0.4916666E-01  0.2233143     
 0.5083333E-01  0.1345622     
 0.5250000E-01  0.1170599     
 0.5416667E-01  0.6158411E-01 
 0.5583333E-01  0.9955658E-01 
 0.5750000E-01  0.1221831     
 0.5916666E-01  0.1978449     
 0.6083334E-01  0.2704109     
 0.6250000E-01  0.2907366     
 0.6416667E-01  0.3458740     
 0.6583333E-01  0.3749660     
 0.6750000E-01  0.3493961     
 0.6916667E-01  0.3460957     
 0.7083333E-01  0.2916221     
 0.7250000E-01  0.2221803     
 0.7416667E-01  0.1228972     
 0.7583334E-01  0.7805116E-01 
 0.7749999E-01  0.6658679E-01 
 0.7916667E-01  0.7863006E-01 
 0.8083334E-01  0.1855772     
 0.8250000E-01  0.2323194     
 0.8416667E-01  0.2975346     
 0.8583333E-01  0.3106061     
 0.8750000E-01  0.2918827     
 0.8916666E-01  0.2437929     
 0.9083333E-01  0.1635907     
 0.9250000E-01  0.8610646E-01 
 0.9416667E-01  0.4527861E-01 
 0.9583333E-01  0.8728670E-01 
 0.9750000E-01  0.8800745E-01 
 0.9916665E-01  0.1449692     
 0.1008333      0.2181137     
 0.1025000      0.2399140     
 0.1041667      0.1723447     
 0.1058333      0.1468141     
 0.1075000      0.8048359E-01 
 0.1091667      0.7789841E-01 
 0.1108333      0.4458117E-01 
 0.1125000      0.8882514E-01 
 0.1141667      0.1423365     
 0.1158333      0.1915597     
 0.1175000      0.1728132     
 0.1191667      0.1302861     
 0.1208333      0.4226689E-01 
 0.1225000      0.4397866E-01 
 0.1241667      0.4108816E-01 
 0.1258333      0.1053385     
 0.1275000      0.1233854     
 0.1291667      0.1269056     
 0.1308333      0.1107834     
 0.1325000      0.5631423E-01 
 0.1341667      0.4825108E-01 
 0.1358333      0.7530546E-01 
 0.1375000      0.7189587E-01 
 0.1391667      0.1035052     
 0.1408333      0.9191167E-01 
 0.1425000      0.7022726E-01 
 0.1441667      0.5742643E-01 
 0.1458333      0.4175708E-01 
 0.1475000      0.4718918E-01 
 0.1491667      0.7943539E-01 
 0.1508333      0.9440068E-01 
 0.1525000      0.6830936E-01 
 0.1541667      0.4667520E-01 
 0.1558333      0.3594088E-01 
 0.1575000      0.7443446E-01 
 0.1591667      0.8182661E-01 
 0.1608333      0.7768469E-01 
 0.1625000      0.7618067E-01 
 0.1641667      0.6314768E-01 
 0.1658333      0.2819130E-01 
