# SumMovie FRC for input stack : stack6.mrc
# Number of micrographs: 1
# Number of frames per movie: 50
# Pixel size (A): 3.0000
# 1/(A)          FRC
# -----------------------
# 
# Micrograph 1 of 1. Score: .563
 0.8333334E-03  0.9999998     
 0.2500000E-02  0.9512927     
 0.4166666E-02  0.9316367     
 0.5833333E-02  0.8460248     
 0.7499999E-02  0.8642031     
 0.9166666E-02  0.6704524     
 0.1083333E-01  0.6516761     
 0.1250000E-01  0.8448496     
 0.1416667E-01  0.8805845     
 0.1583333E-01  0.9292116     
 0.1750000E-01  0.8885294     
 0.1916667E-01  0.5976424     
 0.2083333E-01  0.6546945     
 0.2250000E-01  0.8212212     
 0.2416667E-01  0.8859537     
 0.2583333E-01  0.8359329     
 0.2750000E-01  0.7112057     
 0.2916667E-01  0.6014605     
 0.3083333E-01  0.6593552     
 0.3250000E-01  0.7019947     
 0.3416666E-01  0.6712290     
 0.3583334E-01  0.5601138     
 0.3750000E-01  0.5030639     
 0.3916667E-01  0.4853900     
 0.4083334E-01  0.5107190     
 0.4250000E-01  0.4210196     
 0.4416666E-01  0.3588013     
 0.4583333E-01  0.3174225     
 0.4750000E-01  0.2753248     
 0.4916666E-01  0.2010687     
 0.5083333E-01  0.1185326     
 0.5250000E-01  0.1490509     
 0.5416667E-01  0.9395956E-01 
 0.5583333E-01  0.1387675     
 0.5750000E-01  0.1288302     
 0.5916666E-01  0.1960886     
 0.6083334E-01  0.2518225     
 0.6250000E-01  0.2803525     
 0.6416667E-01  0.3088704     
 0.6583333E-01  0.3081402     
 0.6750000E-01  0.3181991     
 0.6916667E-01  0.3075340     
 0.7083333E-01  0.2507205     
 0.7250000E-01  0.2072669     
 0.7416667E-01  0.1472419     
 0.7583334E-01  0.1027434     
 0.7749999E-01  0.8543696E-01 
 0.7916667E-01  0.1084017     
 0.8083334E-01  0.1690731     
 0.8250000E-01  0.2049208     
 0.8416667E-01  0.2502633     
 0.8583333E-01  0.2756075     
 0.8750000E-01  0.2499945     
 0.8916666E-01  0.2591654     
 0.9083333E-01  0.1288999     
 0.9250000E-01  0.1368570     
 0.9416667E-01  0.9159724E-01 
 0.9583333E-01  0.1368433     
 0.9750000E-01  0.1408750     
 0.9916665E-01  0.1723484     
 0.1008333      0.1865506     
 0.1025000      0.2029548     
 0.1041667      0.2001403     
 0.1058333      0.1368950     
 0.1075000      0.1185272     
 0.1091667      0.7613042E-01 
 0.1108333      0.9134712E-01 
 0.1125000      0.1459084     
 0.1141667      0.1626916     
 0.1158333      0.2013509     
 0.1175000      0.1711776     
 0.1191667      0.1492881     
 0.1208333      0.1226714     
 0.1225000      0.8923269E-01 
 0.1241667      0.1151080     
 0.1258333      0.1132275     
 0.1275000      0.1679741     
 0.1291667      0.1511648     
 0.1308333      0.1610044     
 0.1325000      0.8567239E-01 
 0.1341667      0.8084945E-01 
 0.1358333      0.1215288     
 0.1375000      0.1121888     
 0.1391667      0.1121002     
 0.1408333      0.1391762     
 0.1425000      0.1113227     
 0.1441667      0.1023624     
 0.1458333      0.1001087     
 0.1475000      0.1235751     
 0.1491667      0.1395146     
 0.1508333      0.1473010     
 0.1525000      0.1284973     
 0.1541667      0.8697188E-01 
 0.1558333      0.1199341     
 0.1575000      0.1086284     
 0.1591667      0.1286998     
 0.1608333      0.1431616     
 0.1625000      0.1110629     
 0.1641667      0.1002094     
 0.1658333      0.8849165E-01 
