# SumMovie FRC for input stack : stack1.mrc
# Number of micrographs: 1
# Number of frames per movie: 50
# Pixel size (A): 3.0000
# 1/(A)          FRC
# -----------------------
# 
# Micrograph 1 of 1. Score: .538
 0.8333334E-03  0.9999990     
 0.2500000E-02  0.9744018     
 0.4166666E-02  0.9567555     
 0.5833333E-02  0.9213900     
 0.7499999E-02  0.9030727     
 0.9166666E-02  0.7490619     
 0.1083333E-01  0.7195325     
 0.1250000E-01  0.8503352     
 0.1416667E-01  0.9172176     
 0.1583333E-01  0.9194536     
 0.1750000E-01  0.8712463     
 0.1916667E-01  0.6688502     
 0.2083333E-01  0.7581744     
 0.2250000E-01  0.8663361     
 0.2416667E-01  0.9013380     
 0.2583333E-01  0.8697428     
 0.2750000E-01  0.7379540     
 0.2916667E-01  0.6348745     
 0.3083333E-01  0.7045096     
 0.3250000E-01  0.7326787     
 0.3416666E-01  0.6773506     
 0.3583334E-01  0.5398744     
 0.3750000E-01  0.4752374     
 0.3916667E-01  0.4459230     
 0.4083334E-01  0.4495245     
 0.4250000E-01  0.3863065     
 0.4416666E-01  0.2466844     
 0.4583333E-01  0.1529287     
 0.4750000E-01  0.1727198     
 0.4916666E-01  0.8911484E-01 
 0.5083333E-01  0.5737274E-01 
 0.5250000E-01  0.7590175E-01 
 0.5416667E-01  0.1062190     
 0.5583333E-01  0.1870835     
 0.5750000E-01  0.2405103     
 0.5916666E-01  0.3282692     
 0.6083334E-01  0.3335233     
 0.6250000E-01  0.3209137     
 0.6416667E-01  0.2852367     
 0.6583333E-01  0.2697144     
 0.6750000E-01  0.1589011     
 0.6916667E-01  0.1183895     
 0.7083333E-01  0.8033040E-01 
 0.7250000E-01  0.6391545E-01 
 0.7416667E-01  0.1010584     
 0.7583334E-01  0.1539460     
 0.7749999E-01  0.2492980     
 0.7916667E-01  0.2890677     
 0.8083334E-01  0.2840980     
 0.8250000E-01  0.2866381     
 0.8416667E-01  0.2209214     
 0.8583333E-01  0.1172742     
 0.8750000E-01  0.4859959E-01 
 0.8916666E-01  0.4014743E-01 
 0.9083333E-01  0.1278713     
 0.9250000E-01  0.1804697     
 0.9416667E-01  0.2333216     
 0.9583333E-01  0.2422740     
 0.9750000E-01  0.1963931     
 0.9916665E-01  0.1138546     
 0.1008333      0.6833851E-01 
 0.1025000      0.5325498E-01 
 0.1041667      0.1192008     
 0.1058333      0.1571887     
 0.1075000      0.1606003     
 0.1091667      0.1673247     
 0.1108333      0.1191656     
 0.1125000      0.1183151     
 0.1141667      0.3660330E-01 
 0.1158333      0.5454985E-01 
 0.1175000      0.1031690     
 0.1191667      0.1119315     
 0.1208333      0.1048337     
 0.1225000      0.1007414     
 0.1241667      0.3533788E-01 
 0.1258333      0.4209222E-01 
 0.1275000      0.6034781E-01 
 0.1291667      0.1183069     
 0.1308333      0.1184598     
 0.1325000      0.6150223E-01 
 0.1341667      0.4804906E-01 
 0.1358333      0.3500378E-01 
 0.1375000      0.8832423E-01 
 0.1391667      0.6687525E-01 
 0.1408333      0.9410787E-01 
 0.1425000      0.6141209E-01 
 0.1441667      0.3280867E-01 
 0.1458333      0.4233380E-01 
 0.1475000      0.8000717E-01 
 0.1491667      0.6472462E-01 
 0.1508333      0.5848587E-01 
 0.1525000      0.3840436E-01 
 0.1541667      0.5567767E-01 
 0.1558333      0.6767856E-01 
 0.1575000      0.3000996E-01 
 0.1591667      0.2096504E-01 
 0.1608333      0.4285989E-01 
 0.1625000      0.5358756E-01 
 0.1641667      0.4411091E-01 
 0.1658333      0.3395010E-01 
