# SumMovie FRC for input stack : stack6.mrc
# Number of micrographs: 1
# Number of frames per movie: 50
# Pixel size (A): 3.0000
# 1/(A)          FRC
# -----------------------
# 
# Micrograph 1 of 1. Score: .591
 0.8333334E-03  0.9999999     
 0.2500000E-02  0.9513620     
 0.4166666E-02  0.9318556     
 0.5833333E-02  0.8471881     
 0.7499999E-02  0.8656132     
 0.9166666E-02  0.6773455     
 0.1083333E-01  0.6580032     
 0.1250000E-01  0.8489622     
 0.1416667E-01  0.8873904     
 0.1583333E-01  0.9346383     
 0.1750000E-01  0.8937084     
 0.1916667E-01  0.6010840     
 0.2083333E-01  0.6714517     
 0.2250000E-01  0.8405421     
 0.2416667E-01  0.9011223     
 0.2583333E-01  0.8558039     
 0.2750000E-01  0.7325479     
 0.2916667E-01  0.6271298     
 0.3083333E-01  0.6951416     
 0.3250000E-01  0.7288829     
 0.3416666E-01  0.7004241     
 0.3583334E-01  0.5978020     
 0.3750000E-01  0.5405931     
 0.3916667E-01  0.5300230     
 0.4083334E-01  0.5724147     
 0.4250000E-01  0.4574220     
 0.4416666E-01  0.3921410     
 0.4583333E-01  0.3663122     
 0.4750000E-01  0.2998748     
 0.4916666E-01  0.2221385     
 0.5083333E-01  0.1333537     
 0.5250000E-01  0.1199682     
 0.5416667E-01  0.6586665E-01 
 0.5583333E-01  0.1005557     
 0.5750000E-01  0.1225259     
 0.5916666E-01  0.2024552     
 0.6083334E-01  0.2716990     
 0.6250000E-01  0.2955838     
 0.6416667E-01  0.3445440     
 0.6583333E-01  0.3669093     
 0.6750000E-01  0.3474401     
 0.6916667E-01  0.3429481     
 0.7083333E-01  0.2883223     
 0.7250000E-01  0.2260817     
 0.7416667E-01  0.1358932     
 0.7583334E-01  0.8336493E-01 
 0.7749999E-01  0.7520150E-01 
 0.7916667E-01  0.7538983E-01 
 0.8083334E-01  0.1873530     
 0.8250000E-01  0.2231380     
 0.8416667E-01  0.2899449     
 0.8583333E-01  0.3065425     
 0.8750000E-01  0.2870710     
 0.8916666E-01  0.2467470     
 0.9083333E-01  0.1654366     
 0.9250000E-01  0.8874951E-01 
 0.9416667E-01  0.5898144E-01 
 0.9583333E-01  0.8411150E-01 
 0.9750000E-01  0.8666940E-01 
 0.9916665E-01  0.1437064     
 0.1008333      0.2109275     
 0.1025000      0.2392158     
 0.1041667      0.1790053     
 0.1058333      0.1500152     
 0.1075000      0.7979812E-01 
 0.1091667      0.7074146E-01 
 0.1108333      0.5512824E-01 
 0.1125000      0.8330954E-01 
 0.1141667      0.1453971     
 0.1158333      0.1905004     
 0.1175000      0.1746339     
 0.1191667      0.1468878     
 0.1208333      0.4948495E-01 
 0.1225000      0.4621049E-01 
 0.1241667      0.3179216E-01 
 0.1258333      0.1059822     
 0.1275000      0.1302283     
 0.1291667      0.1312368     
 0.1308333      0.1196216     
 0.1325000      0.6730860E-01 
 0.1341667      0.4753187E-01 
 0.1358333      0.7708213E-01 
 0.1375000      0.6702799E-01 
 0.1391667      0.9985397E-01 
 0.1408333      0.9546168E-01 
 0.1425000      0.7530233E-01 
 0.1441667      0.6484430E-01 
 0.1458333      0.3463495E-01 
 0.1475000      0.5838867E-01 
 0.1491667      0.7512293E-01 
 0.1508333      0.8972038E-01 
 0.1525000      0.6419519E-01 
 0.1541667      0.4170310E-01 
 0.1558333      0.4962167E-01 
 0.1575000      0.6891537E-01 
 0.1591667      0.8813842E-01 
 0.1608333      0.7671121E-01 
 0.1625000      0.8098815E-01 
 0.1641667      0.6709223E-01 
 0.1658333      0.2325171E-01 
