# SumMovie FRC for input stack : stack16.mrc
# Number of micrographs: 1
# Number of frames per movie: 50
# Pixel size (A): 3.0000
# 1/(A)          FRC
# -----------------------
# 
# Micrograph 1 of 1. Score: .527
 0.8333334E-03  0.9999994     
 0.2500000E-02  0.9669454     
 0.4166666E-02  0.9458783     
 0.5833333E-02  0.9107892     
 0.7499999E-02  0.8942053     
 0.9166666E-02  0.8408952     
 0.1083333E-01  0.7709793     
 0.1250000E-01  0.8779774     
 0.1416667E-01  0.9330838     
 0.1583333E-01  0.9634052     
 0.1750000E-01  0.9430898     
 0.1916667E-01  0.7631775     
 0.2083333E-01  0.7986929     
 0.2250000E-01  0.8910331     
 0.2416667E-01  0.9330038     
 0.2583333E-01  0.9235563     
 0.2750000E-01  0.8107247     
 0.2916667E-01  0.6757112     
 0.3083333E-01  0.7285048     
 0.3250000E-01  0.7733442     
 0.3416666E-01  0.6939786     
 0.3583334E-01  0.5499831     
 0.3750000E-01  0.4233070     
 0.3916667E-01  0.3580644     
 0.4083334E-01  0.2921648     
 0.4250000E-01  0.1155083     
 0.4416666E-01  0.1227102     
 0.4583333E-01  0.1082032     
 0.4750000E-01  0.1371254     
 0.4916666E-01  0.2680349     
 0.5083333E-01  0.3252254     
 0.5250000E-01  0.3518146     
 0.5416667E-01  0.3534666     
 0.5583333E-01  0.4000099     
 0.5750000E-01  0.3374692     
 0.5916666E-01  0.2594333     
 0.6083334E-01  0.1676758     
 0.6250000E-01  0.9162301E-01 
 0.6416667E-01  0.1171054     
 0.6583333E-01  0.1392297     
 0.6750000E-01  0.1834086     
 0.6916667E-01  0.2925210     
 0.7083333E-01  0.3797354     
 0.7250000E-01  0.3282017     
 0.7416667E-01  0.2631140     
 0.7583334E-01  0.1605537     
 0.7749999E-01  0.1124798     
 0.7916667E-01  0.9109496E-01 
 0.8083334E-01  0.2407734     
 0.8250000E-01  0.2386879     
 0.8416667E-01  0.3176159     
 0.8583333E-01  0.2720872     
 0.8750000E-01  0.1814897     
 0.8916666E-01  0.1181520     
 0.9083333E-01  0.9860910E-01 
 0.9250000E-01  0.1841763     
 0.9416667E-01  0.2371422     
 0.9583333E-01  0.2464791     
 0.9750000E-01  0.2011359     
 0.9916665E-01  0.1301787     
 0.1008333      0.1120909     
 0.1025000      0.1331079     
 0.1041667      0.1867548     
 0.1058333      0.2213030     
 0.1075000      0.1842360     
 0.1091667      0.1279953     
 0.1108333      0.6853849E-01 
 0.1125000      0.1539170     
 0.1141667      0.1830576     
 0.1158333      0.1738039     
 0.1175000      0.1359804     
 0.1191667      0.8598302E-01 
 0.1208333      0.1177272     
 0.1225000      0.1503044     
 0.1241667      0.1739229     
 0.1258333      0.1275709     
 0.1275000      0.9211913E-01 
 0.1291667      0.1184080     
 0.1308333      0.1369017     
 0.1325000      0.1362147     
 0.1341667      0.1128466     
 0.1358333      0.7505922E-01 
 0.1375000      0.1325044     
 0.1391667      0.1381284     
 0.1408333      0.1437791     
 0.1425000      0.1023526     
 0.1441667      0.1209329     
 0.1458333      0.1204877     
 0.1475000      0.1187076     
 0.1491667      0.1228733     
 0.1508333      0.9609079E-01 
 0.1525000      0.1339436     
 0.1541667      0.1159539     
 0.1558333      0.9994192E-01 
 0.1575000      0.9669494E-01 
 0.1591667      0.1080146     
 0.1608333      0.1232416     
 0.1625000      0.7305304E-01 
 0.1641667      0.9841204E-01 
 0.1658333      0.1362979     
