# SumMovie FRC for input stack : stack11.mrc
# Number of micrographs: 1
# Number of frames per movie: 50
# Pixel size (A): 3.0000
# 1/(A)          FRC
# -----------------------
# 
# Micrograph 1 of 1. Score: .577
 0.8333334E-03  0.9999998     
 0.2500000E-02  0.8505474     
 0.4166666E-02  0.8707724     
 0.5833333E-02  0.8517652     
 0.7499999E-02  0.8578238     
 0.9166666E-02  0.7376754     
 0.1083333E-01  0.6259611     
 0.1250000E-01  0.8535914     
 0.1416667E-01  0.9151865     
 0.1583333E-01  0.9441799     
 0.1750000E-01  0.9081538     
 0.1916667E-01  0.6559579     
 0.2083333E-01  0.7416561     
 0.2250000E-01  0.8762467     
 0.2416667E-01  0.9243186     
 0.2583333E-01  0.8934280     
 0.2750000E-01  0.7462620     
 0.2916667E-01  0.6509072     
 0.3083333E-01  0.7185938     
 0.3250000E-01  0.7770795     
 0.3416666E-01  0.7300554     
 0.3583334E-01  0.5950655     
 0.3750000E-01  0.5319355     
 0.3916667E-01  0.5095444     
 0.4083334E-01  0.5214730     
 0.4250000E-01  0.4067558     
 0.4416666E-01  0.3425991     
 0.4583333E-01  0.2997538     
 0.4750000E-01  0.2192840     
 0.4916666E-01  0.1060612     
 0.5083333E-01  0.7607030E-01 
 0.5250000E-01  0.1381829     
 0.5416667E-01  0.1455976     
 0.5583333E-01  0.2204563     
 0.5750000E-01  0.3004703     
 0.5916666E-01  0.3796917     
 0.6083334E-01  0.3613231     
 0.6250000E-01  0.4203027     
 0.6416667E-01  0.4039887     
 0.6583333E-01  0.3277322     
 0.6750000E-01  0.3054419     
 0.6916667E-01  0.1852434     
 0.7083333E-01  0.1074512     
 0.7250000E-01  0.7090244E-01 
 0.7416667E-01  0.1099855     
 0.7583334E-01  0.2026017     
 0.7749999E-01  0.2819049     
 0.7916667E-01  0.3225451     
 0.8083334E-01  0.3750443     
 0.8250000E-01  0.3343652     
 0.8416667E-01  0.3132757     
 0.8583333E-01  0.2115770     
 0.8750000E-01  0.1021717     
 0.8916666E-01  0.7028887E-01 
 0.9083333E-01  0.1346599     
 0.9250000E-01  0.2365065     
 0.9416667E-01  0.2943138     
 0.9583333E-01  0.3018913     
 0.9750000E-01  0.2676688     
 0.9916665E-01  0.2272439     
 0.1008333      0.1085327     
 0.1025000      0.5081691E-01 
 0.1041667      0.1182027     
 0.1058333      0.2011431     
 0.1075000      0.2379916     
 0.1091667      0.2404051     
 0.1108333      0.2022437     
 0.1125000      0.1387542     
 0.1141667      0.7248557E-01 
 0.1158333      0.8634728E-01 
 0.1175000      0.1470559     
 0.1191667      0.1815457     
 0.1208333      0.1645744     
 0.1225000      0.1371821     
 0.1241667      0.7653538E-01 
 0.1258333      0.7224458E-01 
 0.1275000      0.9453042E-01 
 0.1291667      0.1493668     
 0.1308333      0.1700187     
 0.1325000      0.1689593     
 0.1341667      0.9278529E-01 
 0.1358333      0.5247422E-01 
 0.1375000      0.1037833     
 0.1391667      0.1059031     
 0.1408333      0.1369657     
 0.1425000      0.1074599     
 0.1441667      0.7686097E-01 
 0.1458333      0.5741144E-01 
 0.1475000      0.5988213E-01 
 0.1491667      0.1180095     
 0.1508333      0.1113405     
 0.1525000      0.8853296E-01 
 0.1541667      0.7243735E-01 
 0.1558333      0.7106990E-01 
 0.1575000      0.1220860     
 0.1591667      0.7868662E-01 
 0.1608333      0.7208607E-01 
 0.1625000      0.6092341E-01 
 0.1641667      0.8328798E-01 
 0.1658333      0.1029281     
