# SumMovie FRC for input stack : stack1.mrc
# Number of micrographs: 1
# Number of frames per movie: 50
# Pixel size (A): 3.0000
# 1/(A)          FRC
# -----------------------
# 
# Micrograph 1 of 1. Score: .538
 0.8333334E-03  0.9999990     
 0.2500000E-02  0.9743894     
 0.4166666E-02  0.9567717     
 0.5833333E-02  0.9214315     
 0.7499999E-02  0.9031689     
 0.9166666E-02  0.7485045     
 0.1083333E-01  0.7198591     
 0.1250000E-01  0.8503659     
 0.1416667E-01  0.9170969     
 0.1583333E-01  0.9192427     
 0.1750000E-01  0.8713153     
 0.1916667E-01  0.6679795     
 0.2083333E-01  0.7583812     
 0.2250000E-01  0.8663651     
 0.2416667E-01  0.9010530     
 0.2583333E-01  0.8695101     
 0.2750000E-01  0.7377313     
 0.2916667E-01  0.6336588     
 0.3083333E-01  0.7036679     
 0.3250000E-01  0.7319185     
 0.3416666E-01  0.6769659     
 0.3583334E-01  0.5403646     
 0.3750000E-01  0.4757056     
 0.3916667E-01  0.4461469     
 0.4083334E-01  0.4494018     
 0.4250000E-01  0.3841783     
 0.4416666E-01  0.2476563     
 0.4583333E-01  0.1510541     
 0.4750000E-01  0.1707511     
 0.4916666E-01  0.8827395E-01 
 0.5083333E-01  0.5739546E-01 
 0.5250000E-01  0.7628606E-01 
 0.5416667E-01  0.1056732     
 0.5583333E-01  0.1874212     
 0.5750000E-01  0.2407024     
 0.5916666E-01  0.3278967     
 0.6083334E-01  0.3353602     
 0.6250000E-01  0.3193927     
 0.6416667E-01  0.2877019     
 0.6583333E-01  0.2701528     
 0.6750000E-01  0.1613333     
 0.6916667E-01  0.1211495     
 0.7083333E-01  0.8047698E-01 
 0.7250000E-01  0.6575724E-01 
 0.7416667E-01  0.1019247     
 0.7583334E-01  0.1572513     
 0.7749999E-01  0.2489653     
 0.7916667E-01  0.2895744     
 0.8083334E-01  0.2855421     
 0.8250000E-01  0.2887658     
 0.8416667E-01  0.2247002     
 0.8583333E-01  0.1179497     
 0.8750000E-01  0.4753032E-01 
 0.8916666E-01  0.4220462E-01 
 0.9083333E-01  0.1335372     
 0.9250000E-01  0.1835348     
 0.9416667E-01  0.2327475     
 0.9583333E-01  0.2414053     
 0.9750000E-01  0.1940880     
 0.9916665E-01  0.1171584     
 0.1008333      0.7185470E-01 
 0.1025000      0.5732596E-01 
 0.1041667      0.1191220     
 0.1058333      0.1583573     
 0.1075000      0.1604336     
 0.1091667      0.1712347     
 0.1108333      0.1206888     
 0.1125000      0.1206242     
 0.1141667      0.3798424E-01 
 0.1158333      0.5864573E-01 
 0.1175000      0.1037790     
 0.1191667      0.1176275     
 0.1208333      0.1085797     
 0.1225000      0.1018030     
 0.1241667      0.3620229E-01 
 0.1258333      0.4474042E-01 
 0.1275000      0.5959783E-01 
 0.1291667      0.1217532     
 0.1308333      0.1221084     
 0.1325000      0.6681064E-01 
 0.1341667      0.5075526E-01 
 0.1358333      0.3221364E-01 
 0.1375000      0.9161569E-01 
 0.1391667      0.7206114E-01 
 0.1408333      0.9530740E-01 
 0.1425000      0.6548582E-01 
 0.1441667      0.4092958E-01 
 0.1458333      0.4487152E-01 
 0.1475000      0.8297312E-01 
 0.1491667      0.7134542E-01 
 0.1508333      0.6124444E-01 
 0.1525000      0.3427199E-01 
 0.1541667      0.5902653E-01 
 0.1558333      0.6410362E-01 
 0.1575000      0.3526369E-01 
 0.1591667      0.2489676E-01 
 0.1608333      0.5433369E-01 
 0.1625000      0.5798936E-01 
 0.1641667      0.4602647E-01 
 0.1658333      0.3345396E-01 
