# SumMovie FRC for input stack : stack11.mrc
# Number of micrographs: 1
# Number of frames per movie: 50
# Pixel size (A): 3.0000
# 1/(A)          FRC
# -----------------------
# 
# Micrograph 1 of 1. Score: .572
 0.8333334E-03  0.9999998     
 0.2500000E-02  0.8502334     
 0.4166666E-02  0.8703598     
 0.5833333E-02  0.8519393     
 0.7499999E-02  0.8574374     
 0.9166666E-02  0.7368873     
 0.1083333E-01  0.6258983     
 0.1250000E-01  0.8522719     
 0.1416667E-01  0.9141485     
 0.1583333E-01  0.9438689     
 0.1750000E-01  0.9071892     
 0.1916667E-01  0.6583795     
 0.2083333E-01  0.7393568     
 0.2250000E-01  0.8751633     
 0.2416667E-01  0.9219016     
 0.2583333E-01  0.8923495     
 0.2750000E-01  0.7421930     
 0.2916667E-01  0.6419950     
 0.3083333E-01  0.7107279     
 0.3250000E-01  0.7714146     
 0.3416666E-01  0.7202122     
 0.3583334E-01  0.5894130     
 0.3750000E-01  0.5229977     
 0.3916667E-01  0.4991219     
 0.4083334E-01  0.5168236     
 0.4250000E-01  0.4011859     
 0.4416666E-01  0.3371194     
 0.4583333E-01  0.2907620     
 0.4750000E-01  0.2207462     
 0.4916666E-01  0.1084808     
 0.5083333E-01  0.7633348E-01 
 0.5250000E-01  0.1374142     
 0.5416667E-01  0.1397698     
 0.5583333E-01  0.2224070     
 0.5750000E-01  0.2967496     
 0.5916666E-01  0.3603709     
 0.6083334E-01  0.3552749     
 0.6250000E-01  0.4016062     
 0.6416667E-01  0.3902245     
 0.6583333E-01  0.3105380     
 0.6750000E-01  0.2987224     
 0.6916667E-01  0.1897609     
 0.7083333E-01  0.1111195     
 0.7250000E-01  0.8445907E-01 
 0.7416667E-01  0.1095328     
 0.7583334E-01  0.1975804     
 0.7749999E-01  0.2664118     
 0.7916667E-01  0.3119292     
 0.8083334E-01  0.3528596     
 0.8250000E-01  0.3196663     
 0.8416667E-01  0.2952579     
 0.8583333E-01  0.2058729     
 0.8750000E-01  0.9660337E-01 
 0.8916666E-01  0.7771986E-01 
 0.9083333E-01  0.1307997     
 0.9250000E-01  0.2232924     
 0.9416667E-01  0.2859324     
 0.9583333E-01  0.3026404     
 0.9750000E-01  0.2560454     
 0.9916665E-01  0.2353533     
 0.1008333      0.1127656     
 0.1025000      0.7963084E-01 
 0.1041667      0.1372553     
 0.1058333      0.2179764     
 0.1075000      0.2212599     
 0.1091667      0.2486400     
 0.1108333      0.2087020     
 0.1125000      0.1525318     
 0.1141667      0.9780645E-01 
 0.1158333      0.9345833E-01 
 0.1175000      0.1641407     
 0.1191667      0.1932092     
 0.1208333      0.1639757     
 0.1225000      0.1459560     
 0.1241667      0.9027020E-01 
 0.1258333      0.9864078E-01 
 0.1275000      0.1099176     
 0.1291667      0.1647555     
 0.1308333      0.1662368     
 0.1325000      0.1827643     
 0.1341667      0.1084471     
 0.1358333      0.6803825E-01 
 0.1375000      0.1295023     
 0.1391667      0.1159331     
 0.1408333      0.1531436     
 0.1425000      0.1161448     
 0.1441667      0.1102410     
 0.1458333      0.9790158E-01 
 0.1475000      0.9407891E-01 
 0.1491667      0.1214715     
 0.1508333      0.1442334     
 0.1525000      0.1076515     
 0.1541667      0.9563917E-01 
 0.1558333      0.1061900     
 0.1575000      0.1423834     
 0.1591667      0.1020464     
 0.1608333      0.1115705     
 0.1625000      0.9033433E-01 
 0.1641667      0.1219175     
 0.1658333      0.1368711     
