# SumMovie FRC for input stack : stack6.mrc
# Number of micrographs: 1
# Number of frames per movie: 50
# Pixel size (A): 3.0000
# 1/(A)          FRC
# -----------------------
# 
# Micrograph 1 of 1. Score: .592
 0.8333334E-03  0.9999999     
 0.2500000E-02  0.9513001     
 0.4166666E-02  0.9319907     
 0.5833333E-02  0.8474895     
 0.7499999E-02  0.8653237     
 0.9166666E-02  0.6792076     
 0.1083333E-01  0.6589244     
 0.1250000E-01  0.8498093     
 0.1416667E-01  0.8880554     
 0.1583333E-01  0.9353376     
 0.1750000E-01  0.8941287     
 0.1916667E-01  0.6000733     
 0.2083333E-01  0.6728234     
 0.2250000E-01  0.8430892     
 0.2416667E-01  0.9029311     
 0.2583333E-01  0.8568209     
 0.2750000E-01  0.7350750     
 0.2916667E-01  0.6250676     
 0.3083333E-01  0.6981570     
 0.3250000E-01  0.7290255     
 0.3416666E-01  0.7025249     
 0.3583334E-01  0.6006008     
 0.3750000E-01  0.5388526     
 0.3916667E-01  0.5311088     
 0.4083334E-01  0.5741906     
 0.4250000E-01  0.4566665     
 0.4416666E-01  0.3954871     
 0.4583333E-01  0.3622953     
 0.4750000E-01  0.3018278     
 0.4916666E-01  0.2239790     
 0.5083333E-01  0.1338194     
 0.5250000E-01  0.1153386     
 0.5416667E-01  0.6138492E-01 
 0.5583333E-01  0.9747167E-01 
 0.5750000E-01  0.1222740     
 0.5916666E-01  0.1970428     
 0.6083334E-01  0.2693919     
 0.6250000E-01  0.2890208     
 0.6416667E-01  0.3457533     
 0.6583333E-01  0.3760683     
 0.6750000E-01  0.3503293     
 0.6916667E-01  0.3460409     
 0.7083333E-01  0.2889556     
 0.7250000E-01  0.2206189     
 0.7416667E-01  0.1217416     
 0.7583334E-01  0.7915325E-01 
 0.7749999E-01  0.6436117E-01 
 0.7916667E-01  0.7896126E-01 
 0.8083334E-01  0.1857495     
 0.8250000E-01  0.2319695     
 0.8416667E-01  0.2996963     
 0.8583333E-01  0.3111032     
 0.8750000E-01  0.2919336     
 0.8916666E-01  0.2424391     
 0.9083333E-01  0.1639225     
 0.9250000E-01  0.8394098E-01 
 0.9416667E-01  0.4552602E-01 
 0.9583333E-01  0.8498906E-01 
 0.9750000E-01  0.8740498E-01 
 0.9916665E-01  0.1453590     
 0.1008333      0.2159105     
 0.1025000      0.2362426     
 0.1041667      0.1734862     
 0.1058333      0.1449995     
 0.1075000      0.8072964E-01 
 0.1091667      0.7547242E-01 
 0.1108333      0.4336687E-01 
 0.1125000      0.8928836E-01 
 0.1141667      0.1418499     
 0.1158333      0.1914979     
 0.1175000      0.1750736     
 0.1191667      0.1308624     
 0.1208333      0.4072380E-01 
 0.1225000      0.4375167E-01 
 0.1241667      0.4489423E-01 
 0.1258333      0.1054628     
 0.1275000      0.1222737     
 0.1291667      0.1304478     
 0.1308333      0.1076338     
 0.1325000      0.5860058E-01 
 0.1341667      0.5243886E-01 
 0.1358333      0.7786523E-01 
 0.1375000      0.7188272E-01 
 0.1391667      0.1073909     
 0.1408333      0.9179790E-01 
 0.1425000      0.7315689E-01 
 0.1441667      0.5709660E-01 
 0.1458333      0.4423831E-01 
 0.1475000      0.4730574E-01 
 0.1491667      0.8009288E-01 
 0.1508333      0.9377111E-01 
 0.1525000      0.6772821E-01 
 0.1541667      0.4868606E-01 
 0.1558333      0.3810102E-01 
 0.1575000      0.7443099E-01 
 0.1591667      0.8047996E-01 
 0.1608333      0.7750957E-01 
 0.1625000      0.7694033E-01 
 0.1641667      0.5655697E-01 
 0.1658333      0.2788501E-01 
