# SumMovie FRC for input stack : stack16.mrc
# Number of micrographs: 1
# Number of frames per movie: 50
# Pixel size (A): 3.0000
# 1/(A)          FRC
# -----------------------
# 
# Micrograph 1 of 1. Score: .528
 0.8333334E-03  0.9999994     
 0.2500000E-02  0.9669897     
 0.4166666E-02  0.9459133     
 0.5833333E-02  0.9109408     
 0.7499999E-02  0.8943035     
 0.9166666E-02  0.8410833     
 0.1083333E-01  0.7714797     
 0.1250000E-01  0.8784256     
 0.1416667E-01  0.9332802     
 0.1583333E-01  0.9636654     
 0.1750000E-01  0.9434893     
 0.1916667E-01  0.7644580     
 0.2083333E-01  0.7997956     
 0.2250000E-01  0.8925152     
 0.2416667E-01  0.9341456     
 0.2583333E-01  0.9250543     
 0.2750000E-01  0.8136805     
 0.2916667E-01  0.6793618     
 0.3083333E-01  0.7312810     
 0.3250000E-01  0.7766266     
 0.3416666E-01  0.6974448     
 0.3583334E-01  0.5573310     
 0.3750000E-01  0.4251800     
 0.3916667E-01  0.3591059     
 0.4083334E-01  0.2951988     
 0.4250000E-01  0.1142355     
 0.4416666E-01  0.1227912     
 0.4583333E-01  0.1061727     
 0.4750000E-01  0.1368364     
 0.4916666E-01  0.2702634     
 0.5083333E-01  0.3304906     
 0.5250000E-01  0.3585702     
 0.5416667E-01  0.3574760     
 0.5583333E-01  0.4053002     
 0.5750000E-01  0.3440948     
 0.5916666E-01  0.2630290     
 0.6083334E-01  0.1746736     
 0.6250000E-01  0.9091864E-01 
 0.6416667E-01  0.1130402     
 0.6583333E-01  0.1418524     
 0.6750000E-01  0.1904721     
 0.6916667E-01  0.2991137     
 0.7083333E-01  0.3894767     
 0.7250000E-01  0.3326252     
 0.7416667E-01  0.2697244     
 0.7583334E-01  0.1639936     
 0.7749999E-01  0.1123315     
 0.7916667E-01  0.9290325E-01 
 0.8083334E-01  0.2457024     
 0.8250000E-01  0.2478974     
 0.8416667E-01  0.3265136     
 0.8583333E-01  0.2782516     
 0.8750000E-01  0.1844212     
 0.8916666E-01  0.1167606     
 0.9083333E-01  0.9868675E-01 
 0.9250000E-01  0.1835303     
 0.9416667E-01  0.2401153     
 0.9583333E-01  0.2553219     
 0.9750000E-01  0.2060793     
 0.9916665E-01  0.1265024     
 0.1008333      0.1052716     
 0.1025000      0.1339087     
 0.1041667      0.1899523     
 0.1058333      0.2283669     
 0.1075000      0.1870445     
 0.1091667      0.1302889     
 0.1108333      0.6850173E-01 
 0.1125000      0.1530379     
 0.1141667      0.1828879     
 0.1158333      0.1720909     
 0.1175000      0.1352148     
 0.1191667      0.9094532E-01 
 0.1208333      0.1148212     
 0.1225000      0.1497203     
 0.1241667      0.1705892     
 0.1258333      0.1295304     
 0.1275000      0.9008857E-01 
 0.1291667      0.1091572     
 0.1308333      0.1395332     
 0.1325000      0.1358667     
 0.1341667      0.1093160     
 0.1358333      0.6616387E-01 
 0.1375000      0.1219080     
 0.1391667      0.1345799     
 0.1408333      0.1353907     
 0.1425000      0.9188937E-01 
 0.1441667      0.1167618     
 0.1458333      0.1196536     
 0.1475000      0.1140090     
 0.1491667      0.1197024     
 0.1508333      0.9900917E-01 
 0.1525000      0.1231045     
 0.1541667      0.1129389     
 0.1558333      0.9304710E-01 
 0.1575000      0.9202864E-01 
 0.1591667      0.1083619     
 0.1608333      0.1146006     
 0.1625000      0.7031863E-01 
 0.1641667      0.9277151E-01 
 0.1658333      0.1369906     
