# SumMovie FRC for input stack : stack11.mrc
# Number of micrographs: 1
# Number of frames per movie: 50
# Pixel size (A): 3.0000
# 1/(A)          FRC
# -----------------------
# 
# Micrograph 1 of 1. Score: .570
 0.8333334E-03  0.9999998     
 0.2500000E-02  0.8500600     
 0.4166666E-02  0.8701411     
 0.5833333E-02  0.8519596     
 0.7499999E-02  0.8572559     
 0.9166666E-02  0.7364034     
 0.1083333E-01  0.6257586     
 0.1250000E-01  0.8516659     
 0.1416667E-01  0.9137567     
 0.1583333E-01  0.9436712     
 0.1750000E-01  0.9066488     
 0.1916667E-01  0.6586504     
 0.2083333E-01  0.7380784     
 0.2250000E-01  0.8744034     
 0.2416667E-01  0.9207452     
 0.2583333E-01  0.8915305     
 0.2750000E-01  0.7397877     
 0.2916667E-01  0.6370176     
 0.3083333E-01  0.7071421     
 0.3250000E-01  0.7684572     
 0.3416666E-01  0.7158677     
 0.3583334E-01  0.5859846     
 0.3750000E-01  0.5184191     
 0.3916667E-01  0.4937723     
 0.4083334E-01  0.5126774     
 0.4250000E-01  0.3978604     
 0.4416666E-01  0.3331213     
 0.4583333E-01  0.2844054     
 0.4750000E-01  0.2196961     
 0.4916666E-01  0.1072041     
 0.5083333E-01  0.7568543E-01 
 0.5250000E-01  0.1360423     
 0.5416667E-01  0.1346692     
 0.5583333E-01  0.2210524     
 0.5750000E-01  0.2927318     
 0.5916666E-01  0.3524318     
 0.6083334E-01  0.3508888     
 0.6250000E-01  0.3912517     
 0.6416667E-01  0.3824764     
 0.6583333E-01  0.2998899     
 0.6750000E-01  0.2924562     
 0.6916667E-01  0.1878265     
 0.7083333E-01  0.1109158     
 0.7250000E-01  0.8711882E-01 
 0.7416667E-01  0.1086333     
 0.7583334E-01  0.1926797     
 0.7749999E-01  0.2596034     
 0.7916667E-01  0.3052220     
 0.8083334E-01  0.3423077     
 0.8250000E-01  0.3117807     
 0.8416667E-01  0.2863811     
 0.8583333E-01  0.2001298     
 0.8750000E-01  0.9169647E-01 
 0.8916666E-01  0.7698838E-01 
 0.9083333E-01  0.1282759     
 0.9250000E-01  0.2154550     
 0.9416667E-01  0.2771780     
 0.9583333E-01  0.3009549     
 0.9750000E-01  0.2490022     
 0.9916665E-01  0.2297610     
 0.1008333      0.1131284     
 0.1025000      0.8452554E-01 
 0.1041667      0.1421432     
 0.1058333      0.2152901     
 0.1075000      0.2099913     
 0.1091667      0.2457456     
 0.1108333      0.2076820     
 0.1125000      0.1530059     
 0.1141667      0.1015546     
 0.1158333      0.9264643E-01 
 0.1175000      0.1632281     
 0.1191667      0.1919292     
 0.1208333      0.1649269     
 0.1225000      0.1457596     
 0.1241667      0.9284167E-01 
 0.1258333      0.1040604     
 0.1275000      0.1128516     
 0.1291667      0.1651719     
 0.1308333      0.1588534     
 0.1325000      0.1846299     
 0.1341667      0.1108228     
 0.1358333      0.7139181E-01 
 0.1375000      0.1316259     
 0.1391667      0.1146067     
 0.1408333      0.1491140     
 0.1425000      0.1143246     
 0.1441667      0.1165875     
 0.1458333      0.1030312     
 0.1475000      0.1033064     
 0.1491667      0.1174017     
 0.1508333      0.1501290     
 0.1525000      0.1071762     
 0.1541667      0.9683271E-01 
 0.1558333      0.1148619     
 0.1575000      0.1459031     
 0.1591667      0.1076448     
 0.1608333      0.1200520     
 0.1625000      0.9867292E-01 
 0.1641667      0.1245925     
 0.1658333      0.1450225     
