# SumMovie FRC for input stack : stack6.mrc
# Number of micrographs: 1
# Number of frames per movie: 50
# Pixel size (A): 3.0000
# 1/(A)          FRC
# -----------------------
# 
# Micrograph 1 of 1. Score: .592
 0.8333334E-03  0.9999999     
 0.2500000E-02  0.9512929     
 0.4166666E-02  0.9319254     
 0.5833333E-02  0.8474970     
 0.7499999E-02  0.8653724     
 0.9166666E-02  0.6783088     
 0.1083333E-01  0.6578904     
 0.1250000E-01  0.8497903     
 0.1416667E-01  0.8880475     
 0.1583333E-01  0.9352251     
 0.1750000E-01  0.8938024     
 0.1916667E-01  0.6008134     
 0.2083333E-01  0.6729032     
 0.2250000E-01  0.8432162     
 0.2416667E-01  0.9025755     
 0.2583333E-01  0.8573908     
 0.2750000E-01  0.7351807     
 0.2916667E-01  0.6259917     
 0.3083333E-01  0.6978771     
 0.3250000E-01  0.7291287     
 0.3416666E-01  0.7025109     
 0.3583334E-01  0.6007814     
 0.3750000E-01  0.5386970     
 0.3916667E-01  0.5309955     
 0.4083334E-01  0.5749052     
 0.4250000E-01  0.4584982     
 0.4416666E-01  0.3961032     
 0.4583333E-01  0.3659028     
 0.4750000E-01  0.3036519     
 0.4916666E-01  0.2230980     
 0.5083333E-01  0.1347961     
 0.5250000E-01  0.1169495     
 0.5416667E-01  0.6153745E-01 
 0.5583333E-01  0.9891399E-01 
 0.5750000E-01  0.1214306     
 0.5916666E-01  0.1977634     
 0.6083334E-01  0.2705896     
 0.6250000E-01  0.2918115     
 0.6416667E-01  0.3447674     
 0.6583333E-01  0.3736147     
 0.6750000E-01  0.3478223     
 0.6916667E-01  0.3465185     
 0.7083333E-01  0.2919237     
 0.7250000E-01  0.2233478     
 0.7416667E-01  0.1251285     
 0.7583334E-01  0.7651885E-01 
 0.7749999E-01  0.6863471E-01 
 0.7916667E-01  0.7722609E-01 
 0.8083334E-01  0.1845603     
 0.8250000E-01  0.2304846     
 0.8416667E-01  0.2954761     
 0.8583333E-01  0.3107802     
 0.8750000E-01  0.2920721     
 0.8916666E-01  0.2432672     
 0.9083333E-01  0.1627066     
 0.9250000E-01  0.8618426E-01 
 0.9416667E-01  0.4882587E-01 
 0.9583333E-01  0.8530726E-01 
 0.9750000E-01  0.8748323E-01 
 0.9916665E-01  0.1421641     
 0.1008333      0.2199339     
 0.1025000      0.2405778     
 0.1041667      0.1715458     
 0.1058333      0.1503795     
 0.1075000      0.8043581E-01 
 0.1091667      0.7632701E-01 
 0.1108333      0.4300082E-01 
 0.1125000      0.8639653E-01 
 0.1141667      0.1411479     
 0.1158333      0.1923973     
 0.1175000      0.1694423     
 0.1191667      0.1298297     
 0.1208333      0.4168140E-01 
 0.1225000      0.4460730E-01 
 0.1241667      0.3514556E-01 
 0.1258333      0.1037431     
 0.1275000      0.1215174     
 0.1291667      0.1272878     
 0.1308333      0.1144216     
 0.1325000      0.5877154E-01 
 0.1341667      0.4635772E-01 
 0.1358333      0.7349315E-01 
 0.1375000      0.6929152E-01 
 0.1391667      0.1013101     
 0.1408333      0.8960611E-01 
 0.1425000      0.6986061E-01 
 0.1441667      0.5787987E-01 
 0.1458333      0.3871247E-01 
 0.1475000      0.4957975E-01 
 0.1491667      0.7395852E-01 
 0.1508333      0.9172315E-01 
 0.1525000      0.6845516E-01 
 0.1541667      0.4583770E-01 
 0.1558333      0.3506893E-01 
 0.1575000      0.7162370E-01 
 0.1591667      0.8232564E-01 
 0.1608333      0.7627835E-01 
 0.1625000      0.7656819E-01 
 0.1641667      0.5871345E-01 
 0.1658333      0.3021450E-01 
