# SumMovie FRC for input stack : stack6.mrc
# Number of micrographs: 1
# Number of frames per movie: 50
# Pixel size (A): 3.0000
# 1/(A)          FRC
# -----------------------
# 
# Micrograph 1 of 1. Score: .577
 0.8333334E-03  0.9999999     
 0.2500000E-02  0.9513765     
 0.4166666E-02  0.9316722     
 0.5833333E-02  0.8462283     
 0.7499999E-02  0.8651287     
 0.9166666E-02  0.6732424     
 0.1083333E-01  0.6548409     
 0.1250000E-01  0.8461482     
 0.1416667E-01  0.8834558     
 0.1583333E-01  0.9313663     
 0.1750000E-01  0.8911372     
 0.1916667E-01  0.6005309     
 0.2083333E-01  0.6615660     
 0.2250000E-01  0.8289010     
 0.2416667E-01  0.8921174     
 0.2583333E-01  0.8445085     
 0.2750000E-01  0.7213222     
 0.2916667E-01  0.6160303     
 0.3083333E-01  0.6764092     
 0.3250000E-01  0.7190248     
 0.3416666E-01  0.6848579     
 0.3583334E-01  0.5771667     
 0.3750000E-01  0.5253060     
 0.3916667E-01  0.5082049     
 0.4083334E-01  0.5417956     
 0.4250000E-01  0.4377568     
 0.4416666E-01  0.3696005     
 0.4583333E-01  0.3402864     
 0.4750000E-01  0.2869701     
 0.4916666E-01  0.2143098     
 0.5083333E-01  0.1182841     
 0.5250000E-01  0.1407223     
 0.5416667E-01  0.8749077E-01 
 0.5583333E-01  0.1263516     
 0.5750000E-01  0.1294685     
 0.5916666E-01  0.2109814     
 0.6083334E-01  0.2716067     
 0.6250000E-01  0.2897273     
 0.6416667E-01  0.3356426     
 0.6583333E-01  0.3335805     
 0.6750000E-01  0.3368769     
 0.6916667E-01  0.3180442     
 0.7083333E-01  0.2716765     
 0.7250000E-01  0.2152226     
 0.7416667E-01  0.1427465     
 0.7583334E-01  0.1007437     
 0.7749999E-01  0.8888020E-01 
 0.7916667E-01  0.9159164E-01 
 0.8083334E-01  0.1727798     
 0.8250000E-01  0.2124399     
 0.8416667E-01  0.2697068     
 0.8583333E-01  0.2863282     
 0.8750000E-01  0.2650201     
 0.8916666E-01  0.2499081     
 0.9083333E-01  0.1356550     
 0.9250000E-01  0.1243877     
 0.9416667E-01  0.8049095E-01 
 0.9583333E-01  0.1234201     
 0.9750000E-01  0.1224730     
 0.9916665E-01  0.1628847     
 0.1008333      0.1916109     
 0.1025000      0.2163806     
 0.1041667      0.1911467     
 0.1058333      0.1446839     
 0.1075000      0.1017871     
 0.1091667      0.5109058E-01 
 0.1108333      0.7860827E-01 
 0.1125000      0.1285730     
 0.1141667      0.1724113     
 0.1158333      0.1934423     
 0.1175000      0.1532175     
 0.1191667      0.1381562     
 0.1208333      0.8698546E-01 
 0.1225000      0.6228404E-01 
 0.1241667      0.7886311E-01 
 0.1258333      0.9367735E-01 
 0.1275000      0.1423878     
 0.1291667      0.1358939     
 0.1308333      0.1283589     
 0.1325000      0.5989039E-01 
 0.1341667      0.4879719E-01 
 0.1358333      0.1048396     
 0.1375000      0.8285398E-01 
 0.1391667      0.8897898E-01 
 0.1408333      0.1132113     
 0.1425000      0.9974924E-01 
 0.1441667      0.7535429E-01 
 0.1458333      0.7064568E-01 
 0.1475000      0.8035630E-01 
 0.1491667      0.1083420     
 0.1508333      0.1193363     
 0.1525000      0.8883423E-01 
 0.1541667      0.5695818E-01 
 0.1558333      0.8446953E-01 
 0.1575000      0.7826986E-01 
 0.1591667      0.9254229E-01 
 0.1608333      0.1043061     
 0.1625000      0.7763922E-01 
 0.1641667      0.7880211E-01 
 0.1658333      0.5154738E-01 
