# SumMovie FRC for input stack : stack16.mrc
# Number of micrographs: 1
# Number of frames per movie: 50
# Pixel size (A): 3.0000
# 1/(A)          FRC
# -----------------------
# 
# Micrograph 1 of 1. Score: .528
 0.8333334E-03  0.9999994     
 0.2500000E-02  0.9669719     
 0.4166666E-02  0.9458977     
 0.5833333E-02  0.9108836     
 0.7499999E-02  0.8942720     
 0.9166666E-02  0.8410141     
 0.1083333E-01  0.7712696     
 0.1250000E-01  0.8782498     
 0.1416667E-01  0.9332067     
 0.1583333E-01  0.9635579     
 0.1750000E-01  0.9433336     
 0.1916667E-01  0.7639771     
 0.2083333E-01  0.7993672     
 0.2250000E-01  0.8919126     
 0.2416667E-01  0.9337026     
 0.2583333E-01  0.9244907     
 0.2750000E-01  0.8125508     
 0.2916667E-01  0.6779644     
 0.3083333E-01  0.7301461     
 0.3250000E-01  0.7754055     
 0.3416666E-01  0.6960559     
 0.3583334E-01  0.5543567     
 0.3750000E-01  0.4243561     
 0.3916667E-01  0.3586746     
 0.4083334E-01  0.2942065     
 0.4250000E-01  0.1147799     
 0.4416666E-01  0.1227372     
 0.4583333E-01  0.1070559     
 0.4750000E-01  0.1370597     
 0.4916666E-01  0.2695302     
 0.5083333E-01  0.3285155     
 0.5250000E-01  0.3559276     
 0.5416667E-01  0.3559706     
 0.5583333E-01  0.4032354     
 0.5750000E-01  0.3415738     
 0.5916666E-01  0.2616171     
 0.6083334E-01  0.1721526     
 0.6250000E-01  0.9118745E-01 
 0.6416667E-01  0.1146195     
 0.6583333E-01  0.1410567     
 0.6750000E-01  0.1877494     
 0.6916667E-01  0.2966467     
 0.7083333E-01  0.3857157     
 0.7250000E-01  0.3308574     
 0.7416667E-01  0.2671701     
 0.7583334E-01  0.1628265     
 0.7749999E-01  0.1126354     
 0.7916667E-01  0.9226954E-01 
 0.8083334E-01  0.2439151     
 0.8250000E-01  0.2444684     
 0.8416667E-01  0.3231437     
 0.8583333E-01  0.2757379     
 0.8750000E-01  0.1834462     
 0.8916666E-01  0.1171366     
 0.9083333E-01  0.9921406E-01 
 0.9250000E-01  0.1840688     
 0.9416667E-01  0.2391051     
 0.9583333E-01  0.2519671     
 0.9750000E-01  0.2040823     
 0.9916665E-01  0.1282360     
 0.1008333      0.1084149     
 0.1025000      0.1339394     
 0.1041667      0.1891808     
 0.1058333      0.2260452     
 0.1075000      0.1863388     
 0.1091667      0.1297539     
 0.1108333      0.6905922E-01 
 0.1125000      0.1538017     
 0.1141667      0.1834474     
 0.1158333      0.1727951     
 0.1175000      0.1363788     
 0.1191667      0.8958168E-01 
 0.1208333      0.1162356     
 0.1225000      0.1503336     
 0.1241667      0.1726523     
 0.1258333      0.1289753     
 0.1275000      0.9167125E-01 
 0.1291667      0.1130096     
 0.1308333      0.1390989     
 0.1325000      0.1362876     
 0.1341667      0.1110409     
 0.1358333      0.7052942E-01 
 0.1375000      0.1262729     
 0.1391667      0.1360863     
 0.1408333      0.1393021     
 0.1425000      0.9662956E-01 
 0.1441667      0.1189417     
 0.1458333      0.1200093     
 0.1475000      0.1158878     
 0.1491667      0.1217124     
 0.1508333      0.9826054E-01 
 0.1525000      0.1275391     
 0.1541667      0.1154077     
 0.1558333      0.9654343E-01 
 0.1575000      0.9443868E-01 
 0.1591667      0.1088285     
 0.1608333      0.1186918     
 0.1625000      0.7197955E-01 
 0.1641667      0.9555898E-01 
 0.1658333      0.1370214     
