# SumMovie FRC for input stack : stack6.mrc
# Number of micrographs: 1
# Number of frames per movie: 50
# Pixel size (A): 3.0000
# 1/(A)          FRC
# -----------------------
# 
# Micrograph 1 of 1. Score: .577
 0.8333334E-03  0.9999999     
 0.2500000E-02  0.9513763     
 0.4166666E-02  0.9316759     
 0.5833333E-02  0.8462289     
 0.7499999E-02  0.8651372     
 0.9166666E-02  0.6732541     
 0.1083333E-01  0.6548746     
 0.1250000E-01  0.8461628     
 0.1416667E-01  0.8834914     
 0.1583333E-01  0.9313951     
 0.1750000E-01  0.8911630     
 0.1916667E-01  0.6005552     
 0.2083333E-01  0.6616648     
 0.2250000E-01  0.8290262     
 0.2416667E-01  0.8921845     
 0.2583333E-01  0.8446426     
 0.2750000E-01  0.7214345     
 0.2916667E-01  0.6161883     
 0.3083333E-01  0.6765809     
 0.3250000E-01  0.7191586     
 0.3416666E-01  0.6849569     
 0.3583334E-01  0.5773330     
 0.3750000E-01  0.5255111     
 0.3916667E-01  0.5085053     
 0.4083334E-01  0.5421287     
 0.4250000E-01  0.4381078     
 0.4416666E-01  0.3697751     
 0.4583333E-01  0.3406135     
 0.4750000E-01  0.2871278     
 0.4916666E-01  0.2142871     
 0.5083333E-01  0.1183155     
 0.5250000E-01  0.1404143     
 0.5416667E-01  0.8713979E-01 
 0.5583333E-01  0.1261362     
 0.5750000E-01  0.1295002     
 0.5916666E-01  0.2109794     
 0.6083334E-01  0.2717127     
 0.6250000E-01  0.2897641     
 0.6416667E-01  0.3358198     
 0.6583333E-01  0.3338087     
 0.6750000E-01  0.3368972     
 0.6916667E-01  0.3179303     
 0.7083333E-01  0.2719434     
 0.7250000E-01  0.2152429     
 0.7416667E-01  0.1423998     
 0.7583334E-01  0.1007224     
 0.7749999E-01  0.8895405E-01 
 0.7916667E-01  0.9134983E-01 
 0.8083334E-01  0.1728550     
 0.8250000E-01  0.2123946     
 0.8416667E-01  0.2696743     
 0.8583333E-01  0.2861281     
 0.8750000E-01  0.2651419     
 0.8916666E-01  0.2496416     
 0.9083333E-01  0.1356809     
 0.9250000E-01  0.1240414     
 0.9416667E-01  0.7991181E-01 
 0.9583333E-01  0.1230013     
 0.9750000E-01  0.1221061     
 0.9916665E-01  0.1626102     
 0.1008333      0.1919637     
 0.1025000      0.2164966     
 0.1041667      0.1907727     
 0.1058333      0.1448522     
 0.1075000      0.1017273     
 0.1091667      0.5098959E-01 
 0.1108333      0.7834529E-01 
 0.1125000      0.1279275     
 0.1141667      0.1723108     
 0.1158333      0.1933328     
 0.1175000      0.1529907     
 0.1191667      0.1381078     
 0.1208333      0.8645287E-01 
 0.1225000      0.6204043E-01 
 0.1241667      0.7794446E-01 
 0.1258333      0.9322564E-01 
 0.1275000      0.1421202     
 0.1291667      0.1355980     
 0.1308333      0.1278091     
 0.1325000      0.5957774E-01 
 0.1341667      0.4828158E-01 
 0.1358333      0.1044137     
 0.1375000      0.8232245E-01 
 0.1391667      0.8846279E-01 
 0.1408333      0.1128389     
 0.1425000      0.9953762E-01 
 0.1441667      0.7501228E-01 
 0.1458333      0.7001111E-01 
 0.1475000      0.7969248E-01 
 0.1491667      0.1076045     
 0.1508333      0.1187311     
 0.1525000      0.8829633E-01 
 0.1541667      0.5615798E-01 
 0.1558333      0.8375045E-01 
 0.1575000      0.7768053E-01 
 0.1591667      0.9203585E-01 
 0.1608333      0.1035459     
 0.1625000      0.7688103E-01 
 0.1641667      0.7870921E-01 
 0.1658333      0.5082256E-01 
