# SumMovie FRC for input stack : stack6.mrc
# Number of micrographs: 1
# Number of frames per movie: 50
# Pixel size (A): 3.0000
# 1/(A)          FRC
# -----------------------
# 
# Micrograph 1 of 1. Score: .569
 0.8333334E-03  0.9999999     
 0.2500000E-02  0.9513252     
 0.4166666E-02  0.9316452     
 0.5833333E-02  0.8460870     
 0.7499999E-02  0.8646129     
 0.9166666E-02  0.6715727     
 0.1083333E-01  0.6530538     
 0.1250000E-01  0.8453707     
 0.1416667E-01  0.8818645     
 0.1583333E-01  0.9301417     
 0.1750000E-01  0.8896582     
 0.1916667E-01  0.5991749     
 0.2083333E-01  0.6578746     
 0.2250000E-01  0.8247252     
 0.2416667E-01  0.8886290     
 0.2583333E-01  0.8397587     
 0.2750000E-01  0.7159546     
 0.2916667E-01  0.6080269     
 0.3083333E-01  0.6669664     
 0.3250000E-01  0.7100067     
 0.3416666E-01  0.6773212     
 0.3583334E-01  0.5674515     
 0.3750000E-01  0.5129352     
 0.3916667E-01  0.4957904     
 0.4083334E-01  0.5245368     
 0.4250000E-01  0.4287405     
 0.4416666E-01  0.3634081     
 0.4583333E-01  0.3275170     
 0.4750000E-01  0.2801858     
 0.4916666E-01  0.2072791     
 0.5083333E-01  0.1187259     
 0.5250000E-01  0.1462196     
 0.5416667E-01  0.9241384E-01 
 0.5583333E-01  0.1339111     
 0.5750000E-01  0.1297400     
 0.5916666E-01  0.2031288     
 0.6083334E-01  0.2616827     
 0.6250000E-01  0.2851265     
 0.6416667E-01  0.3202903     
 0.6583333E-01  0.3189239     
 0.6750000E-01  0.3270299     
 0.6916667E-01  0.3125783     
 0.7083333E-01  0.2600679     
 0.7250000E-01  0.2104765     
 0.7416667E-01  0.1463206     
 0.7583334E-01  0.1028752     
 0.7749999E-01  0.8864378E-01 
 0.7916667E-01  0.1009331     
 0.8083334E-01  0.1709445     
 0.8250000E-01  0.2082612     
 0.8416667E-01  0.2602288     
 0.8583333E-01  0.2820544     
 0.8750000E-01  0.2582567     
 0.8916666E-01  0.2569493     
 0.9083333E-01  0.1295657     
 0.9250000E-01  0.1329151     
 0.9416667E-01  0.8928653E-01 
 0.9583333E-01  0.1328345     
 0.9750000E-01  0.1357834     
 0.9916665E-01  0.1707472     
 0.1008333      0.1891613     
 0.1025000      0.2049577     
 0.1041667      0.2004433     
 0.1058333      0.1418050     
 0.1075000      0.1130519     
 0.1091667      0.6448659E-01 
 0.1108333      0.8647082E-01 
 0.1125000      0.1445260     
 0.1141667      0.1701378     
 0.1158333      0.1983297     
 0.1175000      0.1653453     
 0.1191667      0.1449445     
 0.1208333      0.1088199     
 0.1225000      0.7972010E-01 
 0.1241667      0.1060943     
 0.1258333      0.1053738     
 0.1275000      0.1583850     
 0.1291667      0.1439610     
 0.1308333      0.1474690     
 0.1325000      0.7445183E-01 
 0.1341667      0.6628297E-01 
 0.1358333      0.1184966     
 0.1375000      0.1017570     
 0.1391667      0.1044990     
 0.1408333      0.1283041     
 0.1425000      0.1090741     
 0.1441667      0.9049103E-01 
 0.1458333      0.9184930E-01 
 0.1475000      0.1045738     
 0.1491667      0.1294683     
 0.1508333      0.1384545     
 0.1525000      0.1136784     
 0.1541667      0.7651415E-01 
 0.1558333      0.1074501     
 0.1575000      0.9511392E-01 
 0.1591667      0.1099712     
 0.1608333      0.1329003     
 0.1625000      0.9989932E-01 
 0.1641667      0.9044072E-01 
 0.1658333      0.7391356E-01 
