# SumMovie FRC for input stack : stack6.mrc
# Number of micrographs: 1
# Number of frames per movie: 50
# Pixel size (A): 3.0000
# 1/(A)          FRC
# -----------------------
# 
# Micrograph 1 of 1. Score: .592
 0.8333334E-03  0.9999999     
 0.2500000E-02  0.9512944     
 0.4166666E-02  0.9319611     
 0.5833333E-02  0.8474720     
 0.7499999E-02  0.8653696     
 0.9166666E-02  0.6787158     
 0.1083333E-01  0.6585426     
 0.1250000E-01  0.8498151     
 0.1416667E-01  0.8880082     
 0.1583333E-01  0.9352751     
 0.1750000E-01  0.8940874     
 0.1916667E-01  0.6003928     
 0.2083333E-01  0.6727442     
 0.2250000E-01  0.8431242     
 0.2416667E-01  0.9027241     
 0.2583333E-01  0.8571745     
 0.2750000E-01  0.7352464     
 0.2916667E-01  0.6255419     
 0.3083333E-01  0.6979986     
 0.3250000E-01  0.7292706     
 0.3416666E-01  0.7026380     
 0.3583334E-01  0.6007138     
 0.3750000E-01  0.5389928     
 0.3916667E-01  0.5313591     
 0.4083334E-01  0.5748553     
 0.4250000E-01  0.4577376     
 0.4416666E-01  0.3960885     
 0.4583333E-01  0.3645146     
 0.4750000E-01  0.3030787     
 0.4916666E-01  0.2234342     
 0.5083333E-01  0.1349449     
 0.5250000E-01  0.1173842     
 0.5416667E-01  0.6211046E-01 
 0.5583333E-01  0.9935648E-01 
 0.5750000E-01  0.1219789     
 0.5916666E-01  0.1985464     
 0.6083334E-01  0.2708522     
 0.6250000E-01  0.2914157     
 0.6416667E-01  0.3456604     
 0.6583333E-01  0.3753434     
 0.6750000E-01  0.3501199     
 0.6916667E-01  0.3467923     
 0.7083333E-01  0.2911198     
 0.7250000E-01  0.2221193     
 0.7416667E-01  0.1238930     
 0.7583334E-01  0.7858606E-01 
 0.7749999E-01  0.6751006E-01 
 0.7916667E-01  0.7880423E-01 
 0.8083334E-01  0.1863215     
 0.8250000E-01  0.2311082     
 0.8416667E-01  0.2984539     
 0.8583333E-01  0.3112786     
 0.8750000E-01  0.2919008     
 0.8916666E-01  0.2442063     
 0.9083333E-01  0.1637739     
 0.9250000E-01  0.8550493E-01 
 0.9416667E-01  0.4696753E-01 
 0.9583333E-01  0.8705948E-01 
 0.9750000E-01  0.8877359E-01 
 0.9916665E-01  0.1441535     
 0.1008333      0.2169808     
 0.1025000      0.2400496     
 0.1041667      0.1729574     
 0.1058333      0.1476587     
 0.1075000      0.8173454E-01 
 0.1091667      0.7588430E-01 
 0.1108333      0.4475799E-01 
 0.1125000      0.8738298E-01 
 0.1141667      0.1424127     
 0.1158333      0.1916786     
 0.1175000      0.1735375     
 0.1191667      0.1308270     
 0.1208333      0.4237427E-01 
 0.1225000      0.4330130E-01 
 0.1241667      0.4067204E-01 
 0.1258333      0.1053870     
 0.1275000      0.1236347     
 0.1291667      0.1278660     
 0.1308333      0.1116864     
 0.1325000      0.5787433E-01 
 0.1341667      0.5061179E-01 
 0.1358333      0.7614867E-01 
 0.1375000      0.7126667E-01 
 0.1391667      0.1050822     
 0.1408333      0.9186355E-01 
 0.1425000      0.7204508E-01 
 0.1441667      0.5856438E-01 
 0.1458333      0.4219642E-01 
 0.1475000      0.4798269E-01 
 0.1491667      0.7902411E-01 
 0.1508333      0.9457726E-01 
 0.1525000      0.6765071E-01 
 0.1541667      0.4844020E-01 
 0.1558333      0.3761837E-01 
 0.1575000      0.7481420E-01 
 0.1591667      0.8199151E-01 
 0.1608333      0.7698715E-01 
 0.1625000      0.7685058E-01 
 0.1641667      0.5932748E-01 
 0.1658333      0.2888176E-01 
