# SumMovie FRC for input stack : stack1.mrc
# Number of micrographs: 1
# Number of frames per movie: 50
# Pixel size (A): 3.0000
# 1/(A)          FRC
# -----------------------
# 
# Micrograph 1 of 1. Score: .544
 0.8333334E-03  0.9999993     
 0.2500000E-02  0.9744757     
 0.4166666E-02  0.9571002     
 0.5833333E-02  0.9208438     
 0.7499999E-02  0.9050221     
 0.9166666E-02  0.7500503     
 0.1083333E-01  0.7271229     
 0.1250000E-01  0.8562196     
 0.1416667E-01  0.9223873     
 0.1583333E-01  0.9255735     
 0.1750000E-01  0.8742278     
 0.1916667E-01  0.6733455     
 0.2083333E-01  0.7634277     
 0.2250000E-01  0.8704728     
 0.2416667E-01  0.9035098     
 0.2583333E-01  0.8718803     
 0.2750000E-01  0.7483311     
 0.2916667E-01  0.6419060     
 0.3083333E-01  0.7082577     
 0.3250000E-01  0.7394993     
 0.3416666E-01  0.6852719     
 0.3583334E-01  0.5454382     
 0.3750000E-01  0.4810470     
 0.3916667E-01  0.4570042     
 0.4083334E-01  0.4493207     
 0.4250000E-01  0.3955349     
 0.4416666E-01  0.2509598     
 0.4583333E-01  0.1623082     
 0.4750000E-01  0.1812578     
 0.4916666E-01  0.9413549E-01 
 0.5083333E-01  0.5765147E-01 
 0.5250000E-01  0.6865869E-01 
 0.5416667E-01  0.1139853     
 0.5583333E-01  0.1873286     
 0.5750000E-01  0.2480088     
 0.5916666E-01  0.3190884     
 0.6083334E-01  0.3429729     
 0.6250000E-01  0.3290754     
 0.6416667E-01  0.2948608     
 0.6583333E-01  0.2698931     
 0.6750000E-01  0.1617122     
 0.6916667E-01  0.1258889     
 0.7083333E-01  0.8680388E-01 
 0.7250000E-01  0.6102216E-01 
 0.7416667E-01  0.9952384E-01 
 0.7583334E-01  0.1549182     
 0.7749999E-01  0.2505749     
 0.7916667E-01  0.2964071     
 0.8083334E-01  0.2853224     
 0.8250000E-01  0.2854579     
 0.8416667E-01  0.2171248     
 0.8583333E-01  0.1186951     
 0.8750000E-01  0.5621151E-01 
 0.8916666E-01  0.3531680E-01 
 0.9083333E-01  0.1221174     
 0.9250000E-01  0.1880563     
 0.9416667E-01  0.2352968     
 0.9583333E-01  0.2434385     
 0.9750000E-01  0.1971957     
 0.9916665E-01  0.1091664     
 0.1008333      0.6572324E-01 
 0.1025000      0.4393769E-01 
 0.1041667      0.1235428     
 0.1058333      0.1565432     
 0.1075000      0.1540707     
 0.1091667      0.1688039     
 0.1108333      0.1238349     
 0.1125000      0.1291337     
 0.1141667      0.4545876E-01 
 0.1158333      0.6054285E-01 
 0.1175000      0.1066239     
 0.1191667      0.1062406     
 0.1208333      0.1059531     
 0.1225000      0.9452191E-01 
 0.1241667      0.4460058E-01 
 0.1258333      0.3817985E-01 
 0.1275000      0.5533024E-01 
 0.1291667      0.1087588     
 0.1308333      0.1268544     
 0.1325000      0.6724475E-01 
 0.1341667      0.3861625E-01 
 0.1358333      0.3716578E-01 
 0.1375000      0.9248224E-01 
 0.1391667      0.6591272E-01 
 0.1408333      0.9584031E-01 
 0.1425000      0.7176054E-01 
 0.1441667      0.2705190E-01 
 0.1458333      0.4012362E-01 
 0.1475000      0.7825138E-01 
 0.1491667      0.6344640E-01 
 0.1508333      0.6739428E-01 
 0.1525000      0.4321666E-01 
 0.1541667      0.5500764E-01 
 0.1558333      0.7933192E-01 
 0.1575000      0.4171241E-01 
 0.1591667      0.2347195E-01 
 0.1608333      0.4148205E-01 
 0.1625000      0.5194360E-01 
 0.1641667      0.3563230E-01 
 0.1658333      0.3023706E-01 
