# SumMovie FRC for input stack : stack16.mrc
# Number of micrographs: 1
# Number of frames per movie: 50
# Pixel size (A): 3.0000
# 1/(A)          FRC
# -----------------------
# 
# Micrograph 1 of 1. Score: .538
 0.8333334E-03  0.9999994     
 0.2500000E-02  0.9672190     
 0.4166666E-02  0.9454034     
 0.5833333E-02  0.9120460     
 0.7499999E-02  0.8965694     
 0.9166666E-02  0.8415775     
 0.1083333E-01  0.7767120     
 0.1250000E-01  0.8840182     
 0.1416667E-01  0.9355448     
 0.1583333E-01  0.9656449     
 0.1750000E-01  0.9459192     
 0.1916667E-01  0.7767607     
 0.2083333E-01  0.8028338     
 0.2250000E-01  0.9023247     
 0.2416667E-01  0.9434227     
 0.2583333E-01  0.9340680     
 0.2750000E-01  0.8305574     
 0.2916667E-01  0.7052335     
 0.3083333E-01  0.7540640     
 0.3250000E-01  0.7966917     
 0.3416666E-01  0.7329271     
 0.3583334E-01  0.6078621     
 0.3750000E-01  0.4392011     
 0.3916667E-01  0.3792680     
 0.4083334E-01  0.2923939     
 0.4250000E-01  0.1231951     
 0.4416666E-01  0.1193114     
 0.4583333E-01  0.8364321E-01 
 0.4750000E-01  0.1475882     
 0.4916666E-01  0.2690994     
 0.5083333E-01  0.3447072     
 0.5250000E-01  0.3903793     
 0.5416667E-01  0.3826029     
 0.5583333E-01  0.4239405     
 0.5750000E-01  0.3615057     
 0.5916666E-01  0.2772539     
 0.6083334E-01  0.1849421     
 0.6250000E-01  0.8098445E-01 
 0.6416667E-01  0.1043751     
 0.6583333E-01  0.1396339     
 0.6750000E-01  0.2100627     
 0.6916667E-01  0.3141534     
 0.7083333E-01  0.4061251     
 0.7250000E-01  0.3724359     
 0.7416667E-01  0.3083512     
 0.7583334E-01  0.1812601     
 0.7749999E-01  0.1196981     
 0.7916667E-01  0.9409411E-01 
 0.8083334E-01  0.2497411     
 0.8250000E-01  0.2766016     
 0.8416667E-01  0.3610468     
 0.8583333E-01  0.3020128     
 0.8750000E-01  0.1879856     
 0.8916666E-01  0.1194444     
 0.9083333E-01  0.7937601E-01 
 0.9250000E-01  0.1863540     
 0.9416667E-01  0.2611682     
 0.9583333E-01  0.2820179     
 0.9750000E-01  0.2121214     
 0.9916665E-01  0.9934913E-01 
 0.1008333      0.6069491E-01 
 0.1025000      0.1213840     
 0.1041667      0.1921496     
 0.1058333      0.2423352     
 0.1075000      0.1807890     
 0.1091667      0.1109164     
 0.1108333      0.5845247E-01 
 0.1125000      0.1416518     
 0.1141667      0.1976425     
 0.1158333      0.1897971     
 0.1175000      0.1117328     
 0.1191667      0.4892079E-01 
 0.1208333      0.9315238E-01 
 0.1225000      0.1581009     
 0.1241667      0.1755433     
 0.1258333      0.1076802     
 0.1275000      0.6749975E-01 
 0.1291667      0.8782745E-01 
 0.1308333      0.1204683     
 0.1325000      0.1350043     
 0.1341667      0.6917172E-01 
 0.1358333      0.4387641E-01 
 0.1375000      0.1142050     
 0.1391667      0.1358046     
 0.1408333      0.9524520E-01 
 0.1425000      0.7745302E-01 
 0.1441667      0.7708800E-01 
 0.1458333      0.1160393     
 0.1475000      0.9702483E-01 
 0.1491667      0.6699678E-01 
 0.1508333      0.7194552E-01 
 0.1525000      0.1021765     
 0.1541667      0.8484723E-01 
 0.1558333      0.7686551E-01 
 0.1575000      0.4692608E-01 
 0.1591667      0.8581681E-01 
 0.1608333      0.8938221E-01 
 0.1625000      0.4495656E-01 
 0.1641667      0.6483924E-01 
 0.1658333      0.1327518     
