# SumMovie FRC for input stack : stack1.mrc
# Number of micrographs: 1
# Number of frames per movie: 50
# Pixel size (A): 3.0000
# 1/(A)          FRC
# -----------------------
# 
# Micrograph 1 of 1. Score: .510
 0.8333334E-03  0.9999990     
 0.2500000E-02  0.9745021     
 0.4166666E-02  0.9567440     
 0.5833333E-02  0.9213831     
 0.7499999E-02  0.9025242     
 0.9166666E-02  0.7435053     
 0.1083333E-01  0.7114948     
 0.1250000E-01  0.8409228     
 0.1416667E-01  0.9107448     
 0.1583333E-01  0.9143558     
 0.1750000E-01  0.8600541     
 0.1916667E-01  0.6456705     
 0.2083333E-01  0.7363655     
 0.2250000E-01  0.8490769     
 0.2416667E-01  0.8863335     
 0.2583333E-01  0.8461421     
 0.2750000E-01  0.6979873     
 0.2916667E-01  0.5717388     
 0.3083333E-01  0.6635721     
 0.3250000E-01  0.6748492     
 0.3416666E-01  0.6175858     
 0.3583334E-01  0.4916072     
 0.3750000E-01  0.4320157     
 0.3916667E-01  0.3907145     
 0.4083334E-01  0.3903181     
 0.4250000E-01  0.3452919     
 0.4416666E-01  0.2165063     
 0.4583333E-01  0.1345406     
 0.4750000E-01  0.1918022     
 0.4916666E-01  0.1050697     
 0.5083333E-01  0.9542755E-01 
 0.5250000E-01  0.9399685E-01 
 0.5416667E-01  0.1117948     
 0.5583333E-01  0.1694312     
 0.5750000E-01  0.2149773     
 0.5916666E-01  0.2559927     
 0.6083334E-01  0.2860981     
 0.6250000E-01  0.2422342     
 0.6416667E-01  0.2273364     
 0.6583333E-01  0.2240935     
 0.6750000E-01  0.1374327     
 0.6916667E-01  0.1449257     
 0.7083333E-01  0.1160049     
 0.7250000E-01  0.6550856E-01 
 0.7416667E-01  0.8192110E-01 
 0.7583334E-01  0.1335374     
 0.7749999E-01  0.1846439     
 0.7916667E-01  0.2116225     
 0.8083334E-01  0.2144421     
 0.8250000E-01  0.1995024     
 0.8416667E-01  0.1535828     
 0.8583333E-01  0.9567584E-01 
 0.8750000E-01  0.5967966E-01 
 0.8916666E-01  0.1620323E-01 
 0.9083333E-01  0.8564576E-01 
 0.9250000E-01  0.1205768     
 0.9416667E-01  0.1729070     
 0.9583333E-01  0.1894930     
 0.9750000E-01  0.1502401     
 0.9916665E-01  0.8756761E-01 
 0.1008333      0.7384752E-01 
 0.1025000      0.2918262E-01 
 0.1041667      0.1068806     
 0.1058333      0.1446839     
 0.1075000      0.1457925     
 0.1091667      0.1349318     
 0.1108333      0.1103554     
 0.1125000      0.1137718     
 0.1141667      0.6593943E-01 
 0.1158333      0.4487760E-01 
 0.1175000      0.7444803E-01 
 0.1191667      0.1105417     
 0.1208333      0.8969605E-01 
 0.1225000      0.6360665E-01 
 0.1241667      0.6575049E-01 
 0.1258333      0.4275137E-01 
 0.1275000      0.2398780E-01 
 0.1291667      0.1163289     
 0.1308333      0.8414833E-01 
 0.1325000      0.7573722E-01 
 0.1341667      0.2506685E-01 
 0.1358333      0.5142304E-01 
 0.1375000      0.5871404E-01 
 0.1391667      0.7242925E-01 
 0.1408333      0.8385026E-01 
 0.1425000      0.6613662E-01 
 0.1441667      0.3584743E-01 
 0.1458333      0.4934449E-01 
 0.1475000      0.8180921E-01 
 0.1491667      0.5654371E-01 
 0.1508333      0.4622452E-01 
 0.1525000      0.3893495E-01 
 0.1541667      0.4974492E-01 
 0.1558333      0.4957693E-01 
 0.1575000      0.4995987E-01 
 0.1591667      0.1617268E-01 
 0.1608333      0.5189091E-01 
 0.1625000      0.5111720E-01 
 0.1641667      0.7287208E-01 
 0.1658333      0.4250580E-01 
