# SumMovie FRC for input stack : stack1.mrc
# Number of micrographs: 1
# Number of frames per movie: 50
# Pixel size (A): 3.0000
# 1/(A)          FRC
# -----------------------
# 
# Micrograph 1 of 1. Score: .544
 0.8333334E-03  0.9999993     
 0.2500000E-02  0.9744779     
 0.4166666E-02  0.9570971     
 0.5833333E-02  0.9208418     
 0.7499999E-02  0.9049897     
 0.9166666E-02  0.7501451     
 0.1083333E-01  0.7271360     
 0.1250000E-01  0.8562149     
 0.1416667E-01  0.9223971     
 0.1583333E-01  0.9255894     
 0.1750000E-01  0.8742217     
 0.1916667E-01  0.6734695     
 0.2083333E-01  0.7633317     
 0.2250000E-01  0.8704302     
 0.2416667E-01  0.9035451     
 0.2583333E-01  0.8718398     
 0.2750000E-01  0.7484005     
 0.2916667E-01  0.6421228     
 0.3083333E-01  0.7083831     
 0.3250000E-01  0.7394960     
 0.3416666E-01  0.6851869     
 0.3583334E-01  0.5452478     
 0.3750000E-01  0.4806636     
 0.3916667E-01  0.4570978     
 0.4083334E-01  0.4491865     
 0.4250000E-01  0.3956830     
 0.4416666E-01  0.2508658     
 0.4583333E-01  0.1624774     
 0.4750000E-01  0.1813201     
 0.4916666E-01  0.9453531E-01 
 0.5083333E-01  0.5762950E-01 
 0.5250000E-01  0.6831910E-01 
 0.5416667E-01  0.1139682     
 0.5583333E-01  0.1871398     
 0.5750000E-01  0.2477033     
 0.5916666E-01  0.3187752     
 0.6083334E-01  0.3423771     
 0.6250000E-01  0.3290488     
 0.6416667E-01  0.2945409     
 0.6583333E-01  0.2694234     
 0.6750000E-01  0.1615113     
 0.6916667E-01  0.1256472     
 0.7083333E-01  0.8650999E-01 
 0.7250000E-01  0.6127550E-01 
 0.7416667E-01  0.9895484E-01 
 0.7583334E-01  0.1542150     
 0.7749999E-01  0.2505413     
 0.7916667E-01  0.2963225     
 0.8083334E-01  0.2847481     
 0.8250000E-01  0.2848493     
 0.8416667E-01  0.2159420     
 0.8583333E-01  0.1186354     
 0.8750000E-01  0.5641206E-01 
 0.8916666E-01  0.3517111E-01 
 0.9083333E-01  0.1209485     
 0.9250000E-01  0.1869379     
 0.9416667E-01  0.2347801     
 0.9583333E-01  0.2431095     
 0.9750000E-01  0.1973437     
 0.9916665E-01  0.1086920     
 0.1008333      0.6496920E-01 
 0.1025000      0.4368404E-01 
 0.1041667      0.1239004     
 0.1058333      0.1559005     
 0.1075000      0.1540649     
 0.1091667      0.1679808     
 0.1108333      0.1234920     
 0.1125000      0.1285940     
 0.1141667      0.4463591E-01 
 0.1158333      0.5998097E-01 
 0.1175000      0.1071013     
 0.1191667      0.1053546     
 0.1208333      0.1053337     
 0.1225000      0.9463979E-01 
 0.1241667      0.4381703E-01 
 0.1258333      0.3737807E-01 
 0.1275000      0.5479750E-01 
 0.1291667      0.1072266     
 0.1308333      0.1265480     
 0.1325000      0.6654931E-01 
 0.1341667      0.3828852E-01 
 0.1358333      0.3796390E-01 
 0.1375000      0.9184350E-01 
 0.1391667      0.6447431E-01 
 0.1408333      0.9603284E-01 
 0.1425000      0.7127026E-01 
 0.1441667      0.2545094E-01 
 0.1458333      0.3934654E-01 
 0.1475000      0.7750113E-01 
 0.1491667      0.6298551E-01 
 0.1508333      0.6665161E-01 
 0.1525000      0.4357808E-01 
 0.1541667      0.5429922E-01 
 0.1558333      0.8025261E-01 
 0.1575000      0.4129264E-01 
 0.1591667      0.2427995E-01 
 0.1608333      0.3886824E-01 
 0.1625000      0.5120968E-01 
 0.1641667      0.3504490E-01 
 0.1658333      0.3109844E-01 
