# SumMovie FRC for input stack : stack11.mrc
# Number of micrographs: 1
# Number of frames per movie: 50
# Pixel size (A): 3.0000
# 1/(A)          FRC
# -----------------------
# 
# Micrograph 1 of 1. Score: .577
 0.8333334E-03  0.9999998     
 0.2500000E-02  0.8505942     
 0.4166666E-02  0.8708695     
 0.5833333E-02  0.8516844     
 0.7499999E-02  0.8578821     
 0.9166666E-02  0.7376006     
 0.1083333E-01  0.6259272     
 0.1250000E-01  0.8537948     
 0.1416667E-01  0.9153811     
 0.1583333E-01  0.9441951     
 0.1750000E-01  0.9082839     
 0.1916667E-01  0.6551484     
 0.2083333E-01  0.7417924     
 0.2250000E-01  0.8761575     
 0.2416667E-01  0.9246185     
 0.2583333E-01  0.8934220     
 0.2750000E-01  0.7465516     
 0.2916667E-01  0.6516370     
 0.3083333E-01  0.7198153     
 0.3250000E-01  0.7778546     
 0.3416666E-01  0.7310849     
 0.3583334E-01  0.5952929     
 0.3750000E-01  0.5326006     
 0.3916667E-01  0.5107478     
 0.4083334E-01  0.5216979     
 0.4250000E-01  0.4076076     
 0.4416666E-01  0.3425912     
 0.4583333E-01  0.3000844     
 0.4750000E-01  0.2192942     
 0.4916666E-01  0.1044880     
 0.5083333E-01  0.7592817E-01 
 0.5250000E-01  0.1388510     
 0.5416667E-01  0.1456769     
 0.5583333E-01  0.2190688     
 0.5750000E-01  0.3001144     
 0.5916666E-01  0.3823746     
 0.6083334E-01  0.3613800     
 0.6250000E-01  0.4223784     
 0.6416667E-01  0.4052547     
 0.6583333E-01  0.3283135     
 0.6750000E-01  0.3051285     
 0.6916667E-01  0.1836429     
 0.7083333E-01  0.1069726     
 0.7250000E-01  0.6791275E-01 
 0.7416667E-01  0.1093857     
 0.7583334E-01  0.2022858     
 0.7749999E-01  0.2830350     
 0.7916667E-01  0.3231725     
 0.8083334E-01  0.3773554     
 0.8250000E-01  0.3362285     
 0.8416667E-01  0.3160334     
 0.8583333E-01  0.2099369     
 0.8750000E-01  0.1012624     
 0.8916666E-01  0.6847626E-01 
 0.9083333E-01  0.1346900     
 0.9250000E-01  0.2389739     
 0.9416667E-01  0.2925572     
 0.9583333E-01  0.2984647     
 0.9750000E-01  0.2686290     
 0.9916665E-01  0.2230684     
 0.1008333      0.1069386     
 0.1025000      0.4397225E-01 
 0.1041667      0.1152262     
 0.1058333      0.1951376     
 0.1075000      0.2383820     
 0.1091667      0.2377197     
 0.1108333      0.1998642     
 0.1125000      0.1345420     
 0.1141667      0.6627313E-01 
 0.1158333      0.8346917E-01 
 0.1175000      0.1418601     
 0.1191667      0.1758023     
 0.1208333      0.1633335     
 0.1225000      0.1335261     
 0.1241667      0.7422765E-01 
 0.1258333      0.6624300E-01 
 0.1275000      0.9204198E-01 
 0.1291667      0.1459576     
 0.1308333      0.1684051     
 0.1325000      0.1653102     
 0.1341667      0.8953969E-01 
 0.1358333      0.5045814E-01 
 0.1375000      0.9674835E-01 
 0.1391667      0.1030704     
 0.1408333      0.1314319     
 0.1425000      0.1039613     
 0.1441667      0.7171366E-01 
 0.1458333      0.4937362E-01 
 0.1475000      0.5734817E-01 
 0.1491667      0.1126682     
 0.1508333      0.1062766     
 0.1525000      0.8399695E-01 
 0.1541667      0.6723516E-01 
 0.1558333      0.6579810E-01 
 0.1575000      0.1176314     
 0.1591667      0.7243532E-01 
 0.1608333      0.6624763E-01 
 0.1625000      0.5869407E-01 
 0.1641667      0.7620161E-01 
 0.1658333      0.9751394E-01 
