# SumMovie FRC for input stack : stack6.mrc
# Number of micrographs: 1
# Number of frames per movie: 50
# Pixel size (A): 3.0000
# 1/(A)          FRC
# -----------------------
# 
# Micrograph 1 of 1. Score: .589
 0.8333334E-03  0.9999999     
 0.2500000E-02  0.9513813     
 0.4166666E-02  0.9317857     
 0.5833333E-02  0.8468426     
 0.7499999E-02  0.8657643     
 0.9166666E-02  0.6760963     
 0.1083333E-01  0.6576394     
 0.1250000E-01  0.8480816     
 0.1416667E-01  0.8866054     
 0.1583333E-01  0.9339365     
 0.1750000E-01  0.8933656     
 0.1916667E-01  0.6010721     
 0.2083333E-01  0.6689652     
 0.2250000E-01  0.8376530     
 0.2416667E-01  0.8992272     
 0.2583333E-01  0.8536878     
 0.2750000E-01  0.7302182     
 0.2916667E-01  0.6267009     
 0.3083333E-01  0.6916424     
 0.3250000E-01  0.7284116     
 0.3416666E-01  0.6978595     
 0.3583334E-01  0.5945940     
 0.3750000E-01  0.5409335     
 0.3916667E-01  0.5267182     
 0.4083334E-01  0.5686993     
 0.4250000E-01  0.4553802     
 0.4416666E-01  0.3866854     
 0.4583333E-01  0.3632948     
 0.4750000E-01  0.2980216     
 0.4916666E-01  0.2213717     
 0.5083333E-01  0.1269582     
 0.5250000E-01  0.1220528     
 0.5416667E-01  0.6905155E-01 
 0.5583333E-01  0.1047566     
 0.5750000E-01  0.1258644     
 0.5916666E-01  0.2057045     
 0.6083334E-01  0.2732964     
 0.6250000E-01  0.2953938     
 0.6416667E-01  0.3473952     
 0.6583333E-01  0.3596957     
 0.6750000E-01  0.3455146     
 0.6916667E-01  0.3331913     
 0.7083333E-01  0.2847384     
 0.7250000E-01  0.2256085     
 0.7416667E-01  0.1358437     
 0.7583334E-01  0.9088518E-01 
 0.7749999E-01  0.7795316E-01 
 0.7916667E-01  0.7620755E-01 
 0.8083334E-01  0.1864339     
 0.8250000E-01  0.2234089     
 0.8416667E-01  0.2786972     
 0.8583333E-01  0.2979326     
 0.8750000E-01  0.2825370     
 0.8916666E-01  0.2444845     
 0.9083333E-01  0.1639792     
 0.9250000E-01  0.9670011E-01 
 0.9416667E-01  0.5340541E-01 
 0.9583333E-01  0.9068046E-01 
 0.9750000E-01  0.8888239E-01 
 0.9916665E-01  0.1492333     
 0.1008333      0.2091378     
 0.1025000      0.2370759     
 0.1041667      0.1753409     
 0.1058333      0.1454166     
 0.1075000      0.8134185E-01 
 0.1091667      0.6685805E-01 
 0.1108333      0.6284688E-01 
 0.1125000      0.8955823E-01 
 0.1141667      0.1558620     
 0.1158333      0.1845088     
 0.1175000      0.1666912     
 0.1191667      0.1440360     
 0.1208333      0.5653455E-01 
 0.1225000      0.4664271E-01 
 0.1241667      0.3361875E-01 
 0.1258333      0.1059612     
 0.1275000      0.1363383     
 0.1291667      0.1279414     
 0.1308333      0.1126955     
 0.1325000      0.6497177E-01 
 0.1341667      0.5372189E-01 
 0.1358333      0.7859206E-01 
 0.1375000      0.7078414E-01 
 0.1391667      0.9576894E-01 
 0.1408333      0.9542335E-01 
 0.1425000      0.7775135E-01 
 0.1441667      0.6862378E-01 
 0.1458333      0.4331307E-01 
 0.1475000      0.6200391E-01 
 0.1491667      0.7332996E-01 
 0.1508333      0.9477899E-01 
 0.1525000      0.6195412E-01 
 0.1541667      0.4804320E-01 
 0.1558333      0.6057461E-01 
 0.1575000      0.7261243E-01 
 0.1591667      0.9173431E-01 
 0.1608333      0.7454937E-01 
 0.1625000      0.7915483E-01 
 0.1641667      0.6440485E-01 
 0.1658333      0.3496749E-01 
