# SumMovie FRC for input stack : stack11.mrc
# Number of micrographs: 1
# Number of frames per movie: 50
# Pixel size (A): 3.0000
# 1/(A)          FRC
# -----------------------
# 
# Micrograph 1 of 1. Score: .577
 0.8333334E-03  0.9999998     
 0.2500000E-02  0.8505699     
 0.4166666E-02  0.8707957     
 0.5833333E-02  0.8517752     
 0.7499999E-02  0.8578456     
 0.9166666E-02  0.7377893     
 0.1083333E-01  0.6259406     
 0.1250000E-01  0.8536509     
 0.1416667E-01  0.9152272     
 0.1583333E-01  0.9441963     
 0.1750000E-01  0.9081813     
 0.1916667E-01  0.6559274     
 0.2083333E-01  0.7416592     
 0.2250000E-01  0.8762603     
 0.2416667E-01  0.9244153     
 0.2583333E-01  0.8933990     
 0.2750000E-01  0.7463975     
 0.2916667E-01  0.6511358     
 0.3083333E-01  0.7188094     
 0.3250000E-01  0.7772985     
 0.3416666E-01  0.7303502     
 0.3583334E-01  0.5951670     
 0.3750000E-01  0.5321129     
 0.3916667E-01  0.5098079     
 0.4083334E-01  0.5215485     
 0.4250000E-01  0.4065948     
 0.4416666E-01  0.3424217     
 0.4583333E-01  0.2999589     
 0.4750000E-01  0.2194502     
 0.4916666E-01  0.1057941     
 0.5083333E-01  0.7640248E-01 
 0.5250000E-01  0.1383640     
 0.5416667E-01  0.1456593     
 0.5583333E-01  0.2206018     
 0.5750000E-01  0.3003045     
 0.5916666E-01  0.3802951     
 0.6083334E-01  0.3614469     
 0.6250000E-01  0.4205396     
 0.6416667E-01  0.4043896     
 0.6583333E-01  0.3273785     
 0.6750000E-01  0.3050845     
 0.6916667E-01  0.1843463     
 0.7083333E-01  0.1069156     
 0.7250000E-01  0.7037301E-01 
 0.7416667E-01  0.1093239     
 0.7583334E-01  0.2029071     
 0.7749999E-01  0.2817599     
 0.7916667E-01  0.3221354     
 0.8083334E-01  0.3754138     
 0.8250000E-01  0.3344683     
 0.8416667E-01  0.3136004     
 0.8583333E-01  0.2112618     
 0.8750000E-01  0.1017907     
 0.8916666E-01  0.7056466E-01 
 0.9083333E-01  0.1344262     
 0.9250000E-01  0.2364805     
 0.9416667E-01  0.2938018     
 0.9583333E-01  0.3013468     
 0.9750000E-01  0.2675285     
 0.9916665E-01  0.2256534     
 0.1008333      0.1084874     
 0.1025000      0.4979766E-01 
 0.1041667      0.1173127     
 0.1058333      0.1999481     
 0.1075000      0.2377329     
 0.1091667      0.2395405     
 0.1108333      0.2015518     
 0.1125000      0.1376995     
 0.1141667      0.7139095E-01 
 0.1158333      0.8592516E-01 
 0.1175000      0.1457548     
 0.1191667      0.1812311     
 0.1208333      0.1642113     
 0.1225000      0.1354721     
 0.1241667      0.7633168E-01 
 0.1258333      0.7106887E-01 
 0.1275000      0.9470940E-01 
 0.1291667      0.1479492     
 0.1308333      0.1687902     
 0.1325000      0.1679480     
 0.1341667      0.9169504E-01 
 0.1358333      0.5125718E-01 
 0.1375000      0.1023882     
 0.1391667      0.1049243     
 0.1408333      0.1348134     
 0.1425000      0.1066485     
 0.1441667      0.7578763E-01 
 0.1458333      0.5616856E-01 
 0.1475000      0.5867033E-01 
 0.1491667      0.1171715     
 0.1508333      0.1103016     
 0.1525000      0.8700094E-01 
 0.1541667      0.7130057E-01 
 0.1558333      0.6950670E-01 
 0.1575000      0.1207550     
 0.1591667      0.7686316E-01 
 0.1608333      0.7054373E-01 
 0.1625000      0.6056376E-01 
 0.1641667      0.8137687E-01 
 0.1658333      0.1002874     
