# SumMovie FRC for input stack : stack16.mrc
# Number of micrographs: 1
# Number of frames per movie: 50
# Pixel size (A): 3.0000
# 1/(A)          FRC
# -----------------------
# 
# Micrograph 1 of 1. Score: .525
 0.8333334E-03  0.9999994     
 0.2500000E-02  0.9669175     
 0.4166666E-02  0.9458446     
 0.5833333E-02  0.9107105     
 0.7499999E-02  0.8941354     
 0.9166666E-02  0.8407768     
 0.1083333E-01  0.7706667     
 0.1250000E-01  0.8776577     
 0.1416667E-01  0.9329586     
 0.1583333E-01  0.9632381     
 0.1750000E-01  0.9428162     
 0.1916667E-01  0.7623491     
 0.2083333E-01  0.7979666     
 0.2250000E-01  0.8901041     
 0.2416667E-01  0.9322439     
 0.2583333E-01  0.9225519     
 0.2750000E-01  0.8088101     
 0.2916667E-01  0.6735554     
 0.3083333E-01  0.7266392     
 0.3250000E-01  0.7712989     
 0.3416666E-01  0.6918281     
 0.3583334E-01  0.5453904     
 0.3750000E-01  0.4219815     
 0.3916667E-01  0.3576795     
 0.4083334E-01  0.2895334     
 0.4250000E-01  0.1164426     
 0.4416666E-01  0.1226983     
 0.4583333E-01  0.1088566     
 0.4750000E-01  0.1371199     
 0.4916666E-01  0.2660227     
 0.5083333E-01  0.3214704     
 0.5250000E-01  0.3474025     
 0.5416667E-01  0.3511437     
 0.5583333E-01  0.3965728     
 0.5750000E-01  0.3330931     
 0.5916666E-01  0.2562013     
 0.6083334E-01  0.1632016     
 0.6250000E-01  0.9163698E-01 
 0.6416667E-01  0.1194977     
 0.6583333E-01  0.1377470     
 0.6750000E-01  0.1786050     
 0.6916667E-01  0.2875279     
 0.7083333E-01  0.3727994     
 0.7250000E-01  0.3245308     
 0.7416667E-01  0.2579958     
 0.7583334E-01  0.1587198     
 0.7749999E-01  0.1115390     
 0.7916667E-01  0.8877244E-01 
 0.8083334E-01  0.2368398     
 0.8250000E-01  0.2326892     
 0.8416667E-01  0.3117180     
 0.8583333E-01  0.2676633     
 0.8750000E-01  0.1794122     
 0.8916666E-01  0.1190321     
 0.9083333E-01  0.9684820E-01 
 0.9250000E-01  0.1845992     
 0.9416667E-01  0.2347915     
 0.9583333E-01  0.2410782     
 0.9750000E-01  0.1970931     
 0.9916665E-01  0.1305845     
 0.1008333      0.1139896     
 0.1025000      0.1315555     
 0.1041667      0.1838197     
 0.1058333      0.2167721     
 0.1075000      0.1817630     
 0.1091667      0.1258300     
 0.1108333      0.6842150E-01 
 0.1125000      0.1527511     
 0.1141667      0.1809801     
 0.1158333      0.1755474     
 0.1175000      0.1344105     
 0.1191667      0.8130132E-01 
 0.1208333      0.1172743     
 0.1225000      0.1494591     
 0.1241667      0.1749052     
 0.1258333      0.1238559     
 0.1275000      0.9041177E-01 
 0.1291667      0.1227365     
 0.1308333      0.1326777     
 0.1325000      0.1342075     
 0.1341667      0.1135937     
 0.1358333      0.7824089E-01 
 0.1375000      0.1378475     
 0.1391667      0.1386928     
 0.1408333      0.1464645     
 0.1425000      0.1074301     
 0.1441667      0.1209184     
 0.1458333      0.1201794     
 0.1475000      0.1209507     
 0.1491667      0.1191989     
 0.1508333      0.9284066E-01 
 0.1525000      0.1380417     
 0.1541667      0.1137698     
 0.1558333      0.1003136     
 0.1575000      0.9620991E-01 
 0.1591667      0.1070251     
 0.1608333      0.1250941     
 0.1625000      0.7235555E-01 
 0.1641667      0.9913184E-01 
 0.1658333      0.1350562     
