# SumMovie FRC for input stack : stack6.mrc
# Number of micrographs: 1
# Number of frames per movie: 50
# Pixel size (A): 3.0000
# 1/(A)          FRC
# -----------------------
# 
# Micrograph 1 of 1. Score: .588
 0.8333334E-03  0.9999999     
 0.2500000E-02  0.9513775     
 0.4166666E-02  0.9317891     
 0.5833333E-02  0.8467107     
 0.7499999E-02  0.8657683     
 0.9166666E-02  0.6755267     
 0.1083333E-01  0.6575980     
 0.1250000E-01  0.8478151     
 0.1416667E-01  0.8861302     
 0.1583333E-01  0.9336740     
 0.1750000E-01  0.8933575     
 0.1916667E-01  0.6010528     
 0.2083333E-01  0.6674592     
 0.2250000E-01  0.8365493     
 0.2416667E-01  0.8985103     
 0.2583333E-01  0.8527263     
 0.2750000E-01  0.7293041     
 0.2916667E-01  0.6262130     
 0.3083333E-01  0.6904184     
 0.3250000E-01  0.7278316     
 0.3416666E-01  0.6971963     
 0.3583334E-01  0.5936519     
 0.3750000E-01  0.5409389     
 0.3916667E-01  0.5248055     
 0.4083334E-01  0.5671044     
 0.4250000E-01  0.4542205     
 0.4416666E-01  0.3855511     
 0.4583333E-01  0.3605587     
 0.4750000E-01  0.2986824     
 0.4916666E-01  0.2207088     
 0.5083333E-01  0.1249532     
 0.5250000E-01  0.1249066     
 0.5416667E-01  0.7235236E-01 
 0.5583333E-01  0.1073244     
 0.5750000E-01  0.1277992     
 0.5916666E-01  0.2074413     
 0.6083334E-01  0.2751177     
 0.6250000E-01  0.2969020     
 0.6416667E-01  0.3490489     
 0.6583333E-01  0.3571555     
 0.6750000E-01  0.3465597     
 0.6916667E-01  0.3309795     
 0.7083333E-01  0.2852410     
 0.7250000E-01  0.2247961     
 0.7416667E-01  0.1354606     
 0.7583334E-01  0.9467648E-01 
 0.7749999E-01  0.7923692E-01 
 0.7916667E-01  0.7894347E-01 
 0.8083334E-01  0.1855073     
 0.8250000E-01  0.2249963     
 0.8416667E-01  0.2783555     
 0.8583333E-01  0.2972101     
 0.8750000E-01  0.2827657     
 0.8916666E-01  0.2467657     
 0.9083333E-01  0.1606131     
 0.9250000E-01  0.1002136     
 0.9416667E-01  0.5335027E-01 
 0.9583333E-01  0.9571894E-01 
 0.9750000E-01  0.9265373E-01 
 0.9916665E-01  0.1535149     
 0.1008333      0.2076702     
 0.1025000      0.2384468     
 0.1041667      0.1768085     
 0.1058333      0.1485290     
 0.1075000      0.8656894E-01 
 0.1091667      0.6358040E-01 
 0.1108333      0.6469508E-01 
 0.1125000      0.9456290E-01 
 0.1141667      0.1609635     
 0.1158333      0.1850623     
 0.1175000      0.1648421     
 0.1191667      0.1418416     
 0.1208333      0.6127983E-01 
 0.1225000      0.4750460E-01 
 0.1241667      0.3649077E-01 
 0.1258333      0.1028535     
 0.1275000      0.1380816     
 0.1291667      0.1292523     
 0.1308333      0.1155273     
 0.1325000      0.6370060E-01 
 0.1341667      0.5929514E-01 
 0.1358333      0.8042165E-01 
 0.1375000      0.6898020E-01 
 0.1391667      0.9450189E-01 
 0.1408333      0.9746774E-01 
 0.1425000      0.8353025E-01 
 0.1441667      0.7136963E-01 
 0.1458333      0.4575241E-01 
 0.1475000      0.6650310E-01 
 0.1491667      0.7547364E-01 
 0.1508333      0.9917583E-01 
 0.1525000      0.6569588E-01 
 0.1541667      0.4899380E-01 
 0.1558333      0.6322149E-01 
 0.1575000      0.7470918E-01 
 0.1591667      0.9276168E-01 
 0.1608333      0.7854513E-01 
 0.1625000      0.7902046E-01 
 0.1641667      0.6513783E-01 
 0.1658333      0.3751933E-01 
