# SumMovie FRC for input stack : stack16.mrc
# Number of micrographs: 1
# Number of frames per movie: 50
# Pixel size (A): 3.0000
# 1/(A)          FRC
# -----------------------
# 
# Micrograph 1 of 1. Score: .538
 0.8333334E-03  0.9999994     
 0.2500000E-02  0.9671993     
 0.4166666E-02  0.9454826     
 0.5833333E-02  0.9119992     
 0.7499999E-02  0.8963488     
 0.9166666E-02  0.8417179     
 0.1083333E-01  0.7763873     
 0.1250000E-01  0.8836251     
 0.1416667E-01  0.9354147     
 0.1583333E-01  0.9656674     
 0.1750000E-01  0.9459526     
 0.1916667E-01  0.7761790     
 0.2083333E-01  0.8035083     
 0.2250000E-01  0.9024749     
 0.2416667E-01  0.9430344     
 0.2583333E-01  0.9340392     
 0.2750000E-01  0.8306826     
 0.2916667E-01  0.7044908     
 0.3083333E-01  0.7531793     
 0.3250000E-01  0.7967793     
 0.3416666E-01  0.7322500     
 0.3583334E-01  0.6078634     
 0.3750000E-01  0.4401149     
 0.3916667E-01  0.3789966     
 0.4083334E-01  0.2912892     
 0.4250000E-01  0.1222192     
 0.4416666E-01  0.1219090     
 0.4583333E-01  0.8547191E-01 
 0.4750000E-01  0.1490812     
 0.4916666E-01  0.2682654     
 0.5083333E-01  0.3432652     
 0.5250000E-01  0.3893152     
 0.5416667E-01  0.3805431     
 0.5583333E-01  0.4241170     
 0.5750000E-01  0.3626024     
 0.5916666E-01  0.2786960     
 0.6083334E-01  0.1875588     
 0.6250000E-01  0.8142096E-01 
 0.6416667E-01  0.1042058     
 0.6583333E-01  0.1379935     
 0.6750000E-01  0.2081506     
 0.6916667E-01  0.3160101     
 0.7083333E-01  0.4078737     
 0.7250000E-01  0.3707072     
 0.7416667E-01  0.3025778     
 0.7583334E-01  0.1826623     
 0.7749999E-01  0.1173249     
 0.7916667E-01  0.9629887E-01 
 0.8083334E-01  0.2510915     
 0.8250000E-01  0.2763156     
 0.8416667E-01  0.3618724     
 0.8583333E-01  0.3009867     
 0.8750000E-01  0.1849818     
 0.8916666E-01  0.1187165     
 0.9083333E-01  0.7680178E-01 
 0.9250000E-01  0.1886553     
 0.9416667E-01  0.2618458     
 0.9583333E-01  0.2763310     
 0.9750000E-01  0.2106380     
 0.9916665E-01  0.9626818E-01 
 0.1008333      0.5920368E-01 
 0.1025000      0.1228041     
 0.1041667      0.1896640     
 0.1058333      0.2401213     
 0.1075000      0.1817569     
 0.1091667      0.1092929     
 0.1108333      0.5427813E-01 
 0.1125000      0.1377568     
 0.1141667      0.1981725     
 0.1158333      0.1891420     
 0.1175000      0.1138209     
 0.1191667      0.4650771E-01 
 0.1208333      0.8824283E-01 
 0.1225000      0.1590429     
 0.1241667      0.1716683     
 0.1258333      0.1090370     
 0.1275000      0.6334925E-01 
 0.1291667      0.9124055E-01 
 0.1308333      0.1210243     
 0.1325000      0.1355728     
 0.1341667      0.7010234E-01 
 0.1358333      0.5050300E-01 
 0.1375000      0.1094107     
 0.1391667      0.1369689     
 0.1408333      0.9112230E-01 
 0.1425000      0.7284977E-01 
 0.1441667      0.7127656E-01 
 0.1458333      0.1105323     
 0.1475000      0.9427860E-01 
 0.1491667      0.5675231E-01 
 0.1508333      0.6463976E-01 
 0.1525000      0.9752555E-01 
 0.1541667      0.8572305E-01 
 0.1558333      0.6893253E-01 
 0.1575000      0.4528826E-01 
 0.1591667      0.8409389E-01 
 0.1608333      0.8720571E-01 
 0.1625000      0.4555497E-01 
 0.1641667      0.6011026E-01 
 0.1658333      0.1307870     
