# SumMovie FRC for input stack : stack11.mrc
# Number of micrographs: 1
# Number of frames per movie: 50
# Pixel size (A): 3.0000
# 1/(A)          FRC
# -----------------------
# 
# Micrograph 1 of 1. Score: .570
 0.8333334E-03  0.9999998     
 0.2500000E-02  0.8500662     
 0.4166666E-02  0.8701500     
 0.5833333E-02  0.8519617     
 0.7499999E-02  0.8572634     
 0.9166666E-02  0.7364162     
 0.1083333E-01  0.6257522     
 0.1250000E-01  0.8516855     
 0.1416667E-01  0.9137690     
 0.1583333E-01  0.9436765     
 0.1750000E-01  0.9066625     
 0.1916667E-01  0.6586407     
 0.2083333E-01  0.7381164     
 0.2250000E-01  0.8744317     
 0.2416667E-01  0.9207844     
 0.2583333E-01  0.8915575     
 0.2750000E-01  0.7398531     
 0.2916667E-01  0.6371538     
 0.3083333E-01  0.7072445     
 0.3250000E-01  0.7685447     
 0.3416666E-01  0.7159973     
 0.3583334E-01  0.5861133     
 0.3750000E-01  0.5185518     
 0.3916667E-01  0.4939383     
 0.4083334E-01  0.5128068     
 0.4250000E-01  0.3979604     
 0.4416666E-01  0.3332641     
 0.4583333E-01  0.2845653     
 0.4750000E-01  0.2197595     
 0.4916666E-01  0.1072724     
 0.5083333E-01  0.7572410E-01 
 0.5250000E-01  0.1361044     
 0.5416667E-01  0.1348499     
 0.5583333E-01  0.2211230     
 0.5750000E-01  0.2929200     
 0.5916666E-01  0.3526643     
 0.6083334E-01  0.3510099     
 0.6250000E-01  0.3915882     
 0.6416667E-01  0.3827246     
 0.6583333E-01  0.3001799     
 0.6750000E-01  0.2926816     
 0.6916667E-01  0.1879177     
 0.7083333E-01  0.1109731     
 0.7250000E-01  0.8708619E-01 
 0.7416667E-01  0.1086755     
 0.7583334E-01  0.1928747     
 0.7749999E-01  0.2597804     
 0.7916667E-01  0.3054492     
 0.8083334E-01  0.3426158     
 0.8250000E-01  0.3120128     
 0.8416667E-01  0.2866034     
 0.8583333E-01  0.2003272     
 0.8750000E-01  0.9183315E-01 
 0.8916666E-01  0.7706944E-01 
 0.9083333E-01  0.1283609     
 0.9250000E-01  0.2155670     
 0.9416667E-01  0.2774280     
 0.9583333E-01  0.3010293     
 0.9750000E-01  0.2492688     
 0.9916665E-01  0.2299397     
 0.1008333      0.1131113     
 0.1025000      0.8443714E-01 
 0.1041667      0.1420172     
 0.1058333      0.2154446     
 0.1075000      0.2103813     
 0.1091667      0.2459045     
 0.1108333      0.2077395     
 0.1125000      0.1530389     
 0.1141667      0.1015087     
 0.1158333      0.9275512E-01 
 0.1175000      0.1633350     
 0.1191667      0.1920030     
 0.1208333      0.1649174     
 0.1225000      0.1457691     
 0.1241667      0.9285365E-01 
 0.1258333      0.1040206     
 0.1275000      0.1128886     
 0.1291667      0.1651329     
 0.1308333      0.1590369     
 0.1325000      0.1846533     
 0.1341667      0.1108067     
 0.1358333      0.7127819E-01 
 0.1375000      0.1316243     
 0.1391667      0.1146455     
 0.1408333      0.1493225     
 0.1425000      0.1144364     
 0.1441667      0.1165462     
 0.1458333      0.1029310     
 0.1475000      0.1030533     
 0.1491667      0.1174942     
 0.1508333      0.1500585     
 0.1525000      0.1072646     
 0.1541667      0.9684997E-01 
 0.1558333      0.1147395     
 0.1575000      0.1458925     
 0.1591667      0.1075507     
 0.1608333      0.1199777     
 0.1625000      0.9853671E-01 
 0.1641667      0.1246069     
 0.1658333      0.1447919     
