# SumMovie FRC for input stack : stack16.mrc
# Number of micrographs: 1
# Number of frames per movie: 50
# Pixel size (A): 3.0000
# 1/(A)          FRC
# -----------------------
# 
# Micrograph 1 of 1. Score: .530
 0.8333334E-03  0.9999994     
 0.2500000E-02  0.9670357     
 0.4166666E-02  0.9459135     
 0.5833333E-02  0.9111091     
 0.7499999E-02  0.8944140     
 0.9166666E-02  0.8414496     
 0.1083333E-01  0.7721781     
 0.1250000E-01  0.8789242     
 0.1416667E-01  0.9335240     
 0.1583333E-01  0.9640577     
 0.1750000E-01  0.9439552     
 0.1916667E-01  0.7660163     
 0.2083333E-01  0.8010612     
 0.2250000E-01  0.8941782     
 0.2416667E-01  0.9353533     
 0.2583333E-01  0.9264932     
 0.2750000E-01  0.8170010     
 0.2916667E-01  0.6834929     
 0.3083333E-01  0.7341695     
 0.3250000E-01  0.7806695     
 0.3416666E-01  0.7023281     
 0.3583334E-01  0.5658289     
 0.3750000E-01  0.4278122     
 0.3916667E-01  0.3605901     
 0.4083334E-01  0.2964639     
 0.4250000E-01  0.1133775     
 0.4416666E-01  0.1232611     
 0.4583333E-01  0.1040020     
 0.4750000E-01  0.1360035     
 0.4916666E-01  0.2727866     
 0.5083333E-01  0.3355986     
 0.5250000E-01  0.3649765     
 0.5416667E-01  0.3631420     
 0.5583333E-01  0.4113051     
 0.5750000E-01  0.3505401     
 0.5916666E-01  0.2666560     
 0.6083334E-01  0.1800650     
 0.6250000E-01  0.9041513E-01 
 0.6416667E-01  0.1114640     
 0.6583333E-01  0.1442019     
 0.6750000E-01  0.1987869     
 0.6916667E-01  0.3053794     
 0.7083333E-01  0.3977630     
 0.7250000E-01  0.3387288     
 0.7416667E-01  0.2764589     
 0.7583334E-01  0.1681196     
 0.7749999E-01  0.1087893     
 0.7916667E-01  0.9227061E-01 
 0.8083334E-01  0.2486920     
 0.8250000E-01  0.2568309     
 0.8416667E-01  0.3345371     
 0.8583333E-01  0.2843094     
 0.8750000E-01  0.1867137     
 0.8916666E-01  0.1156955     
 0.9083333E-01  0.9481059E-01 
 0.9250000E-01  0.1820153     
 0.9416667E-01  0.2463981     
 0.9583333E-01  0.2640804     
 0.9750000E-01  0.2128658     
 0.9916665E-01  0.1198514     
 0.1008333      0.9741135E-01 
 0.1025000      0.1328504     
 0.1041667      0.1896009     
 0.1058333      0.2343533     
 0.1075000      0.1902295     
 0.1091667      0.1295393     
 0.1108333      0.6497436E-01 
 0.1125000      0.1521468     
 0.1141667      0.1809427     
 0.1158333      0.1754014     
 0.1175000      0.1284191     
 0.1191667      0.8966416E-01 
 0.1208333      0.1089262     
 0.1225000      0.1481583     
 0.1241667      0.1690183     
 0.1258333      0.1241188     
 0.1275000      0.8420207E-01 
 0.1291667      0.9739165E-01 
 0.1308333      0.1381762     
 0.1325000      0.1340222     
 0.1341667      0.1047120     
 0.1358333      0.5727327E-01 
 0.1375000      0.1094066     
 0.1391667      0.1328745     
 0.1408333      0.1290227     
 0.1425000      0.8343852E-01 
 0.1441667      0.1098807     
 0.1458333      0.1178695     
 0.1475000      0.1128682     
 0.1491667      0.1063913     
 0.1508333      0.9904175E-01 
 0.1525000      0.1128373     
 0.1541667      0.1055041     
 0.1558333      0.8144193E-01 
 0.1575000      0.8384467E-01 
 0.1591667      0.1075115     
 0.1608333      0.1083459     
 0.1625000      0.6982844E-01 
 0.1641667      0.8481567E-01 
 0.1658333      0.1382695     
