# SumMovie FRC for input stack : stack1.mrc
# Number of micrographs: 1
# Number of frames per movie: 50
# Pixel size (A): 3.0000
# 1/(A)          FRC
# -----------------------
# 
# Micrograph 1 of 1. Score: .546
 0.8333334E-03  0.9999993     
 0.2500000E-02  0.9744640     
 0.4166666E-02  0.9570704     
 0.5833333E-02  0.9207922     
 0.7499999E-02  0.9049152     
 0.9166666E-02  0.7498921     
 0.1083333E-01  0.7272976     
 0.1250000E-01  0.8559358     
 0.1416667E-01  0.9223925     
 0.1583333E-01  0.9257920     
 0.1750000E-01  0.8741009     
 0.1916667E-01  0.6740807     
 0.2083333E-01  0.7637537     
 0.2250000E-01  0.8706066     
 0.2416667E-01  0.9035301     
 0.2583333E-01  0.8720871     
 0.2750000E-01  0.7482365     
 0.2916667E-01  0.6431233     
 0.3083333E-01  0.7087775     
 0.3250000E-01  0.7389674     
 0.3416666E-01  0.6853204     
 0.3583334E-01  0.5463413     
 0.3750000E-01  0.4825619     
 0.3916667E-01  0.4595752     
 0.4083334E-01  0.4495043     
 0.4250000E-01  0.3986424     
 0.4416666E-01  0.2552124     
 0.4583333E-01  0.1674312     
 0.4750000E-01  0.1854973     
 0.4916666E-01  0.9462612E-01 
 0.5083333E-01  0.6135541E-01 
 0.5250000E-01  0.6885832E-01 
 0.5416667E-01  0.1215760     
 0.5583333E-01  0.1872038     
 0.5750000E-01  0.2519572     
 0.5916666E-01  0.3173729     
 0.6083334E-01  0.3442550     
 0.6250000E-01  0.3293729     
 0.6416667E-01  0.2985887     
 0.6583333E-01  0.2717363     
 0.6750000E-01  0.1615959     
 0.6916667E-01  0.1315640     
 0.7083333E-01  0.8716809E-01 
 0.7250000E-01  0.6765965E-01 
 0.7416667E-01  0.1027541     
 0.7583334E-01  0.1617408     
 0.7749999E-01  0.2492870     
 0.7916667E-01  0.2987204     
 0.8083334E-01  0.2878476     
 0.8250000E-01  0.2873355     
 0.8416667E-01  0.2227139     
 0.8583333E-01  0.1227593     
 0.8750000E-01  0.5981044E-01 
 0.8916666E-01  0.3507782E-01 
 0.9083333E-01  0.1279768     
 0.9250000E-01  0.1937328     
 0.9416667E-01  0.2368706     
 0.9583333E-01  0.2472810     
 0.9750000E-01  0.1962907     
 0.9916665E-01  0.1102538     
 0.1008333      0.6715631E-01 
 0.1025000      0.4306856E-01 
 0.1041667      0.1223727     
 0.1058333      0.1553511     
 0.1075000      0.1557642     
 0.1091667      0.1736458     
 0.1108333      0.1295275     
 0.1125000      0.1283062     
 0.1141667      0.4391252E-01 
 0.1158333      0.6245529E-01 
 0.1175000      0.1069928     
 0.1191667      0.1100393     
 0.1208333      0.1101735     
 0.1225000      0.9527794E-01 
 0.1241667      0.4598812E-01 
 0.1258333      0.3768115E-01 
 0.1275000      0.5678491E-01 
 0.1291667      0.1111891     
 0.1308333      0.1253879     
 0.1325000      0.6756369E-01 
 0.1341667      0.4261167E-01 
 0.1358333      0.3256397E-01 
 0.1375000      0.9977903E-01 
 0.1391667      0.6659862E-01 
 0.1408333      0.1021575     
 0.1425000      0.7073967E-01 
 0.1441667      0.3253374E-01 
 0.1458333      0.3858275E-01 
 0.1475000      0.7550135E-01 
 0.1491667      0.6328111E-01 
 0.1508333      0.6916127E-01 
 0.1525000      0.3478369E-01 
 0.1541667      0.5603427E-01 
 0.1558333      0.8073312E-01 
 0.1575000      0.4565182E-01 
 0.1591667      0.2256208E-01 
 0.1608333      0.3715792E-01 
 0.1625000      0.5273943E-01 
 0.1641667      0.3238442E-01 
 0.1658333      0.2988625E-01 
