# SumMovie FRC for input stack : stack16.mrc
# Number of micrographs: 1
# Number of frames per movie: 50
# Pixel size (A): 3.0000
# 1/(A)          FRC
# -----------------------
# 
# Micrograph 1 of 1. Score: .538
 0.8333334E-03  0.9999994     
 0.2500000E-02  0.9672226     
 0.4166666E-02  0.9454450     
 0.5833333E-02  0.9120783     
 0.7499999E-02  0.8964943     
 0.9166666E-02  0.8416559     
 0.1083333E-01  0.7767728     
 0.1250000E-01  0.8839853     
 0.1416667E-01  0.9355036     
 0.1583333E-01  0.9656414     
 0.1750000E-01  0.9459208     
 0.1916667E-01  0.7765185     
 0.2083333E-01  0.8029900     
 0.2250000E-01  0.9024477     
 0.2416667E-01  0.9434323     
 0.2583333E-01  0.9341093     
 0.2750000E-01  0.8306102     
 0.2916667E-01  0.7050205     
 0.3083333E-01  0.7541011     
 0.3250000E-01  0.7966384     
 0.3416666E-01  0.7330543     
 0.3583334E-01  0.6086582     
 0.3750000E-01  0.4393183     
 0.3916667E-01  0.3794731     
 0.4083334E-01  0.2915725     
 0.4250000E-01  0.1227381     
 0.4416666E-01  0.1188924     
 0.4583333E-01  0.8362047E-01 
 0.4750000E-01  0.1479379     
 0.4916666E-01  0.2681704     
 0.5083333E-01  0.3445829     
 0.5250000E-01  0.3897565     
 0.5416667E-01  0.3825145     
 0.5583333E-01  0.4241984     
 0.5750000E-01  0.3622510     
 0.5916666E-01  0.2774010     
 0.6083334E-01  0.1857962     
 0.6250000E-01  0.7914268E-01 
 0.6416667E-01  0.1027717     
 0.6583333E-01  0.1379507     
 0.6750000E-01  0.2074623     
 0.6916667E-01  0.3153192     
 0.7083333E-01  0.4063668     
 0.7250000E-01  0.3726195     
 0.7416667E-01  0.3073554     
 0.7583334E-01  0.1813942     
 0.7749999E-01  0.1182014     
 0.7916667E-01  0.9293995E-01 
 0.8083334E-01  0.2494039     
 0.8250000E-01  0.2752050     
 0.8416667E-01  0.3597413     
 0.8583333E-01  0.3019502     
 0.8750000E-01  0.1836747     
 0.8916666E-01  0.1193819     
 0.9083333E-01  0.7730484E-01 
 0.9250000E-01  0.1847896     
 0.9416667E-01  0.2605097     
 0.9583333E-01  0.2795302     
 0.9750000E-01  0.2074379     
 0.9916665E-01  0.9563344E-01 
 0.1008333      0.5761944E-01 
 0.1025000      0.1198140     
 0.1041667      0.1910143     
 0.1058333      0.2395344     
 0.1075000      0.1786750     
 0.1091667      0.1090368     
 0.1108333      0.5572749E-01 
 0.1125000      0.1377062     
 0.1141667      0.1968736     
 0.1158333      0.1884024     
 0.1175000      0.1114414     
 0.1191667      0.4690862E-01 
 0.1208333      0.8847284E-01 
 0.1225000      0.1560472     
 0.1241667      0.1737142     
 0.1258333      0.1078132     
 0.1275000      0.6460539E-01 
 0.1291667      0.8716158E-01 
 0.1308333      0.1190786     
 0.1325000      0.1339366     
 0.1341667      0.6585032E-01 
 0.1358333      0.4437866E-01 
 0.1375000      0.1114938     
 0.1391667      0.1351470     
 0.1408333      0.9204116E-01 
 0.1425000      0.7400018E-01 
 0.1441667      0.7293003E-01 
 0.1458333      0.1132342     
 0.1475000      0.9261574E-01 
 0.1491667      0.6179557E-01 
 0.1508333      0.6993834E-01 
 0.1525000      0.9948830E-01 
 0.1541667      0.8317123E-01 
 0.1558333      0.7503371E-01 
 0.1575000      0.4293201E-01 
 0.1591667      0.8270260E-01 
 0.1608333      0.8513036E-01 
 0.1625000      0.4308056E-01 
 0.1641667      0.6306181E-01 
 0.1658333      0.1295889     
