# SumMovie FRC for input stack : stack1.mrc
# Number of micrographs: 1
# Number of frames per movie: 50
# Pixel size (A): 3.0000
# 1/(A)          FRC
# -----------------------
# 
# Micrograph 1 of 1. Score: .516
 0.8333334E-03  0.9999990     
 0.2500000E-02  0.9745049     
 0.4166666E-02  0.9567871     
 0.5833333E-02  0.9214129     
 0.7499999E-02  0.9027537     
 0.9166666E-02  0.7451312     
 0.1083333E-01  0.7133335     
 0.1250000E-01  0.8433369     
 0.1416667E-01  0.9125695     
 0.1583333E-01  0.9158334     
 0.1750000E-01  0.8632083     
 0.1916667E-01  0.6525802     
 0.2083333E-01  0.7420607     
 0.2250000E-01  0.8536572     
 0.2416667E-01  0.8903368     
 0.2583333E-01  0.8522119     
 0.2750000E-01  0.7077235     
 0.2916667E-01  0.5871208     
 0.3083333E-01  0.6741013     
 0.3250000E-01  0.6907148     
 0.3416666E-01  0.6345663     
 0.3583334E-01  0.5025574     
 0.3750000E-01  0.4391463     
 0.3916667E-01  0.4049503     
 0.4083334E-01  0.4063432     
 0.4250000E-01  0.3542207     
 0.4416666E-01  0.2192447     
 0.4583333E-01  0.1289988     
 0.4750000E-01  0.1913597     
 0.4916666E-01  0.9721597E-01 
 0.5083333E-01  0.9204720E-01 
 0.5250000E-01  0.8494850E-01 
 0.5416667E-01  0.1073571     
 0.5583333E-01  0.1709989     
 0.5750000E-01  0.2097893     
 0.5916666E-01  0.2699111     
 0.6083334E-01  0.2928706     
 0.6250000E-01  0.2499586     
 0.6416667E-01  0.2226812     
 0.6583333E-01  0.2241706     
 0.6750000E-01  0.1344324     
 0.6916667E-01  0.1315120     
 0.7083333E-01  0.1058490     
 0.7250000E-01  0.5858244E-01 
 0.7416667E-01  0.7169891E-01 
 0.7583334E-01  0.1296743     
 0.7749999E-01  0.1800301     
 0.7916667E-01  0.2240543     
 0.8083334E-01  0.2237495     
 0.8250000E-01  0.2008644     
 0.8416667E-01  0.1438156     
 0.8583333E-01  0.8883074E-01 
 0.8750000E-01  0.6099075E-01 
 0.8916666E-01  0.1518334E-01 
 0.9083333E-01  0.7634550E-01 
 0.9250000E-01  0.1200439     
 0.9416667E-01  0.1738435     
 0.9583333E-01  0.1985033     
 0.9750000E-01  0.1454908     
 0.9916665E-01  0.8558343E-01 
 0.1008333      0.6320426E-01 
 0.1025000      0.2324163E-01 
 0.1041667      0.9142283E-01 
 0.1058333      0.1398453     
 0.1075000      0.1572610     
 0.1091667      0.1340425     
 0.1108333      0.1164420     
 0.1125000      0.1139904     
 0.1141667      0.5879265E-01 
 0.1158333      0.4379296E-01 
 0.1175000      0.8300789E-01 
 0.1191667      0.1129343     
 0.1208333      0.8009054E-01 
 0.1225000      0.7763626E-01 
 0.1241667      0.5928477E-01 
 0.1258333      0.3983301E-01 
 0.1275000      0.2506607E-01 
 0.1291667      0.1162206     
 0.1308333      0.7626522E-01 
 0.1325000      0.6452838E-01 
 0.1341667      0.3136266E-01 
 0.1358333      0.3702719E-01 
 0.1375000      0.5388473E-01 
 0.1391667      0.7255723E-01 
 0.1408333      0.8020088E-01 
 0.1425000      0.6880953E-01 
 0.1441667      0.4024265E-01 
 0.1458333      0.4055449E-01 
 0.1475000      0.7390133E-01 
 0.1491667      0.6216460E-01 
 0.1508333      0.5715133E-01 
 0.1525000      0.3576351E-01 
 0.1541667      0.5760371E-01 
 0.1558333      0.6365155E-01 
 0.1575000      0.4036999E-01 
 0.1591667      0.2130493E-01 
 0.1608333      0.3656712E-01 
 0.1625000      0.5885489E-01 
 0.1641667      0.6711642E-01 
 0.1658333      0.4093546E-01 
