# SumMovie FRC for input stack : stack1.mrc
# Number of micrographs: 1
# Number of frames per movie: 50
# Pixel size (A): 3.0000
# 1/(A)          FRC
# -----------------------
# 
# Micrograph 1 of 1. Score: .510
 0.8333334E-03  0.9999990     
 0.2500000E-02  0.9745032     
 0.4166666E-02  0.9567468     
 0.5833333E-02  0.9213833     
 0.7499999E-02  0.9025310     
 0.9166666E-02  0.7435881     
 0.1083333E-01  0.7115579     
 0.1250000E-01  0.8410167     
 0.1416667E-01  0.9108219     
 0.1583333E-01  0.9144257     
 0.1750000E-01  0.8601866     
 0.1916667E-01  0.6459744     
 0.2083333E-01  0.7365893     
 0.2250000E-01  0.8492395     
 0.2416667E-01  0.8864951     
 0.2583333E-01  0.8463713     
 0.2750000E-01  0.6983606     
 0.2916667E-01  0.5724056     
 0.3083333E-01  0.6640016     
 0.3250000E-01  0.6755089     
 0.3416666E-01  0.6181810     
 0.3583334E-01  0.4919039     
 0.3750000E-01  0.4321859     
 0.3916667E-01  0.3913021     
 0.4083334E-01  0.3910027     
 0.4250000E-01  0.3456325     
 0.4416666E-01  0.2165797     
 0.4583333E-01  0.1343136     
 0.4750000E-01  0.1918790     
 0.4916666E-01  0.1047843     
 0.5083333E-01  0.9532434E-01 
 0.5250000E-01  0.9360072E-01 
 0.5416667E-01  0.1116876     
 0.5583333E-01  0.1694226     
 0.5750000E-01  0.2147067     
 0.5916666E-01  0.2564181     
 0.6083334E-01  0.2862839     
 0.6250000E-01  0.2424459     
 0.6416667E-01  0.2269528     
 0.6583333E-01  0.2240575     
 0.6750000E-01  0.1372643     
 0.6916667E-01  0.1444062     
 0.7083333E-01  0.1155614     
 0.7250000E-01  0.6514443E-01 
 0.7416667E-01  0.8144864E-01 
 0.7583334E-01  0.1331831     
 0.7749999E-01  0.1844134     
 0.7916667E-01  0.2119838     
 0.8083334E-01  0.2147172     
 0.8250000E-01  0.1994156     
 0.8416667E-01  0.1530277     
 0.8583333E-01  0.9529254E-01 
 0.8750000E-01  0.5958545E-01 
 0.8916666E-01  0.1593947E-01 
 0.9083333E-01  0.8505656E-01 
 0.9250000E-01  0.1202940     
 0.9416667E-01  0.1727843     
 0.9583333E-01  0.1898566     
 0.9750000E-01  0.1500326     
 0.9916665E-01  0.8715089E-01 
 0.1008333      0.7318374E-01 
 0.1025000      0.2875779E-01 
 0.1041667      0.1065576     
 0.1058333      0.1444347     
 0.1075000      0.1460987     
 0.1091667      0.1345970     
 0.1108333      0.1104393     
 0.1125000      0.1137887     
 0.1141667      0.6547128E-01 
 0.1158333      0.4460737E-01 
 0.1175000      0.7461287E-01 
 0.1191667      0.1108145     
 0.1208333      0.8908428E-01 
 0.1225000      0.6395020E-01 
 0.1241667      0.6517768E-01 
 0.1258333      0.4236382E-01 
 0.1275000      0.2354259E-01 
 0.1291667      0.1161224     
 0.1308333      0.8368830E-01 
 0.1325000      0.7506062E-01 
 0.1341667      0.2497455E-01 
 0.1358333      0.5086501E-01 
 0.1375000      0.5827007E-01 
 0.1391667      0.7223433E-01 
 0.1408333      0.8338335E-01 
 0.1425000      0.6661919E-01 
 0.1441667      0.3570822E-01 
 0.1458333      0.4850845E-01 
 0.1475000      0.8156227E-01 
 0.1491667      0.5683745E-01 
 0.1508333      0.4623399E-01 
 0.1525000      0.3901143E-01 
 0.1541667      0.5020662E-01 
 0.1558333      0.4997958E-01 
 0.1575000      0.4923003E-01 
 0.1591667      0.1598023E-01 
 0.1608333      0.5086967E-01 
 0.1625000      0.5164563E-01 
 0.1641667      0.7288026E-01 
 0.1658333      0.4244923E-01 
