# SumMovie FRC for input stack : stack11.mrc
# Number of micrographs: 1
# Number of frames per movie: 50
# Pixel size (A): 3.0000
# 1/(A)          FRC
# -----------------------
# 
# Micrograph 1 of 1. Score: .572
 0.8333334E-03  0.9999998     
 0.2500000E-02  0.8502284     
 0.4166666E-02  0.8703516     
 0.5833333E-02  0.8519376     
 0.7499999E-02  0.8574309     
 0.9166666E-02  0.7368764     
 0.1083333E-01  0.6259056     
 0.1250000E-01  0.8522584     
 0.1416667E-01  0.9141419     
 0.1583333E-01  0.9438664     
 0.1750000E-01  0.9071797     
 0.1916667E-01  0.6583840     
 0.2083333E-01  0.7393407     
 0.2250000E-01  0.8751494     
 0.2416667E-01  0.9218782     
 0.2583333E-01  0.8923391     
 0.2750000E-01  0.7421551     
 0.2916667E-01  0.6419033     
 0.3083333E-01  0.7106702     
 0.3250000E-01  0.7713603     
 0.3416666E-01  0.7201411     
 0.3583334E-01  0.5893299     
 0.3750000E-01  0.5229318     
 0.3916667E-01  0.4990310     
 0.4083334E-01  0.5167444     
 0.4250000E-01  0.4011553     
 0.4416666E-01  0.3370585     
 0.4583333E-01  0.2906833     
 0.4750000E-01  0.2206919     
 0.4916666E-01  0.1084385     
 0.5083333E-01  0.7632538E-01 
 0.5250000E-01  0.1373664     
 0.5416667E-01  0.1396783     
 0.5583333E-01  0.2223628     
 0.5750000E-01  0.2966372     
 0.5916666E-01  0.3602135     
 0.6083334E-01  0.3552083     
 0.6250000E-01  0.4013949     
 0.6416667E-01  0.3900718     
 0.6583333E-01  0.3104184     
 0.6750000E-01  0.2986321     
 0.6916667E-01  0.1897499     
 0.7083333E-01  0.1111007     
 0.7250000E-01  0.8453916E-01 
 0.7416667E-01  0.1095450     
 0.7583334E-01  0.1974512     
 0.7749999E-01  0.2663562     
 0.7916667E-01  0.3118337     
 0.8083334E-01  0.3526240     
 0.8250000E-01  0.3195498     
 0.8416667E-01  0.2950891     
 0.8583333E-01  0.2058042     
 0.8750000E-01  0.9653603E-01 
 0.8916666E-01  0.7762212E-01 
 0.9083333E-01  0.1307214     
 0.9250000E-01  0.2232144     
 0.9416667E-01  0.2858333     
 0.9583333E-01  0.3026539     
 0.9750000E-01  0.2558979     
 0.9916665E-01  0.2353585     
 0.1008333      0.1127428     
 0.1025000      0.7975325E-01 
 0.1041667      0.1373753     
 0.1058333      0.2179569     
 0.1075000      0.2210722     
 0.1091667      0.2486282     
 0.1108333      0.2087376     
 0.1125000      0.1525853     
 0.1141667      0.9791248E-01 
 0.1158333      0.9344424E-01 
 0.1175000      0.1641668     
 0.1191667      0.1931645     
 0.1208333      0.1639811     
 0.1225000      0.1460727     
 0.1241667      0.9037177E-01 
 0.1258333      0.9872451E-01 
 0.1275000      0.1098945     
 0.1291667      0.1648096     
 0.1308333      0.1662429     
 0.1325000      0.1828398     
 0.1341667      0.1085044     
 0.1358333      0.6813005E-01 
 0.1375000      0.1295400     
 0.1391667      0.1159996     
 0.1408333      0.1531895     
 0.1425000      0.1161386     
 0.1441667      0.1103644     
 0.1458333      0.9803413E-01 
 0.1475000      0.9435074E-01 
 0.1491667      0.1214676     
 0.1508333      0.1443862     
 0.1525000      0.1077145     
 0.1541667      0.9584592E-01 
 0.1558333      0.1064139     
 0.1575000      0.1424629     
 0.1591667      0.1023172     
 0.1608333      0.1117443     
 0.1625000      0.9053214E-01 
 0.1641667      0.1220595     
 0.1658333      0.1371583     
