# SumMovie FRC for input stack : stack16.mrc
# Number of micrographs: 1
# Number of frames per movie: 50
# Pixel size (A): 3.0000
# 1/(A)          FRC
# -----------------------
# 
# Micrograph 1 of 1. Score: .528
 0.8333334E-03  0.9999994     
 0.2500000E-02  0.9669740     
 0.4166666E-02  0.9458992     
 0.5833333E-02  0.9108918     
 0.7499999E-02  0.8942711     
 0.9166666E-02  0.8410276     
 0.1083333E-01  0.7713185     
 0.1250000E-01  0.8782685     
 0.1416667E-01  0.9332172     
 0.1583333E-01  0.9635808     
 0.1750000E-01  0.9433522     
 0.1916667E-01  0.7640525     
 0.2083333E-01  0.7994556     
 0.2250000E-01  0.8920203     
 0.2416667E-01  0.9337606     
 0.2583333E-01  0.9245477     
 0.2750000E-01  0.8127018     
 0.2916667E-01  0.6781824     
 0.3083333E-01  0.7303596     
 0.3250000E-01  0.7755741     
 0.3416666E-01  0.6963488     
 0.3583334E-01  0.5549074     
 0.3750000E-01  0.4246976     
 0.3916667E-01  0.3589234     
 0.4083334E-01  0.2942687     
 0.4250000E-01  0.1147632     
 0.4416666E-01  0.1228514     
 0.4583333E-01  0.1069325     
 0.4750000E-01  0.1370128     
 0.4916666E-01  0.2697212     
 0.5083333E-01  0.3287508     
 0.5250000E-01  0.3565085     
 0.5416667E-01  0.3562807     
 0.5583333E-01  0.4037203     
 0.5750000E-01  0.3420359     
 0.5916666E-01  0.2619703     
 0.6083334E-01  0.1722941     
 0.6250000E-01  0.9115473E-01 
 0.6416667E-01  0.1147887     
 0.6583333E-01  0.1411431     
 0.6750000E-01  0.1882076     
 0.6916667E-01  0.2969708     
 0.7083333E-01  0.3863975     
 0.7250000E-01  0.3311819     
 0.7416667E-01  0.2675962     
 0.7583334E-01  0.1630219     
 0.7749999E-01  0.1124479     
 0.7916667E-01  0.9220201E-01 
 0.8083334E-01  0.2442950     
 0.8250000E-01  0.2448947     
 0.8416667E-01  0.3236852     
 0.8583333E-01  0.2763214     
 0.8750000E-01  0.1836509     
 0.8916666E-01  0.1173706     
 0.9083333E-01  0.9894741E-01 
 0.9250000E-01  0.1839699     
 0.9416667E-01  0.2394326     
 0.9583333E-01  0.2525465     
 0.9750000E-01  0.2045501     
 0.9916665E-01  0.1279950     
 0.1008333      0.1082198     
 0.1025000      0.1340117     
 0.1041667      0.1892269     
 0.1058333      0.2263682     
 0.1075000      0.1864649     
 0.1091667      0.1297825     
 0.1108333      0.6893545E-01 
 0.1125000      0.1535728     
 0.1141667      0.1833366     
 0.1158333      0.1728021     
 0.1175000      0.1361632     
 0.1191667      0.8971468E-01 
 0.1208333      0.1164545     
 0.1225000      0.1501076     
 0.1241667      0.1722462     
 0.1258333      0.1290996     
 0.1275000      0.9114341E-01 
 0.1291667      0.1126382     
 0.1308333      0.1387580     
 0.1325000      0.1361540     
 0.1341667      0.1109990     
 0.1358333      0.6983420E-01 
 0.1375000      0.1259331     
 0.1391667      0.1361147     
 0.1408333      0.1389326     
 0.1425000      0.9593167E-01 
 0.1441667      0.1192951     
 0.1458333      0.1201813     
 0.1475000      0.1161975     
 0.1491667      0.1216605     
 0.1508333      0.9846073E-01 
 0.1525000      0.1273668     
 0.1541667      0.1150468     
 0.1558333      0.9584387E-01 
 0.1575000      0.9435853E-01 
 0.1591667      0.1086729     
 0.1608333      0.1180060     
 0.1625000      0.7220371E-01 
 0.1641667      0.9542772E-01 
 0.1658333      0.1369254     
