# SumMovie FRC for input stack : stack11.mrc
# Number of micrographs: 1
# Number of frames per movie: 50
# Pixel size (A): 3.0000
# 1/(A)          FRC
# -----------------------
# 
# Micrograph 1 of 1. Score: .577
 0.8333334E-03  0.9999998     
 0.2500000E-02  0.8505892     
 0.4166666E-02  0.8708625     
 0.5833333E-02  0.8516831     
 0.7499999E-02  0.8578694     
 0.9166666E-02  0.7375479     
 0.1083333E-01  0.6259454     
 0.1250000E-01  0.8537760     
 0.1416667E-01  0.9153745     
 0.1583333E-01  0.9441917     
 0.1750000E-01  0.9082783     
 0.1916667E-01  0.6551632     
 0.2083333E-01  0.7418002     
 0.2250000E-01  0.8761559     
 0.2416667E-01  0.9245963     
 0.2583333E-01  0.8934448     
 0.2750000E-01  0.7465292     
 0.2916667E-01  0.6515911     
 0.3083333E-01  0.7197512     
 0.3250000E-01  0.7777703     
 0.3416666E-01  0.7310293     
 0.3583334E-01  0.5952547     
 0.3750000E-01  0.5325563     
 0.3916667E-01  0.5106683     
 0.4083334E-01  0.5216744     
 0.4250000E-01  0.4076916     
 0.4416666E-01  0.3426920     
 0.4583333E-01  0.3000826     
 0.4750000E-01  0.2191844     
 0.4916666E-01  0.1045437     
 0.5083333E-01  0.7577610E-01 
 0.5250000E-01  0.1387240     
 0.5416667E-01  0.1456507     
 0.5583333E-01  0.2189922     
 0.5750000E-01  0.3001617     
 0.5916666E-01  0.3822091     
 0.6083334E-01  0.3613293     
 0.6250000E-01  0.4222993     
 0.6416667E-01  0.4051726     
 0.6583333E-01  0.3285310     
 0.6750000E-01  0.3052790     
 0.6916667E-01  0.1840436     
 0.7083333E-01  0.1071449     
 0.7250000E-01  0.6807070E-01 
 0.7416667E-01  0.1096921     
 0.7583334E-01  0.2021034     
 0.7749999E-01  0.2831205     
 0.7916667E-01  0.3234016     
 0.8083334E-01  0.3773166     
 0.8250000E-01  0.3362444     
 0.8416667E-01  0.3159271     
 0.8583333E-01  0.2099690     
 0.8750000E-01  0.1013578     
 0.8916666E-01  0.6838576E-01 
 0.9083333E-01  0.1348209     
 0.9250000E-01  0.2390589     
 0.9416667E-01  0.2927342     
 0.9583333E-01  0.2987196     
 0.9750000E-01  0.2686869     
 0.9916665E-01  0.2235941     
 0.1008333      0.1069632     
 0.1025000      0.4413734E-01 
 0.1041667      0.1153321     
 0.1058333      0.1956199     
 0.1075000      0.2385245     
 0.1091667      0.2378525     
 0.1108333      0.2002059     
 0.1125000      0.1348657     
 0.1141667      0.6649967E-01 
 0.1158333      0.8356790E-01 
 0.1175000      0.1422499     
 0.1191667      0.1758482     
 0.1208333      0.1635142     
 0.1225000      0.1341593     
 0.1241667      0.7414909E-01 
 0.1258333      0.6656238E-01 
 0.1275000      0.9187846E-01 
 0.1291667      0.1462364     
 0.1308333      0.1688586     
 0.1325000      0.1656306     
 0.1341667      0.8969352E-01 
 0.1358333      0.5083269E-01 
 0.1375000      0.9702796E-01 
 0.1391667      0.1034076     
 0.1408333      0.1321867     
 0.1425000      0.1041535     
 0.1441667      0.7192370E-01 
 0.1458333      0.4960717E-01 
 0.1475000      0.5754708E-01 
 0.1491667      0.1130288     
 0.1508333      0.1063882     
 0.1525000      0.8430144E-01 
 0.1541667      0.6761819E-01 
 0.1558333      0.6612862E-01 
 0.1575000      0.1180269     
 0.1591667      0.7300430E-01 
 0.1608333      0.6658945E-01 
 0.1625000      0.5857525E-01 
 0.1641667      0.7664616E-01 
 0.1658333      0.9820362E-01 
