# SumMovie FRC for input stack : stack6.mrc
# Number of micrographs: 1
# Number of frames per movie: 50
# Pixel size (A): 3.0000
# 1/(A)          FRC
# -----------------------
# 
# Micrograph 1 of 1. Score: .568
 0.8333334E-03  0.9999999     
 0.2500000E-02  0.9513220     
 0.4166666E-02  0.9316443     
 0.5833333E-02  0.8460821     
 0.7499999E-02  0.8645586     
 0.9166666E-02  0.6714475     
 0.1083333E-01  0.6528851     
 0.1250000E-01  0.8453190     
 0.1416667E-01  0.8816947     
 0.1583333E-01  0.9300194     
 0.1750000E-01  0.8895243     
 0.1916667E-01  0.5989800     
 0.2083333E-01  0.6574627     
 0.2250000E-01  0.8242522     
 0.2416667E-01  0.8882958     
 0.2583333E-01  0.8392456     
 0.2750000E-01  0.7153591     
 0.2916667E-01  0.6072193     
 0.3083333E-01  0.6660181     
 0.3250000E-01  0.7090465     
 0.3416666E-01  0.6766413     
 0.3583334E-01  0.5665632     
 0.3750000E-01  0.5117275     
 0.3916667E-01  0.4944091     
 0.4083334E-01  0.5227841     
 0.4250000E-01  0.4275942     
 0.4416666E-01  0.3627793     
 0.4583333E-01  0.3261964     
 0.4750000E-01  0.2795389     
 0.4916666E-01  0.2066388     
 0.5083333E-01  0.1187325     
 0.5250000E-01  0.1468078     
 0.5416667E-01  0.9291933E-01 
 0.5583333E-01  0.1346743     
 0.5750000E-01  0.1296727     
 0.5916666E-01  0.2023603     
 0.6083334E-01  0.2605527     
 0.6250000E-01  0.2846562     
 0.6416667E-01  0.3189220     
 0.6583333E-01  0.3175170     
 0.6750000E-01  0.3261350     
 0.6916667E-01  0.3121805     
 0.7083333E-01  0.2588033     
 0.7250000E-01  0.2101922     
 0.7416667E-01  0.1467700     
 0.7583334E-01  0.1029581     
 0.7749999E-01  0.8813811E-01 
 0.7916667E-01  0.1020637     
 0.8083334E-01  0.1707682     
 0.8250000E-01  0.2080478     
 0.8416667E-01  0.2591306     
 0.8583333E-01  0.2815946     
 0.8750000E-01  0.2572514     
 0.8916666E-01  0.2574820     
 0.9083333E-01  0.1296560     
 0.9250000E-01  0.1336503     
 0.9416667E-01  0.8999334E-01 
 0.9583333E-01  0.1336332     
 0.9750000E-01  0.1367406     
 0.9916665E-01  0.1712789     
 0.1008333      0.1886657     
 0.1025000      0.2046845     
 0.1041667      0.2008542     
 0.1058333      0.1411584     
 0.1075000      0.1138407     
 0.1091667      0.6610909E-01 
 0.1108333      0.8736338E-01 
 0.1125000      0.1452703     
 0.1141667      0.1693541     
 0.1158333      0.1989854     
 0.1175000      0.1663861     
 0.1191667      0.1454729     
 0.1208333      0.1110283     
 0.1225000      0.8109647E-01 
 0.1241667      0.1079265     
 0.1258333      0.1068262     
 0.1275000      0.1599546     
 0.1291667      0.1451162     
 0.1308333      0.1498359     
 0.1325000      0.7618859E-01 
 0.1341667      0.6883579E-01 
 0.1358333      0.1191583     
 0.1375000      0.1036370     
 0.1391667      0.1057426     
 0.1408333      0.1299551     
 0.1425000      0.1096783     
 0.1441667      0.9208921E-01 
 0.1458333      0.9366658E-01 
 0.1475000      0.1077636     
 0.1491667      0.1315186     
 0.1508333      0.1402204     
 0.1525000      0.1159868     
 0.1541667      0.7856024E-01 
 0.1558333      0.1097834     
 0.1575000      0.9719060E-01 
 0.1591667      0.1127115     
 0.1608333      0.1352482     
 0.1625000      0.1023789     
 0.1641667      0.9180859E-01 
 0.1658333      0.7627423E-01 
