# SumMovie FRC for input stack : stack11.mrc
# Number of micrographs: 1
# Number of frames per movie: 50
# Pixel size (A): 3.0000
# 1/(A)          FRC
# -----------------------
# 
# Micrograph 1 of 1. Score: .577
 0.8333334E-03  0.9999998     
 0.2500000E-02  0.8505842     
 0.4166666E-02  0.8708472     
 0.5833333E-02  0.8516749     
 0.7499999E-02  0.8578546     
 0.9166666E-02  0.7374886     
 0.1083333E-01  0.6259726     
 0.1250000E-01  0.8537567     
 0.1416667E-01  0.9153675     
 0.1583333E-01  0.9441915     
 0.1750000E-01  0.9082788     
 0.1916667E-01  0.6551706     
 0.2083333E-01  0.7418247     
 0.2250000E-01  0.8761570     
 0.2416667E-01  0.9245783     
 0.2583333E-01  0.8934732     
 0.2750000E-01  0.7465337     
 0.2916667E-01  0.6516023     
 0.3083333E-01  0.7197257     
 0.3250000E-01  0.7776845     
 0.3416666E-01  0.7310129     
 0.3583334E-01  0.5951977     
 0.3750000E-01  0.5325619     
 0.3916667E-01  0.5105705     
 0.4083334E-01  0.5216174     
 0.4250000E-01  0.4077834     
 0.4416666E-01  0.3428257     
 0.4583333E-01  0.3001729     
 0.4750000E-01  0.2189293     
 0.4916666E-01  0.1044733     
 0.5083333E-01  0.7560907E-01 
 0.5250000E-01  0.1384539     
 0.5416667E-01  0.1455307     
 0.5583333E-01  0.2188194     
 0.5750000E-01  0.3001027     
 0.5916666E-01  0.3820629     
 0.6083334E-01  0.3612411     
 0.6250000E-01  0.4221346     
 0.6416667E-01  0.4051353     
 0.6583333E-01  0.3289252     
 0.6750000E-01  0.3054056     
 0.6916667E-01  0.1844280     
 0.7083333E-01  0.1071942     
 0.7250000E-01  0.6815157E-01 
 0.7416667E-01  0.1099804     
 0.7583334E-01  0.2017324     
 0.7749999E-01  0.2832309     
 0.7916667E-01  0.3236067     
 0.8083334E-01  0.3772950     
 0.8250000E-01  0.3362806     
 0.8416667E-01  0.3157576     
 0.8583333E-01  0.2099498     
 0.8750000E-01  0.1013916     
 0.8916666E-01  0.6805960E-01 
 0.9083333E-01  0.1349047     
 0.9250000E-01  0.2392236     
 0.9416667E-01  0.2928485     
 0.9583333E-01  0.2989992     
 0.9750000E-01  0.2686494     
 0.9916665E-01  0.2237885     
 0.1008333      0.1069395     
 0.1025000      0.4399141E-01 
 0.1041667      0.1152531     
 0.1058333      0.1959350     
 0.1075000      0.2386255     
 0.1091667      0.2376138     
 0.1108333      0.2004538     
 0.1125000      0.1351154     
 0.1141667      0.6644484E-01 
 0.1158333      0.8355477E-01 
 0.1175000      0.1423654     
 0.1191667      0.1756549     
 0.1208333      0.1636041     
 0.1225000      0.1348550     
 0.1241667      0.7388132E-01 
 0.1258333      0.6670968E-01 
 0.1275000      0.9143364E-01 
 0.1291667      0.1461610     
 0.1308333      0.1692833     
 0.1325000      0.1657764     
 0.1341667      0.8946785E-01 
 0.1358333      0.5093970E-01 
 0.1375000      0.9697331E-01 
 0.1391667      0.1036703     
 0.1408333      0.1327950     
 0.1425000      0.1041294     
 0.1441667      0.7188153E-01 
 0.1458333      0.4934656E-01 
 0.1475000      0.5793998E-01 
 0.1491667      0.1133768     
 0.1508333      0.1060883     
 0.1525000      0.8446088E-01 
 0.1541667      0.6799490E-01 
 0.1558333      0.6625102E-01 
 0.1575000      0.1183186     
 0.1591667      0.7370364E-01 
 0.1608333      0.6660669E-01 
 0.1625000      0.5830259E-01 
 0.1641667      0.7653802E-01 
 0.1658333      0.9865078E-01 
