# SumMovie FRC for input stack : stack16.mrc
# Number of micrographs: 1
# Number of frames per movie: 50
# Pixel size (A): 3.0000
# 1/(A)          FRC
# -----------------------
# 
# Micrograph 1 of 1. Score: .532
 0.8333334E-03  0.9999994     
 0.2500000E-02  0.9671065     
 0.4166666E-02  0.9459201     
 0.5833333E-02  0.9113553     
 0.7499999E-02  0.8947096     
 0.9166666E-02  0.8417805     
 0.1083333E-01  0.7731693     
 0.1250000E-01  0.8799193     
 0.1416667E-01  0.9338717     
 0.1583333E-01  0.9646077     
 0.1750000E-01  0.9447095     
 0.1916667E-01  0.7684123     
 0.2083333E-01  0.8027603     
 0.2250000E-01  0.8970121     
 0.2416667E-01  0.9372845     
 0.2583333E-01  0.9288767     
 0.2750000E-01  0.8219776     
 0.2916667E-01  0.6894867     
 0.3083333E-01  0.7386516     
 0.3250000E-01  0.7861052     
 0.3416666E-01  0.7094034     
 0.3583334E-01  0.5794253     
 0.3750000E-01  0.4310545     
 0.3916667E-01  0.3616421     
 0.4083334E-01  0.2966229     
 0.4250000E-01  0.1123578     
 0.4416666E-01  0.1232561     
 0.4583333E-01  0.1003984     
 0.4750000E-01  0.1349920     
 0.4916666E-01  0.2722784     
 0.5083333E-01  0.3404403     
 0.5250000E-01  0.3724965     
 0.5416667E-01  0.3677356     
 0.5583333E-01  0.4156234     
 0.5750000E-01  0.3571994     
 0.5916666E-01  0.2688535     
 0.6083334E-01  0.1879544     
 0.6250000E-01  0.8856290E-01 
 0.6416667E-01  0.1021066     
 0.6583333E-01  0.1425290     
 0.6750000E-01  0.2089927     
 0.6916667E-01  0.3116528     
 0.7083333E-01  0.4036645     
 0.7250000E-01  0.3469039     
 0.7416667E-01  0.2813688     
 0.7583334E-01  0.1723871     
 0.7749999E-01  0.1068882     
 0.7916667E-01  0.9146223E-01 
 0.8083334E-01  0.2470565     
 0.8250000E-01  0.2663088     
 0.8416667E-01  0.3445643     
 0.8583333E-01  0.2893120     
 0.8750000E-01  0.1849125     
 0.8916666E-01  0.1089426     
 0.9083333E-01  0.7910773E-01 
 0.9250000E-01  0.1787540     
 0.9416667E-01  0.2443141     
 0.9583333E-01  0.2741018     
 0.9750000E-01  0.2184726     
 0.9916665E-01  0.1065893     
 0.1008333      0.7938655E-01 
 0.1025000      0.1243586     
 0.1041667      0.1842952     
 0.1058333      0.2335126     
 0.1075000      0.1887635     
 0.1091667      0.1223326     
 0.1108333      0.4705671E-01 
 0.1125000      0.1488042     
 0.1141667      0.1771016     
 0.1158333      0.1791684     
 0.1175000      0.1134650     
 0.1191667      0.7629298E-01 
 0.1208333      0.9029426E-01 
 0.1225000      0.1476542     
 0.1241667      0.1612337     
 0.1258333      0.1160728     
 0.1275000      0.7513335E-01 
 0.1291667      0.8607596E-01 
 0.1308333      0.1423169     
 0.1325000      0.1356719     
 0.1341667      0.9163611E-01 
 0.1358333      0.4891968E-01 
 0.1375000      0.9839641E-01 
 0.1391667      0.1249575     
 0.1408333      0.1137976     
 0.1425000      0.7168821E-01 
 0.1441667      0.8803474E-01 
 0.1458333      0.1104542     
 0.1475000      0.1029180     
 0.1491667      0.8421885E-01 
 0.1508333      0.8674034E-01 
 0.1525000      0.1055055     
 0.1541667      0.9063681E-01 
 0.1558333      0.8038233E-01 
 0.1575000      0.5673664E-01 
 0.1591667      0.9424412E-01 
 0.1608333      0.9985557E-01 
 0.1625000      0.5399447E-01 
 0.1641667      0.5779443E-01 
 0.1658333      0.1399794     
