# SumMovie FRC for input stack : stack11.mrc
# Number of micrographs: 1
# Number of frames per movie: 50
# Pixel size (A): 3.0000
# 1/(A)          FRC
# -----------------------
# 
# Micrograph 1 of 1. Score: .577
 0.8333334E-03  0.9999998     
 0.2500000E-02  0.8505318     
 0.4166666E-02  0.8707415     
 0.5833333E-02  0.8517497     
 0.7499999E-02  0.8578014     
 0.9166666E-02  0.7375559     
 0.1083333E-01  0.6259883     
 0.1250000E-01  0.8535345     
 0.1416667E-01  0.9151524     
 0.1583333E-01  0.9441692     
 0.1750000E-01  0.9081376     
 0.1916667E-01  0.6559666     
 0.2083333E-01  0.7416587     
 0.2250000E-01  0.8762445     
 0.2416667E-01  0.9242392     
 0.2583333E-01  0.8934751     
 0.2750000E-01  0.7461825     
 0.2916667E-01  0.6508356     
 0.3083333E-01  0.7184423     
 0.3250000E-01  0.7768333     
 0.3416666E-01  0.7298172     
 0.3583334E-01  0.5950215     
 0.3750000E-01  0.5318323     
 0.3916667E-01  0.5092338     
 0.4083334E-01  0.5212999     
 0.4250000E-01  0.4069548     
 0.4416666E-01  0.3428666     
 0.4583333E-01  0.2996541     
 0.4750000E-01  0.2186314     
 0.4916666E-01  0.1061212     
 0.5083333E-01  0.7570805E-01 
 0.5250000E-01  0.1377055     
 0.5416667E-01  0.1453858     
 0.5583333E-01  0.2201552     
 0.5750000E-01  0.3005226     
 0.5916666E-01  0.3789412     
 0.6083334E-01  0.3612027     
 0.6250000E-01  0.4198083     
 0.6416667E-01  0.4036472     
 0.6583333E-01  0.3282753     
 0.6750000E-01  0.3058062     
 0.6916667E-01  0.1860339     
 0.7083333E-01  0.1076253     
 0.7250000E-01  0.7144060E-01 
 0.7416667E-01  0.1107830     
 0.7583334E-01  0.2017336     
 0.7749999E-01  0.2819800     
 0.7916667E-01  0.3228959     
 0.8083334E-01  0.3747241     
 0.8250000E-01  0.3342935     
 0.8416667E-01  0.3128099     
 0.8583333E-01  0.2115573     
 0.8750000E-01  0.1023596     
 0.8916666E-01  0.6977612E-01 
 0.9083333E-01  0.1346379     
 0.9250000E-01  0.2366418     
 0.9416667E-01  0.2946841     
 0.9583333E-01  0.3024740     
 0.9750000E-01  0.2675008     
 0.9916665E-01  0.2281132     
 0.1008333      0.1085423     
 0.1025000      0.5109992E-01 
 0.1041667      0.1184936     
 0.1058333      0.2018706     
 0.1075000      0.2379825     
 0.1091667      0.2405422     
 0.1108333      0.2025923     
 0.1125000      0.1396564     
 0.1141667      0.7300310E-01 
 0.1158333      0.8643112E-01 
 0.1175000      0.1477038     
 0.1191667      0.1810801     
 0.1208333      0.1646331     
 0.1225000      0.1389748     
 0.1241667      0.7636190E-01 
 0.1258333      0.7275401E-01 
 0.1275000      0.9375887E-01 
 0.1291667      0.1499380     
 0.1308333      0.1709303     
 0.1325000      0.1695352     
 0.1341667      0.9316581E-01 
 0.1358333      0.5320635E-01 
 0.1375000      0.1042517     
 0.1391667      0.1065681     
 0.1408333      0.1384632     
 0.1425000      0.1077719     
 0.1441667      0.7708846E-01 
 0.1458333      0.5781374E-01 
 0.1475000      0.6117945E-01 
 0.1491667      0.1184031     
 0.1508333      0.1115262     
 0.1525000      0.8961466E-01 
 0.1541667      0.7350647E-01 
 0.1558333      0.7176656E-01 
 0.1575000      0.1229203     
 0.1591667      0.8015493E-01 
 0.1608333      0.7263308E-01 
 0.1625000      0.6101503E-01 
 0.1641667      0.8407070E-01 
 0.1658333      0.1046525     
