# SumMovie FRC for input stack : stack16.mrc
# Number of micrographs: 1
# Number of frames per movie: 50
# Pixel size (A): 3.0000
# 1/(A)          FRC
# -----------------------
# 
# Micrograph 1 of 1. Score: .538
 0.8333334E-03  0.9999994     
 0.2500000E-02  0.9672207     
 0.4166666E-02  0.9454258     
 0.5833333E-02  0.9120535     
 0.7499999E-02  0.8965258     
 0.9166666E-02  0.8416035     
 0.1083333E-01  0.7766958     
 0.1250000E-01  0.8840005     
 0.1416667E-01  0.9355329     
 0.1583333E-01  0.9656344     
 0.1750000E-01  0.9459168     
 0.1916667E-01  0.7766638     
 0.2083333E-01  0.8029181     
 0.2250000E-01  0.9023581     
 0.2416667E-01  0.9434235     
 0.2583333E-01  0.9340968     
 0.2750000E-01  0.8306286     
 0.2916667E-01  0.7051601     
 0.3083333E-01  0.7541170     
 0.3250000E-01  0.7966588     
 0.3416666E-01  0.7330628     
 0.3583334E-01  0.6081165     
 0.3750000E-01  0.4394416     
 0.3916667E-01  0.3793319     
 0.4083334E-01  0.2922591     
 0.4250000E-01  0.1229956     
 0.4416666E-01  0.1190873     
 0.4583333E-01  0.8357106E-01 
 0.4750000E-01  0.1478855     
 0.4916666E-01  0.2690530     
 0.5083333E-01  0.3446230     
 0.5250000E-01  0.3904761     
 0.5416667E-01  0.3825972     
 0.5583333E-01  0.4239720     
 0.5750000E-01  0.3620878     
 0.5916666E-01  0.2777199     
 0.6083334E-01  0.1853295     
 0.6250000E-01  0.8029655E-01 
 0.6416667E-01  0.1036608     
 0.6583333E-01  0.1392940     
 0.6750000E-01  0.2092526     
 0.6916667E-01  0.3145708     
 0.7083333E-01  0.4064054     
 0.7250000E-01  0.3726344     
 0.7416667E-01  0.3079744     
 0.7583334E-01  0.1813664     
 0.7749999E-01  0.1188646     
 0.7916667E-01  0.9357221E-01 
 0.8083334E-01  0.2498306     
 0.8250000E-01  0.2763595     
 0.8416667E-01  0.3606114     
 0.8583333E-01  0.3019587     
 0.8750000E-01  0.1862559     
 0.8916666E-01  0.1195492     
 0.9083333E-01  0.7861766E-01 
 0.9250000E-01  0.1860080     
 0.9416667E-01  0.2605440     
 0.9583333E-01  0.2814051     
 0.9750000E-01  0.2103831     
 0.9916665E-01  0.9770931E-01 
 0.1008333      0.5934090E-01 
 0.1025000      0.1208149     
 0.1041667      0.1916704     
 0.1058333      0.2414469     
 0.1075000      0.1801358     
 0.1091667      0.1100293     
 0.1108333      0.5763368E-01 
 0.1125000      0.1401972     
 0.1141667      0.1972954     
 0.1158333      0.1890365     
 0.1175000      0.1116079     
 0.1191667      0.4826592E-01 
 0.1208333      0.9136815E-01 
 0.1225000      0.1572164     
 0.1241667      0.1749813     
 0.1258333      0.1076384     
 0.1275000      0.6578913E-01 
 0.1291667      0.8689041E-01 
 0.1308333      0.1197923     
 0.1325000      0.1339430     
 0.1341667      0.6770408E-01 
 0.1358333      0.4382358E-01 
 0.1375000      0.1128264     
 0.1391667      0.1353509     
 0.1408333      0.9402706E-01 
 0.1425000      0.7525395E-01 
 0.1441667      0.7516791E-01 
 0.1458333      0.1148295     
 0.1475000      0.9577277E-01 
 0.1491667      0.6468028E-01 
 0.1508333      0.7075372E-01 
 0.1525000      0.1013656     
 0.1541667      0.8397560E-01 
 0.1558333      0.7517236E-01 
 0.1575000      0.4527909E-01 
 0.1591667      0.8431507E-01 
 0.1608333      0.8710998E-01 
 0.1625000      0.4399529E-01 
 0.1641667      0.6407783E-01 
 0.1658333      0.1311245     
