# SumMovie FRC for input stack : stack6.mrc
# Number of micrographs: 1
# Number of frames per movie: 50
# Pixel size (A): 3.0000
# 1/(A)          FRC
# -----------------------
# 
# Micrograph 1 of 1. Score: .562
 0.8333334E-03  0.9999998     
 0.2500000E-02  0.9512903     
 0.4166666E-02  0.9316356     
 0.5833333E-02  0.8460197     
 0.7499999E-02  0.8641757     
 0.9166666E-02  0.6703835     
 0.1083333E-01  0.6515866     
 0.1250000E-01  0.8448148     
 0.1416667E-01  0.8805021     
 0.1583333E-01  0.9291505     
 0.1750000E-01  0.8884533     
 0.1916667E-01  0.5975325     
 0.2083333E-01  0.6544793     
 0.2250000E-01  0.8209844     
 0.2416667E-01  0.8857802     
 0.2583333E-01  0.8356767     
 0.2750000E-01  0.7108787     
 0.2916667E-01  0.6010193     
 0.3083333E-01  0.6588508     
 0.3250000E-01  0.7014646     
 0.3416666E-01  0.6708395     
 0.3583334E-01  0.5596405     
 0.3750000E-01  0.5024116     
 0.3916667E-01  0.4846757     
 0.4083334E-01  0.5098079     
 0.4250000E-01  0.4205211     
 0.4416666E-01  0.3584972     
 0.4583333E-01  0.3167833     
 0.4750000E-01  0.2750228     
 0.4916666E-01  0.2006373     
 0.5083333E-01  0.1185001     
 0.5250000E-01  0.1491923     
 0.5416667E-01  0.9401059E-01 
 0.5583333E-01  0.1390073     
 0.5750000E-01  0.1287458     
 0.5916666E-01  0.1956058     
 0.6083334E-01  0.2510970     
 0.6250000E-01  0.2799995     
 0.6416667E-01  0.3081315     
 0.6583333E-01  0.3074206     
 0.6750000E-01  0.3176163     
 0.6916667E-01  0.3071628     
 0.7083333E-01  0.2500892     
 0.7250000E-01  0.2070384     
 0.7416667E-01  0.1472686     
 0.7583334E-01  0.1026843     
 0.7749999E-01  0.8521034E-01 
 0.7916667E-01  0.1088471     
 0.8083334E-01  0.1689172     
 0.8250000E-01  0.2047210     
 0.8416667E-01  0.2495294     
 0.8583333E-01  0.2751060     
 0.8750000E-01  0.2493887     
 0.8916666E-01  0.2591926     
 0.9083333E-01  0.1288352     
 0.9250000E-01  0.1370116     
 0.9416667E-01  0.9160954E-01 
 0.9583333E-01  0.1369242     
 0.9750000E-01  0.1409639     
 0.9916665E-01  0.1722149     
 0.1008333      0.1863293     
 0.1025000      0.2029852     
 0.1041667      0.1999145     
 0.1058333      0.1364319     
 0.1075000      0.1187518     
 0.1091667      0.7684196E-01 
 0.1108333      0.9160078E-01 
 0.1125000      0.1456219     
 0.1141667      0.1620726     
 0.1158333      0.2014516     
 0.1175000      0.1713071     
 0.1191667      0.1494718     
 0.1208333      0.1233365     
 0.1225000      0.8967184E-01 
 0.1241667      0.1153383     
 0.1258333      0.1135717     
 0.1275000      0.1684112     
 0.1291667      0.1515898     
 0.1308333      0.1616812     
 0.1325000      0.8636787E-01 
 0.1341667      0.8157743E-01 
 0.1358333      0.1215458     
 0.1375000      0.1126514     
 0.1391667      0.1123775     
 0.1408333      0.1397214     
 0.1425000      0.1112613     
 0.1441667      0.1029424     
 0.1458333      0.1002883     
 0.1475000      0.1246115     
 0.1491667      0.1398878     
 0.1508333      0.1475843     
 0.1525000      0.1292049     
 0.1541667      0.8739731E-01 
 0.1558333      0.1203441     
 0.1575000      0.1092943     
 0.1591667      0.1297925     
 0.1608333      0.1433503     
 0.1625000      0.1113618     
 0.1641667      0.1006712     
 0.1658333      0.8920357E-01 
