# SumMovie FRC for input stack : stack1.mrc
# Number of micrographs: 1
# Number of frames per movie: 50
# Pixel size (A): 3.0000
# 1/(A)          FRC
# -----------------------
# 
# Micrograph 1 of 1. Score: .535
 0.8333334E-03  0.9999990     
 0.2500000E-02  0.9744108     
 0.4166666E-02  0.9567850     
 0.5833333E-02  0.9214617     
 0.7499999E-02  0.9033172     
 0.9166666E-02  0.7477261     
 0.1083333E-01  0.7193649     
 0.1250000E-01  0.8497516     
 0.1416667E-01  0.9166173     
 0.1583333E-01  0.9187950     
 0.1750000E-01  0.8707489     
 0.1916667E-01  0.6665648     
 0.2083333E-01  0.7563574     
 0.2250000E-01  0.8649910     
 0.2416667E-01  0.8997135     
 0.2583333E-01  0.8672972     
 0.2750000E-01  0.7348583     
 0.2916667E-01  0.6277338     
 0.3083333E-01  0.7001410     
 0.3250000E-01  0.7277398     
 0.3416666E-01  0.6743919     
 0.3583334E-01  0.5359057     
 0.3750000E-01  0.4702938     
 0.3916667E-01  0.4442779     
 0.4083334E-01  0.4469038     
 0.4250000E-01  0.3783927     
 0.4416666E-01  0.2407730     
 0.4583333E-01  0.1388793     
 0.4750000E-01  0.1700963     
 0.4916666E-01  0.8812603E-01 
 0.5083333E-01  0.6350985E-01 
 0.5250000E-01  0.7433628E-01 
 0.5416667E-01  0.1022554     
 0.5583333E-01  0.1846344     
 0.5750000E-01  0.2323493     
 0.5916666E-01  0.3217914     
 0.6083334E-01  0.3290040     
 0.6250000E-01  0.3065091     
 0.6416667E-01  0.2760688     
 0.6583333E-01  0.2587182     
 0.6750000E-01  0.1585680     
 0.6916667E-01  0.1150898     
 0.7083333E-01  0.7902431E-01 
 0.7250000E-01  0.6335989E-01 
 0.7416667E-01  0.9422283E-01 
 0.7583334E-01  0.1554990     
 0.7749999E-01  0.2387372     
 0.7916667E-01  0.2947248     
 0.8083334E-01  0.2794589     
 0.8250000E-01  0.2764436     
 0.8416667E-01  0.2124396     
 0.8583333E-01  0.1166694     
 0.8750000E-01  0.4897967E-01 
 0.8916666E-01  0.5050670E-01 
 0.9083333E-01  0.1300520     
 0.9250000E-01  0.1804964     
 0.9416667E-01  0.2266174     
 0.9583333E-01  0.2372287     
 0.9750000E-01  0.1838556     
 0.9916665E-01  0.1239987     
 0.1008333      0.7167514E-01 
 0.1025000      0.6547925E-01 
 0.1041667      0.9929048E-01 
 0.1058333      0.1531063     
 0.1075000      0.1531322     
 0.1091667      0.1669498     
 0.1108333      0.1116415     
 0.1125000      0.1256367     
 0.1141667      0.4848835E-01 
 0.1158333      0.4672535E-01 
 0.1175000      0.9259549E-01 
 0.1191667      0.1200512     
 0.1208333      0.1095346     
 0.1225000      0.9966718E-01 
 0.1241667      0.5085650E-01 
 0.1258333      0.4178201E-01 
 0.1275000      0.5449806E-01 
 0.1291667      0.1062471     
 0.1308333      0.1251935     
 0.1325000      0.7128489E-01 
 0.1341667      0.4233771E-01 
 0.1358333      0.3420817E-01 
 0.1375000      0.8863110E-01 
 0.1391667      0.7370146E-01 
 0.1408333      0.7939056E-01 
 0.1425000      0.7233942E-01 
 0.1441667      0.3366376E-01 
 0.1458333      0.4818215E-01 
 0.1475000      0.8221494E-01 
 0.1491667      0.7432353E-01 
 0.1508333      0.6972376E-01 
 0.1525000      0.4307512E-01 
 0.1541667      0.5604282E-01 
 0.1558333      0.5259754E-01 
 0.1575000      0.4795380E-01 
 0.1591667      0.2465691E-01 
 0.1608333      0.6478960E-01 
 0.1625000      0.5601625E-01 
 0.1641667      0.5442572E-01 
 0.1658333      0.2889369E-01 
