# SumMovie FRC for input stack : stack1.mrc
# Number of micrographs: 1
# Number of frames per movie: 50
# Pixel size (A): 3.0000
# 1/(A)          FRC
# -----------------------
# 
# Micrograph 1 of 1. Score: .499
 0.8333334E-03  0.9999990     
 0.2500000E-02  0.9744824     
 0.4166666E-02  0.9566497     
 0.5833333E-02  0.9212909     
 0.7499999E-02  0.9020194     
 0.9166666E-02  0.7404116     
 0.1083333E-01  0.7085162     
 0.1250000E-01  0.8366054     
 0.1416667E-01  0.9073093     
 0.1583333E-01  0.9114915     
 0.1750000E-01  0.8540999     
 0.1916667E-01  0.6326150     
 0.2083333E-01  0.7258042     
 0.2250000E-01  0.8407686     
 0.2416667E-01  0.8787073     
 0.2583333E-01  0.8349144     
 0.2750000E-01  0.6807878     
 0.2916667E-01  0.5446451     
 0.3083333E-01  0.6450770     
 0.3250000E-01  0.6460698     
 0.3416666E-01  0.5897774     
 0.3583334E-01  0.4764026     
 0.3750000E-01  0.4225718     
 0.3916667E-01  0.3667597     
 0.4083334E-01  0.3632454     
 0.4250000E-01  0.3285089     
 0.4416666E-01  0.2122349     
 0.4583333E-01  0.1450008     
 0.4750000E-01  0.1838260     
 0.4916666E-01  0.1153753     
 0.5083333E-01  0.9745369E-01 
 0.5250000E-01  0.1078011     
 0.5416667E-01  0.1148945     
 0.5583333E-01  0.1709903     
 0.5750000E-01  0.2208915     
 0.5916666E-01  0.2387060     
 0.6083334E-01  0.2767735     
 0.6250000E-01  0.2372590     
 0.6416667E-01  0.2414977     
 0.6583333E-01  0.2237385     
 0.6750000E-01  0.1444928     
 0.6916667E-01  0.1561782     
 0.7083333E-01  0.1275647     
 0.7250000E-01  0.7786985E-01 
 0.7416667E-01  0.1002846     
 0.7583334E-01  0.1493285     
 0.7749999E-01  0.2007630     
 0.7916667E-01  0.2082254     
 0.8083334E-01  0.2052363     
 0.8250000E-01  0.2108676     
 0.8416667E-01  0.1727298     
 0.8583333E-01  0.1125567     
 0.8750000E-01  0.6855331E-01 
 0.8916666E-01  0.4019591E-01 
 0.9083333E-01  0.1174526     
 0.9250000E-01  0.1369112     
 0.9416667E-01  0.1795208     
 0.9583333E-01  0.1829392     
 0.9750000E-01  0.1615590     
 0.9916665E-01  0.1093797     
 0.1008333      0.9803702E-01 
 0.1025000      0.5284112E-01 
 0.1041667      0.1113382     
 0.1058333      0.1615843     
 0.1075000      0.1401989     
 0.1091667      0.1448282     
 0.1108333      0.1140930     
 0.1125000      0.1148736     
 0.1141667      0.8137382E-01 
 0.1158333      0.5460307E-01 
 0.1175000      0.8775339E-01 
 0.1191667      0.9669425E-01 
 0.1208333      0.1117851     
 0.1225000      0.7077700E-01 
 0.1241667      0.9256195E-01 
 0.1258333      0.6891853E-01 
 0.1275000      0.5901583E-01 
 0.1291667      0.1196935     
 0.1308333      0.1101501     
 0.1325000      0.9636120E-01 
 0.1341667      0.4859074E-01 
 0.1358333      0.7102448E-01 
 0.1375000      0.8254497E-01 
 0.1391667      0.8563849E-01 
 0.1408333      0.1046822     
 0.1425000      0.5993123E-01 
 0.1441667      0.5693721E-01 
 0.1458333      0.8361574E-01 
 0.1475000      0.1042873     
 0.1491667      0.6595888E-01 
 0.1508333      0.7400053E-01 
 0.1525000      0.5237108E-01 
 0.1541667      0.5487958E-01 
 0.1558333      0.5934774E-01 
 0.1575000      0.8077540E-01 
 0.1591667      0.5220047E-01 
 0.1608333      0.8177144E-01 
 0.1625000      0.4906666E-01 
 0.1641667      0.6905148E-01 
 0.1658333      0.5973845E-01 
