# SumMovie FRC for input stack : stack11.mrc
# Number of micrographs: 1
# Number of frames per movie: 50
# Pixel size (A): 3.0000
# 1/(A)          FRC
# -----------------------
# 
# Micrograph 1 of 1. Score: .568
 0.8333334E-03  0.9999998     
 0.2500000E-02  0.8499860     
 0.4166666E-02  0.8700500     
 0.5833333E-02  0.8519399     
 0.7499999E-02  0.8571625     
 0.9166666E-02  0.7361689     
 0.1083333E-01  0.6257075     
 0.1250000E-01  0.8513810     
 0.1416667E-01  0.9135798     
 0.1583333E-01  0.9435789     
 0.1750000E-01  0.9064299     
 0.1916667E-01  0.6586789     
 0.2083333E-01  0.7374744     
 0.2250000E-01  0.8739991     
 0.2416667E-01  0.9202143     
 0.2583333E-01  0.8910994     
 0.2750000E-01  0.7387154     
 0.2916667E-01  0.6348637     
 0.3083333E-01  0.7056042     
 0.3250000E-01  0.7671230     
 0.3416666E-01  0.7139676     
 0.3583334E-01  0.5843878     
 0.3750000E-01  0.5164124     
 0.3916667E-01  0.4912533     
 0.4083334E-01  0.5106685     
 0.4250000E-01  0.3960501     
 0.4416666E-01  0.3311386     
 0.4583333E-01  0.2817224     
 0.4750000E-01  0.2187623     
 0.4916666E-01  0.1064259     
 0.5083333E-01  0.7504350E-01 
 0.5250000E-01  0.1350146     
 0.5416667E-01  0.1318163     
 0.5583333E-01  0.2202187     
 0.5750000E-01  0.2903982     
 0.5916666E-01  0.3491873     
 0.6083334E-01  0.3489412     
 0.6250000E-01  0.3861931     
 0.6416667E-01  0.3788904     
 0.6583333E-01  0.2951975     
 0.6750000E-01  0.2892532     
 0.6916667E-01  0.1868264     
 0.7083333E-01  0.1102083     
 0.7250000E-01  0.8760779E-01 
 0.7416667E-01  0.1078215     
 0.7583334E-01  0.1903419     
 0.7749999E-01  0.2566220     
 0.7916667E-01  0.3022351     
 0.8083334E-01  0.3378192     
 0.8250000E-01  0.3083288     
 0.8416667E-01  0.2830795     
 0.8583333E-01  0.1971749     
 0.8750000E-01  0.8972345E-01 
 0.8916666E-01  0.7599989E-01 
 0.9083333E-01  0.1272743     
 0.9250000E-01  0.2125530     
 0.9416667E-01  0.2730186     
 0.9583333E-01  0.2994011     
 0.9750000E-01  0.2454917     
 0.9916665E-01  0.2264158     
 0.1008333      0.1135566     
 0.1025000      0.8519594E-01 
 0.1041667      0.1431605     
 0.1058333      0.2131038     
 0.1075000      0.2042421     
 0.1091667      0.2431060     
 0.1108333      0.2063465     
 0.1125000      0.1528923     
 0.1141667      0.1019516     
 0.1158333      0.9105379E-01 
 0.1175000      0.1614297     
 0.1191667      0.1906871     
 0.1208333      0.1653187     
 0.1225000      0.1448900     
 0.1241667      0.9257309E-01 
 0.1258333      0.1048503     
 0.1275000      0.1127422     
 0.1291667      0.1645489     
 0.1308333      0.1559421     
 0.1325000      0.1840060     
 0.1341667      0.1107453     
 0.1358333      0.7228801E-01 
 0.1375000      0.1313493     
 0.1391667      0.1134846     
 0.1408333      0.1451219     
 0.1425000      0.1126119     
 0.1441667      0.1173672     
 0.1458333      0.1034585     
 0.1475000      0.1059142     
 0.1491667      0.1148814     
 0.1508333      0.1508832     
 0.1525000      0.1056199     
 0.1541667      0.9519612E-01 
 0.1558333      0.1159436     
 0.1575000      0.1460612     
 0.1591667      0.1076957     
 0.1608333      0.1200857     
 0.1625000      0.9997195E-01 
 0.1641667      0.1232704     
 0.1658333      0.1474666     
