# SumMovie FRC for input stack : stack6.mrc
# Number of micrographs: 1
# Number of frames per movie: 50
# Pixel size (A): 3.0000
# 1/(A)          FRC
# -----------------------
# 
# Micrograph 1 of 1. Score: .570
 0.8333334E-03  0.9999999     
 0.2500000E-02  0.9513298     
 0.4166666E-02  0.9316459     
 0.5833333E-02  0.8460966     
 0.7499999E-02  0.8646622     
 0.9166666E-02  0.6717064     
 0.1083333E-01  0.6532156     
 0.1250000E-01  0.8454185     
 0.1416667E-01  0.8820304     
 0.1583333E-01  0.9302574     
 0.1750000E-01  0.8897805     
 0.1916667E-01  0.5993440     
 0.2083333E-01  0.6582819     
 0.2250000E-01  0.8251617     
 0.2416667E-01  0.8889470     
 0.2583333E-01  0.8402330     
 0.2750000E-01  0.7165073     
 0.2916667E-01  0.6087936     
 0.3083333E-01  0.6678563     
 0.3250000E-01  0.7109087     
 0.3416666E-01  0.6779653     
 0.3583334E-01  0.5683049     
 0.3750000E-01  0.5140828     
 0.3916667E-01  0.4970774     
 0.4083334E-01  0.5261761     
 0.4250000E-01  0.4297419     
 0.4416666E-01  0.3639712     
 0.4583333E-01  0.3287771     
 0.4750000E-01  0.2807746     
 0.4916666E-01  0.2079239     
 0.5083333E-01  0.1186819     
 0.5250000E-01  0.1456261     
 0.5416667E-01  0.9196088E-01 
 0.5583333E-01  0.1331600     
 0.5750000E-01  0.1297747     
 0.5916666E-01  0.2038520     
 0.6083334E-01  0.2627015     
 0.6250000E-01  0.2855797     
 0.6416667E-01  0.3216045     
 0.6583333E-01  0.3202388     
 0.6750000E-01  0.3278548     
 0.6916667E-01  0.3129925     
 0.7083333E-01  0.2612371     
 0.7250000E-01  0.2107814     
 0.7416667E-01  0.1459383     
 0.7583334E-01  0.1027479     
 0.7749999E-01  0.8906511E-01 
 0.7916667E-01  0.9987695E-01 
 0.8083334E-01  0.1710608     
 0.8250000E-01  0.2084562     
 0.8416667E-01  0.2612612     
 0.8583333E-01  0.2824231     
 0.8750000E-01  0.2591459     
 0.8916666E-01  0.2562979     
 0.9083333E-01  0.1295848     
 0.9250000E-01  0.1322243     
 0.9416667E-01  0.8859777E-01 
 0.9583333E-01  0.1320756     
 0.9750000E-01  0.1347928     
 0.9916665E-01  0.1701094     
 0.1008333      0.1895404     
 0.1025000      0.2053595     
 0.1041667      0.1999341     
 0.1058333      0.1423720     
 0.1075000      0.1121937     
 0.1091667      0.6289840E-01 
 0.1108333      0.8554428E-01 
 0.1125000      0.1436165     
 0.1141667      0.1707095     
 0.1158333      0.1977188     
 0.1175000      0.1642814     
 0.1191667      0.1443634     
 0.1208333      0.1067340     
 0.1225000      0.7828283E-01 
 0.1241667      0.1040959     
 0.1258333      0.1039457     
 0.1275000      0.1567626     
 0.1291667      0.1429212     
 0.1308333      0.1452851     
 0.1325000      0.7297534E-01 
 0.1341667      0.6396863E-01 
 0.1358333      0.1177368     
 0.1375000      0.9981925E-01 
 0.1391667      0.1031769     
 0.1408333      0.1267391     
 0.1425000      0.1084828     
 0.1441667      0.8893114E-01 
 0.1458333      0.8997524E-01 
 0.1475000      0.1016147     
 0.1491667      0.1275094     
 0.1508333      0.1366574     
 0.1525000      0.1113851     
 0.1541667      0.7450631E-01 
 0.1558333      0.1050649     
 0.1575000      0.9302897E-01 
 0.1591667      0.1074620     
 0.1608333      0.1305113     
 0.1625000      0.9753811E-01 
 0.1641667      0.8902276E-01 
 0.1658333      0.7156512E-01 
