# SumMovie FRC for input stack : stack1.mrc
# Number of micrographs: 1
# Number of frames per movie: 50
# Pixel size (A): 3.0000
# 1/(A)          FRC
# -----------------------
# 
# Micrograph 1 of 1. Score: .535
 0.8333334E-03  0.9999990     
 0.2500000E-02  0.9744275     
 0.4166666E-02  0.9567649     
 0.5833333E-02  0.9213983     
 0.7499999E-02  0.9031305     
 0.9166666E-02  0.7486764     
 0.1083333E-01  0.7186944     
 0.1250000E-01  0.8496463     
 0.1416667E-01  0.9167550     
 0.1583333E-01  0.9192543     
 0.1750000E-01  0.8707055     
 0.1916667E-01  0.6679341     
 0.2083333E-01  0.7560723     
 0.2250000E-01  0.8648861     
 0.2416667E-01  0.9001650     
 0.2583333E-01  0.8676723     
 0.2750000E-01  0.7349075     
 0.2916667E-01  0.6292245     
 0.3083333E-01  0.7011290     
 0.3250000E-01  0.7291977     
 0.3416666E-01  0.6746503     
 0.3583334E-01  0.5348460     
 0.3750000E-01  0.4682121     
 0.3916667E-01  0.4423295     
 0.4083334E-01  0.4467424     
 0.4250000E-01  0.3805327     
 0.4416666E-01  0.2384126     
 0.4583333E-01  0.1425314     
 0.4750000E-01  0.1733198     
 0.4916666E-01  0.8869744E-01 
 0.5083333E-01  0.6274614E-01 
 0.5250000E-01  0.7409260E-01 
 0.5416667E-01  0.1035582     
 0.5583333E-01  0.1851529     
 0.5750000E-01  0.2296707     
 0.5916666E-01  0.3232226     
 0.6083334E-01  0.3271987     
 0.6250000E-01  0.3100681     
 0.6416667E-01  0.2708561     
 0.6583333E-01  0.2579300     
 0.6750000E-01  0.1545452     
 0.6916667E-01  0.1121413     
 0.7083333E-01  0.7967852E-01 
 0.7250000E-01  0.5909595E-01 
 0.7416667E-01  0.9207176E-01 
 0.7583334E-01  0.1484005     
 0.7749999E-01  0.2387438     
 0.7916667E-01  0.2912307     
 0.8083334E-01  0.2783932     
 0.8250000E-01  0.2746997     
 0.8416667E-01  0.2046484     
 0.8583333E-01  0.1115224     
 0.8750000E-01  0.4741433E-01 
 0.8916666E-01  0.4586307E-01 
 0.9083333E-01  0.1208923     
 0.9250000E-01  0.1735372     
 0.9416667E-01  0.2231875     
 0.9583333E-01  0.2337237     
 0.9750000E-01  0.1846878     
 0.9916665E-01  0.1175127     
 0.1008333      0.6485133E-01 
 0.1025000      0.5874008E-01 
 0.1041667      0.9916145E-01 
 0.1058333      0.1461104     
 0.1075000      0.1544870     
 0.1091667      0.1608723     
 0.1108333      0.1063110     
 0.1125000      0.1239179     
 0.1141667      0.4736074E-01 
 0.1158333      0.4182974E-01 
 0.1175000      0.8962836E-01 
 0.1191667      0.1106566     
 0.1208333      0.1050180     
 0.1225000      0.9983895E-01 
 0.1241667      0.4445120E-01 
 0.1258333      0.3686097E-01 
 0.1275000      0.5324424E-01 
 0.1291667      0.1003015     
 0.1308333      0.1181868     
 0.1325000      0.6170453E-01 
 0.1341667      0.4468590E-01 
 0.1358333      0.3489986E-01 
 0.1375000      0.7801872E-01 
 0.1391667      0.6747318E-01 
 0.1408333      0.7810735E-01 
 0.1425000      0.6375646E-01 
 0.1441667      0.2293937E-01 
 0.1458333      0.4628087E-01 
 0.1475000      0.7888514E-01 
 0.1491667      0.6993552E-01 
 0.1508333      0.6374032E-01 
 0.1525000      0.4895577E-01 
 0.1541667      0.4757532E-01 
 0.1558333      0.6364199E-01 
 0.1575000      0.3801802E-01 
 0.1591667      0.2627915E-01 
 0.1608333      0.3912054E-01 
 0.1625000      0.5506057E-01 
 0.1641667      0.4741448E-01 
 0.1658333      0.2560106E-01 
