# SumMovie FRC for input stack : stack16.mrc
# Number of micrographs: 1
# Number of frames per movie: 50
# Pixel size (A): 3.0000
# 1/(A)          FRC
# -----------------------
# 
# Micrograph 1 of 1. Score: .527
 0.8333334E-03  0.9999994     
 0.2500000E-02  0.9669595     
 0.4166666E-02  0.9458917     
 0.5833333E-02  0.9108372     
 0.7499999E-02  0.8942400     
 0.9166666E-02  0.8409473     
 0.1083333E-01  0.7711465     
 0.1250000E-01  0.8781260     
 0.1416667E-01  0.9331465     
 0.1583333E-01  0.9634888     
 0.1750000E-01  0.9432199     
 0.1916667E-01  0.7635755     
 0.2083333E-01  0.7990476     
 0.2250000E-01  0.8915071     
 0.2416667E-01  0.9333820     
 0.2583333E-01  0.9240641     
 0.2750000E-01  0.8116919     
 0.2916667E-01  0.6768744     
 0.3083333E-01  0.7293880     
 0.3250000E-01  0.7744055     
 0.3416666E-01  0.6950350     
 0.3583334E-01  0.5523214     
 0.3750000E-01  0.4238819     
 0.3916667E-01  0.3583353     
 0.4083334E-01  0.2932859     
 0.4250000E-01  0.1149802     
 0.4416666E-01  0.1227483     
 0.4583333E-01  0.1075096     
 0.4750000E-01  0.1371075     
 0.4916666E-01  0.2688216     
 0.5083333E-01  0.3270358     
 0.5250000E-01  0.3539822     
 0.5416667E-01  0.3546822     
 0.5583333E-01  0.4017532     
 0.5750000E-01  0.3396193     
 0.5916666E-01  0.2607183     
 0.6083334E-01  0.1700148     
 0.6250000E-01  0.9148259E-01 
 0.6416667E-01  0.1157040     
 0.6583333E-01  0.1401706     
 0.6750000E-01  0.1857255     
 0.6916667E-01  0.2947118     
 0.7083333E-01  0.3829196     
 0.7250000E-01  0.3296988     
 0.7416667E-01  0.2653373     
 0.7583334E-01  0.1615752     
 0.7749999E-01  0.1127383     
 0.7916667E-01  0.9197350E-01 
 0.8083334E-01  0.2425363     
 0.8250000E-01  0.2418012     
 0.8416667E-01  0.3205516     
 0.8583333E-01  0.2739375     
 0.8750000E-01  0.1825986     
 0.8916666E-01  0.1174894     
 0.9083333E-01  0.9914945E-01 
 0.9250000E-01  0.1840282     
 0.9416667E-01  0.2381076     
 0.9583333E-01  0.2494559     
 0.9750000E-01  0.2029293     
 0.9916665E-01  0.1293889     
 0.1008333      0.1102842     
 0.1025000      0.1337578     
 0.1041667      0.1880743     
 0.1058333      0.2237265     
 0.1075000      0.1853351     
 0.1091667      0.1287780     
 0.1108333      0.6884410E-01 
 0.1125000      0.1539945     
 0.1141667      0.1834581     
 0.1158333      0.1730653     
 0.1175000      0.1362650     
 0.1191667      0.8805323E-01 
 0.1208333      0.1171024     
 0.1225000      0.1504214     
 0.1241667      0.1730178     
 0.1258333      0.1288443     
 0.1275000      0.9238116E-01 
 0.1291667      0.1157485     
 0.1308333      0.1382826     
 0.1325000      0.1366128     
 0.1341667      0.1119291     
 0.1358333      0.7275820E-01 
 0.1375000      0.1291311     
 0.1391667      0.1369625     
 0.1408333      0.1414203     
 0.1425000      0.9909338E-01 
 0.1441667      0.1200923     
 0.1458333      0.1203564     
 0.1475000      0.1171032     
 0.1491667      0.1229736     
 0.1508333      0.9742269E-01 
 0.1525000      0.1308332     
 0.1541667      0.1160448     
 0.1558333      0.9853450E-01 
 0.1575000      0.9578274E-01 
 0.1591667      0.1084813     
 0.1608333      0.1212297     
 0.1625000      0.7244062E-01 
 0.1641667      0.9718664E-01 
 0.1658333      0.1365435     
