# SumMovie FRC for input stack : stack1.mrc
# Number of micrographs: 1
# Number of frames per movie: 50
# Pixel size (A): 3.0000
# 1/(A)          FRC
# -----------------------
# 
# Micrograph 1 of 1. Score: .532
 0.8333334E-03  0.9999990     
 0.2500000E-02  0.9744572     
 0.4166666E-02  0.9567984     
 0.5833333E-02  0.9214212     
 0.7499999E-02  0.9031532     
 0.9166666E-02  0.7480877     
 0.1083333E-01  0.7180569     
 0.1250000E-01  0.8487374     
 0.1416667E-01  0.9161966     
 0.1583333E-01  0.9186937     
 0.1750000E-01  0.8698187     
 0.1916667E-01  0.6656382     
 0.2083333E-01  0.7540955     
 0.2250000E-01  0.8632336     
 0.2416667E-01  0.8985022     
 0.2583333E-01  0.8653376     
 0.2750000E-01  0.7307757     
 0.2916667E-01  0.6220769     
 0.3083333E-01  0.6971316     
 0.3250000E-01  0.7234682     
 0.3416666E-01  0.6702013     
 0.3583334E-01  0.5303437     
 0.3750000E-01  0.4625777     
 0.3916667E-01  0.4375578     
 0.4083334E-01  0.4416815     
 0.4250000E-01  0.3750387     
 0.4416666E-01  0.2330274     
 0.4583333E-01  0.1340504     
 0.4750000E-01  0.1768544     
 0.4916666E-01  0.8842912E-01 
 0.5083333E-01  0.6874701E-01 
 0.5250000E-01  0.7350074E-01 
 0.5416667E-01  0.1017998     
 0.5583333E-01  0.1827945     
 0.5750000E-01  0.2211216     
 0.5916666E-01  0.3156633     
 0.6083334E-01  0.3212324     
 0.6250000E-01  0.2963454     
 0.6416667E-01  0.2568045     
 0.6583333E-01  0.2486487     
 0.6750000E-01  0.1481448     
 0.6916667E-01  0.1099361     
 0.7083333E-01  0.8149717E-01 
 0.7250000E-01  0.5687459E-01 
 0.7416667E-01  0.8313788E-01 
 0.7583334E-01  0.1452806     
 0.7749999E-01  0.2229332     
 0.7916667E-01  0.2860086     
 0.8083334E-01  0.2680453     
 0.8250000E-01  0.2582761     
 0.8416667E-01  0.1855460     
 0.8583333E-01  0.1069683     
 0.8750000E-01  0.5334582E-01 
 0.8916666E-01  0.4791061E-01 
 0.9083333E-01  0.1108776     
 0.9250000E-01  0.1643896     
 0.9416667E-01  0.2163362     
 0.9583333E-01  0.2283539     
 0.9750000E-01  0.1723007     
 0.9916665E-01  0.1164502     
 0.1008333      0.6718813E-01 
 0.1025000      0.5736890E-01 
 0.1041667      0.7881954E-01 
 0.1058333      0.1435867     
 0.1075000      0.1550488     
 0.1091667      0.1551433     
 0.1108333      0.1039985     
 0.1125000      0.1285423     
 0.1141667      0.5863336E-01 
 0.1158333      0.3770883E-01 
 0.1175000      0.8385539E-01 
 0.1191667      0.1079990     
 0.1208333      0.1051969     
 0.1225000      0.1007290     
 0.1241667      0.5932537E-01 
 0.1258333      0.3649999E-01 
 0.1275000      0.5513950E-01 
 0.1291667      0.9253529E-01 
 0.1308333      0.1123036     
 0.1325000      0.6642767E-01 
 0.1341667      0.4029799E-01 
 0.1358333      0.3325595E-01 
 0.1375000      0.6610437E-01 
 0.1391667      0.7400503E-01 
 0.1408333      0.7316110E-01 
 0.1425000      0.5460212E-01 
 0.1441667      0.2060344E-01 
 0.1458333      0.4471442E-01 
 0.1475000      0.7283079E-01 
 0.1491667      0.6125417E-01 
 0.1508333      0.7122903E-01 
 0.1525000      0.4678019E-01 
 0.1541667      0.3900646E-01 
 0.1558333      0.6017438E-01 
 0.1575000      0.4602649E-01 
 0.1591667      0.1421406E-01 
 0.1608333      0.4341627E-01 
 0.1625000      0.5188720E-01 
 0.1641667      0.5177689E-01 
 0.1658333      0.1780390E-01 
