# SumMovie FRC for input stack : stack16.mrc
# Number of micrographs: 1
# Number of frames per movie: 50
# Pixel size (A): 3.0000
# 1/(A)          FRC
# -----------------------
# 
# Micrograph 1 of 1. Score: .538
 0.8333334E-03  0.9999994     
 0.2500000E-02  0.9672152     
 0.4166666E-02  0.9454474     
 0.5833333E-02  0.9120619     
 0.7499999E-02  0.8964762     
 0.9166666E-02  0.8416874     
 0.1083333E-01  0.7766396     
 0.1250000E-01  0.8839018     
 0.1416667E-01  0.9355014     
 0.1583333E-01  0.9656485     
 0.1750000E-01  0.9459316     
 0.1916667E-01  0.7765157     
 0.2083333E-01  0.8031473     
 0.2250000E-01  0.9024060     
 0.2416667E-01  0.9433402     
 0.2583333E-01  0.9341078     
 0.2750000E-01  0.8307169     
 0.2916667E-01  0.7049493     
 0.3083333E-01  0.7539474     
 0.3250000E-01  0.7966433     
 0.3416666E-01  0.7330114     
 0.3583334E-01  0.6082743     
 0.3750000E-01  0.4395953     
 0.3916667E-01  0.3795901     
 0.4083334E-01  0.2918501     
 0.4250000E-01  0.1229907     
 0.4416666E-01  0.1197938     
 0.4583333E-01  0.8430959E-01 
 0.4750000E-01  0.1484715     
 0.4916666E-01  0.2687566     
 0.5083333E-01  0.3443204     
 0.5250000E-01  0.3899258     
 0.5416667E-01  0.3821593     
 0.5583333E-01  0.4242803     
 0.5750000E-01  0.3624554     
 0.5916666E-01  0.2784739     
 0.6083334E-01  0.1860216     
 0.6250000E-01  0.8047988E-01 
 0.6416667E-01  0.1036437     
 0.6583333E-01  0.1383269     
 0.6750000E-01  0.2081154     
 0.6916667E-01  0.3154172     
 0.7083333E-01  0.4070713     
 0.7250000E-01  0.3720672     
 0.7416667E-01  0.3065054     
 0.7583334E-01  0.1818381     
 0.7749999E-01  0.1180953     
 0.7916667E-01  0.9395307E-01 
 0.8083334E-01  0.2501194     
 0.8250000E-01  0.2756929     
 0.8416667E-01  0.3605224     
 0.8583333E-01  0.3020652     
 0.8750000E-01  0.1846927     
 0.8916666E-01  0.1190131     
 0.9083333E-01  0.7735072E-01 
 0.9250000E-01  0.1862506     
 0.9416667E-01  0.2604256     
 0.9583333E-01  0.2794970     
 0.9750000E-01  0.2088727     
 0.9916665E-01  0.9603488E-01 
 0.1008333      0.5895166E-01 
 0.1025000      0.1208200     
 0.1041667      0.1913035     
 0.1058333      0.2406300     
 0.1075000      0.1798189     
 0.1091667      0.1092052     
 0.1108333      0.5592250E-01 
 0.1125000      0.1381896     
 0.1141667      0.1977117     
 0.1158333      0.1889336     
 0.1175000      0.1123312     
 0.1191667      0.4712658E-01 
 0.1208333      0.8932482E-01 
 0.1225000      0.1574376     
 0.1241667      0.1734941     
 0.1258333      0.1081843     
 0.1275000      0.6469960E-01 
 0.1291667      0.8839674E-01 
 0.1308333      0.1185505     
 0.1325000      0.1338132     
 0.1341667      0.6782171E-01 
 0.1358333      0.4533314E-01 
 0.1375000      0.1111131     
 0.1391667      0.1358653     
 0.1408333      0.9215166E-01 
 0.1425000      0.7409950E-01 
 0.1441667      0.7397751E-01 
 0.1458333      0.1127587     
 0.1475000      0.9320869E-01 
 0.1491667      0.6062967E-01 
 0.1508333      0.6830863E-01 
 0.1525000      0.9882033E-01 
 0.1541667      0.8309768E-01 
 0.1558333      0.7380468E-01 
 0.1575000      0.4377199E-01 
 0.1591667      0.8294893E-01 
 0.1608333      0.8674587E-01 
 0.1625000      0.4469536E-01 
 0.1641667      0.6286608E-01 
 0.1658333      0.1303160     
