# SumMovie FRC for input stack : stack1.mrc
# Number of micrographs: 1
# Number of frames per movie: 50
# Pixel size (A): 3.0000
# 1/(A)          FRC
# -----------------------
# 
# Micrograph 1 of 1. Score: .546
 0.8333334E-03  0.9999993     
 0.2500000E-02  0.9744611     
 0.4166666E-02  0.9570345     
 0.5833333E-02  0.9207637     
 0.7499999E-02  0.9048726     
 0.9166666E-02  0.7500873     
 0.1083333E-01  0.7274687     
 0.1250000E-01  0.8561199     
 0.1416667E-01  0.9223729     
 0.1583333E-01  0.9261913     
 0.1750000E-01  0.8740819     
 0.1916667E-01  0.6748689     
 0.2083333E-01  0.7636664     
 0.2250000E-01  0.8703940     
 0.2416667E-01  0.9034511     
 0.2583333E-01  0.8720100     
 0.2750000E-01  0.7481896     
 0.2916667E-01  0.6439001     
 0.3083333E-01  0.7089632     
 0.3250000E-01  0.7381701     
 0.3416666E-01  0.6844037     
 0.3583334E-01  0.5450670     
 0.3750000E-01  0.4817225     
 0.3916667E-01  0.4605560     
 0.4083334E-01  0.4488464     
 0.4250000E-01  0.4001079     
 0.4416666E-01  0.2572946     
 0.4583333E-01  0.1680994     
 0.4750000E-01  0.1866220     
 0.4916666E-01  0.9570833E-01 
 0.5083333E-01  0.6197881E-01 
 0.5250000E-01  0.6681945E-01 
 0.5416667E-01  0.1249192     
 0.5583333E-01  0.1868304     
 0.5750000E-01  0.2495979     
 0.5916666E-01  0.3156892     
 0.6083334E-01  0.3421266     
 0.6250000E-01  0.3277643     
 0.6416667E-01  0.2978489     
 0.6583333E-01  0.2701512     
 0.6750000E-01  0.1617409     
 0.6916667E-01  0.1326634     
 0.7083333E-01  0.8565588E-01 
 0.7250000E-01  0.6956618E-01 
 0.7416667E-01  0.1045054     
 0.7583334E-01  0.1630003     
 0.7749999E-01  0.2475589     
 0.7916667E-01  0.2985246     
 0.8083334E-01  0.2862294     
 0.8250000E-01  0.2836311     
 0.8416667E-01  0.2232785     
 0.8583333E-01  0.1229596     
 0.8750000E-01  0.6099524E-01 
 0.8916666E-01  0.3277475E-01 
 0.9083333E-01  0.1265446     
 0.9250000E-01  0.1920866     
 0.9416667E-01  0.2370363     
 0.9583333E-01  0.2460656     
 0.9750000E-01  0.1973035     
 0.9916665E-01  0.1097989     
 0.1008333      0.6553204E-01 
 0.1025000      0.4371089E-01 
 0.1041667      0.1212270     
 0.1058333      0.1536287     
 0.1075000      0.1574870     
 0.1091667      0.1709423     
 0.1108333      0.1279247     
 0.1125000      0.1248033     
 0.1141667      0.4086768E-01 
 0.1158333      0.6250603E-01 
 0.1175000      0.1073963     
 0.1191667      0.1081388     
 0.1208333      0.1110027     
 0.1225000      0.9681819E-01 
 0.1241667      0.4457514E-01 
 0.1258333      0.3822351E-01 
 0.1275000      0.5715320E-01 
 0.1291667      0.1093927     
 0.1308333      0.1221898     
 0.1325000      0.6559334E-01 
 0.1341667      0.4561477E-01 
 0.1358333      0.3079022E-01 
 0.1375000      0.1022283     
 0.1391667      0.6241635E-01 
 0.1408333      0.1057145     
 0.1425000      0.6794864E-01 
 0.1441667      0.3007923E-01 
 0.1458333      0.2912937E-01 
 0.1475000      0.7327667E-01 
 0.1491667      0.5811270E-01 
 0.1508333      0.6566973E-01 
 0.1525000      0.2943809E-01 
 0.1541667      0.5281955E-01 
 0.1558333      0.8461404E-01 
 0.1575000      0.4487900E-01 
 0.1591667      0.2233574E-01 
 0.1608333      0.2844731E-01 
 0.1625000      0.4953131E-01 
 0.1641667      0.3371374E-01 
 0.1658333      0.3252861E-01 
