# SumMovie FRC for input stack : stack16.mrc
# Number of micrographs: 1
# Number of frames per movie: 50
# Pixel size (A): 3.0000
# 1/(A)          FRC
# -----------------------
# 
# Micrograph 1 of 1. Score: .539
 0.8333334E-03  0.9999994     
 0.2500000E-02  0.9671642     
 0.4166666E-02  0.9454960     
 0.5833333E-02  0.9118336     
 0.7499999E-02  0.8962660     
 0.9166666E-02  0.8418540     
 0.1083333E-01  0.7758159     
 0.1250000E-01  0.8832082     
 0.1416667E-01  0.9353497     
 0.1583333E-01  0.9655935     
 0.1750000E-01  0.9457663     
 0.1916667E-01  0.7758124     
 0.2083333E-01  0.8035184     
 0.2250000E-01  0.9016425     
 0.2416667E-01  0.9420595     
 0.2583333E-01  0.9334144     
 0.2750000E-01  0.8297688     
 0.2916667E-01  0.7024409     
 0.3083333E-01  0.7507316     
 0.3250000E-01  0.7957937     
 0.3416666E-01  0.7300656     
 0.3583334E-01  0.6010520     
 0.3750000E-01  0.4403001     
 0.3916667E-01  0.3783692     
 0.4083334E-01  0.2942144     
 0.4250000E-01  0.1232498     
 0.4416666E-01  0.1279126     
 0.4583333E-01  0.9262428E-01 
 0.4750000E-01  0.1505552     
 0.4916666E-01  0.2710040     
 0.5083333E-01  0.3420568     
 0.5250000E-01  0.3890856     
 0.5416667E-01  0.3757853     
 0.5583333E-01  0.4213973     
 0.5750000E-01  0.3600354     
 0.5916666E-01  0.2824100     
 0.6083334E-01  0.1877091     
 0.6250000E-01  0.8719635E-01 
 0.6416667E-01  0.1111680     
 0.6583333E-01  0.1419633     
 0.6750000E-01  0.2114330     
 0.6916667E-01  0.3166954     
 0.7083333E-01  0.4068445     
 0.7250000E-01  0.3639057     
 0.7416667E-01  0.2954298     
 0.7583334E-01  0.1835271     
 0.7749999E-01  0.1164605     
 0.7916667E-01  0.9975828E-01 
 0.8083334E-01  0.2534565     
 0.8250000E-01  0.2741044     
 0.8416667E-01  0.3632141     
 0.8583333E-01  0.2971258     
 0.8750000E-01  0.1923335     
 0.8916666E-01  0.1165892     
 0.9083333E-01  0.8670607E-01 
 0.9250000E-01  0.1932430     
 0.9416667E-01  0.2591523     
 0.9583333E-01  0.2753684     
 0.9750000E-01  0.2195104     
 0.9916665E-01  0.1056271     
 0.1008333      0.7382648E-01 
 0.1025000      0.1265178     
 0.1041667      0.1877834     
 0.1058333      0.2455586     
 0.1075000      0.1903233     
 0.1091667      0.1145597     
 0.1108333      0.5415064E-01 
 0.1125000      0.1459978     
 0.1141667      0.1927185     
 0.1158333      0.1917454     
 0.1175000      0.1189865     
 0.1191667      0.5692419E-01 
 0.1208333      0.9680330E-01 
 0.1225000      0.1608467     
 0.1241667      0.1701687     
 0.1258333      0.1101168     
 0.1275000      0.7021043E-01 
 0.1291667      0.9379740E-01 
 0.1308333      0.1329176     
 0.1325000      0.1363033     
 0.1341667      0.8725500E-01 
 0.1358333      0.5809427E-01 
 0.1375000      0.1099926     
 0.1391667      0.1372171     
 0.1408333      0.1043373     
 0.1425000      0.7358866E-01 
 0.1441667      0.8607618E-01 
 0.1458333      0.1078430     
 0.1475000      0.1040618     
 0.1491667      0.7212262E-01 
 0.1508333      0.6778084E-01 
 0.1525000      0.1057835     
 0.1541667      0.9924550E-01 
 0.1558333      0.6473547E-01 
 0.1575000      0.5611645E-01 
 0.1591667      0.8973950E-01 
 0.1608333      0.1004696     
 0.1625000      0.4793121E-01 
 0.1641667      0.6495134E-01 
 0.1658333      0.1381738     
