# SumMovie FRC for input stack : stack1.mrc
# Number of micrographs: 1
# Number of frames per movie: 50
# Pixel size (A): 3.0000
# 1/(A)          FRC
# -----------------------
# 
# Micrograph 1 of 1. Score: .510
 0.8333334E-03  0.9999990     
 0.2500000E-02  0.9745042     
 0.4166666E-02  0.9567496     
 0.5833333E-02  0.9213825     
 0.7499999E-02  0.9025372     
 0.9166666E-02  0.7436842     
 0.1083333E-01  0.7116286     
 0.1250000E-01  0.8411206     
 0.1416667E-01  0.9109097     
 0.1583333E-01  0.9145038     
 0.1750000E-01  0.8603365     
 0.1916667E-01  0.6463190     
 0.2083333E-01  0.7368374     
 0.2250000E-01  0.8494175     
 0.2416667E-01  0.8866768     
 0.2583333E-01  0.8466284     
 0.2750000E-01  0.6987761     
 0.2916667E-01  0.5731667     
 0.3083333E-01  0.6644834     
 0.3250000E-01  0.6762486     
 0.3416666E-01  0.6188385     
 0.3583334E-01  0.4922199     
 0.3750000E-01  0.4323585     
 0.3916667E-01  0.3919633     
 0.4083334E-01  0.3917779     
 0.4250000E-01  0.3460020     
 0.4416666E-01  0.2166580     
 0.4583333E-01  0.1340575     
 0.4750000E-01  0.1919587     
 0.4916666E-01  0.1044789     
 0.5083333E-01  0.9520569E-01 
 0.5250000E-01  0.9315792E-01 
 0.5416667E-01  0.1115701     
 0.5583333E-01  0.1694027     
 0.5750000E-01  0.2143899     
 0.5916666E-01  0.2568872     
 0.6083334E-01  0.2864808     
 0.6250000E-01  0.2426923     
 0.6416667E-01  0.2265110     
 0.6583333E-01  0.2240232     
 0.6750000E-01  0.1370696     
 0.6916667E-01  0.1437908     
 0.7083333E-01  0.1150376     
 0.7250000E-01  0.6471673E-01 
 0.7416667E-01  0.8092450E-01 
 0.7583334E-01  0.1327693     
 0.7749999E-01  0.1841768     
 0.7916667E-01  0.2124109     
 0.8083334E-01  0.2150295     
 0.8250000E-01  0.1993444     
 0.8416667E-01  0.1523922     
 0.8583333E-01  0.9487107E-01 
 0.8750000E-01  0.5948206E-01 
 0.8916666E-01  0.1566642E-01 
 0.9083333E-01  0.8439795E-01 
 0.9250000E-01  0.1199767     
 0.9416667E-01  0.1726625     
 0.9583333E-01  0.1902826     
 0.9750000E-01  0.1498231     
 0.9916665E-01  0.8668444E-01 
 0.1008333      0.7243551E-01 
 0.1025000      0.2828941E-01 
 0.1041667      0.1061926     
 0.1058333      0.1441839     
 0.1075000      0.1464486     
 0.1091667      0.1341861     
 0.1108333      0.1105264     
 0.1125000      0.1138236     
 0.1141667      0.6492712E-01 
 0.1158333      0.4427500E-01 
 0.1175000      0.7482041E-01 
 0.1191667      0.1111096     
 0.1208333      0.8840944E-01 
 0.1225000      0.6434438E-01 
 0.1241667      0.6452826E-01 
 0.1258333      0.4191914E-01 
 0.1275000      0.2305127E-01 
 0.1291667      0.1158614     
 0.1308333      0.8316211E-01 
 0.1325000      0.7425712E-01 
 0.1341667      0.2487356E-01 
 0.1358333      0.5023811E-01 
 0.1375000      0.5775959E-01 
 0.1391667      0.7199460E-01 
 0.1408333      0.8282892E-01 
 0.1425000      0.6715468E-01 
 0.1441667      0.3554254E-01 
 0.1458333      0.4754093E-01 
 0.1475000      0.8131518E-01 
 0.1491667      0.5718664E-01 
 0.1508333      0.4627099E-01 
 0.1525000      0.3910757E-01 
 0.1541667      0.5070516E-01 
 0.1558333      0.5047463E-01 
 0.1575000      0.4839844E-01 
 0.1591667      0.1579591E-01 
 0.1608333      0.4966355E-01 
 0.1625000      0.5226055E-01 
 0.1641667      0.7284818E-01 
 0.1658333      0.4237165E-01 
