# SumMovie FRC for input stack : stack16.mrc
# Number of micrographs: 1
# Number of frames per movie: 50
# Pixel size (A): 3.0000
# 1/(A)          FRC
# -----------------------
# 
# Micrograph 1 of 1. Score: .538
 0.8333334E-03  0.9999994     
 0.2500000E-02  0.9671999     
 0.4166666E-02  0.9455876     
 0.5833333E-02  0.9118886     
 0.7499999E-02  0.8961037     
 0.9166666E-02  0.8419229     
 0.1083333E-01  0.7758535     
 0.1250000E-01  0.8831354     
 0.1416667E-01  0.9352101     
 0.1583333E-01  0.9656404     
 0.1750000E-01  0.9459025     
 0.1916667E-01  0.7754071     
 0.2083333E-01  0.8038585     
 0.2250000E-01  0.9021159     
 0.2416667E-01  0.9422436     
 0.2583333E-01  0.9335943     
 0.2750000E-01  0.8302480     
 0.2916667E-01  0.7030311     
 0.3083333E-01  0.7510209     
 0.3250000E-01  0.7961824     
 0.3416666E-01  0.7301970     
 0.3583334E-01  0.6043478     
 0.3750000E-01  0.4404045     
 0.3916667E-01  0.3770724     
 0.4083334E-01  0.2917297     
 0.4250000E-01  0.1212965     
 0.4416666E-01  0.1253162     
 0.4583333E-01  0.9000134E-01 
 0.4750000E-01  0.1489305     
 0.4916666E-01  0.2675993     
 0.5083333E-01  0.3423605     
 0.5250000E-01  0.3887820     
 0.5416667E-01  0.3760870     
 0.5583333E-01  0.4211129     
 0.5750000E-01  0.3627160     
 0.5916666E-01  0.2794837     
 0.6083334E-01  0.1909758     
 0.6250000E-01  0.8440558E-01 
 0.6416667E-01  0.1046872     
 0.6583333E-01  0.1390279     
 0.6750000E-01  0.2106142     
 0.6916667E-01  0.3171915     
 0.7083333E-01  0.4070469     
 0.7250000E-01  0.3671686     
 0.7416667E-01  0.2948934     
 0.7583334E-01  0.1839952     
 0.7749999E-01  0.1171949     
 0.7916667E-01  0.1004259     
 0.8083334E-01  0.2499582     
 0.8250000E-01  0.2746122     
 0.8416667E-01  0.3631029     
 0.8583333E-01  0.2986495     
 0.8750000E-01  0.1870809     
 0.8916666E-01  0.1186721     
 0.9083333E-01  0.8143787E-01 
 0.9250000E-01  0.1919775     
 0.9416667E-01  0.2629830     
 0.9583333E-01  0.2746702     
 0.9750000E-01  0.2161001     
 0.9916665E-01  0.9978960E-01 
 0.1008333      0.6416670E-01 
 0.1025000      0.1257341     
 0.1041667      0.1862223     
 0.1058333      0.2417656     
 0.1075000      0.1851742     
 0.1091667      0.1115538     
 0.1108333      0.4993119E-01 
 0.1125000      0.1396205     
 0.1141667      0.1915087     
 0.1158333      0.1879723     
 0.1175000      0.1111549     
 0.1191667      0.5163050E-01 
 0.1208333      0.8881358E-01 
 0.1225000      0.1573592     
 0.1241667      0.1676585     
 0.1258333      0.1065668     
 0.1275000      0.6402329E-01 
 0.1291667      0.9283212E-01 
 0.1308333      0.1302426     
 0.1325000      0.1365855     
 0.1341667      0.7610656E-01 
 0.1358333      0.5416396E-01 
 0.1375000      0.1061321     
 0.1391667      0.1376180     
 0.1408333      0.9485935E-01 
 0.1425000      0.7244735E-01 
 0.1441667      0.7340258E-01 
 0.1458333      0.1044647     
 0.1475000      0.9920238E-01 
 0.1491667      0.6465400E-01 
 0.1508333      0.6529783E-01 
 0.1525000      0.1040465     
 0.1541667      0.9418184E-01 
 0.1558333      0.6102278E-01 
 0.1575000      0.4618143E-01 
 0.1591667      0.8862671E-01 
 0.1608333      0.9267536E-01 
 0.1625000      0.4390626E-01 
 0.1641667      0.6134610E-01 
 0.1658333      0.1327163     
