# SumMovie FRC for input stack : stack11.mrc
# Number of micrographs: 1
# Number of frames per movie: 50
# Pixel size (A): 3.0000
# 1/(A)          FRC
# -----------------------
# 
# Micrograph 1 of 1. Score: .573
 0.8333334E-03  0.9999998     
 0.2500000E-02  0.8502316     
 0.4166666E-02  0.8702793     
 0.5833333E-02  0.8518847     
 0.7499999E-02  0.8574255     
 0.9166666E-02  0.7369349     
 0.1083333E-01  0.6260977     
 0.1250000E-01  0.8523687     
 0.1416667E-01  0.9142272     
 0.1583333E-01  0.9439220     
 0.1750000E-01  0.9072968     
 0.1916667E-01  0.6581923     
 0.2083333E-01  0.7398947     
 0.2250000E-01  0.8753153     
 0.2416667E-01  0.9221431     
 0.2583333E-01  0.8925927     
 0.2750000E-01  0.7430219     
 0.2916667E-01  0.6432705     
 0.3083333E-01  0.7119162     
 0.3250000E-01  0.7721551     
 0.3416666E-01  0.7216484     
 0.3583334E-01  0.5898323     
 0.3750000E-01  0.5245510     
 0.3916667E-01  0.5002121     
 0.4083334E-01  0.5176899     
 0.4250000E-01  0.4023565     
 0.4416666E-01  0.3380856     
 0.4583333E-01  0.2928503     
 0.4750000E-01  0.2198392     
 0.4916666E-01  0.1079943     
 0.5083333E-01  0.7649220E-01 
 0.5250000E-01  0.1367429     
 0.5416667E-01  0.1404234     
 0.5583333E-01  0.2211883     
 0.5750000E-01  0.2967947     
 0.5916666E-01  0.3625075     
 0.6083334E-01  0.3564731     
 0.6250000E-01  0.4035659     
 0.6416667E-01  0.3916884     
 0.6583333E-01  0.3151194     
 0.6750000E-01  0.3000840     
 0.6916667E-01  0.1899993     
 0.7083333E-01  0.1112824     
 0.7250000E-01  0.8379295E-01 
 0.7416667E-01  0.1102571     
 0.7583334E-01  0.1972799     
 0.7749999E-01  0.2690097     
 0.7916667E-01  0.3131577     
 0.8083334E-01  0.3551798     
 0.8250000E-01  0.3217099     
 0.8416667E-01  0.2970504     
 0.8583333E-01  0.2076347     
 0.8750000E-01  0.9759114E-01 
 0.8916666E-01  0.7498734E-01 
 0.9083333E-01  0.1297511     
 0.9250000E-01  0.2270862     
 0.9416667E-01  0.2883362     
 0.9583333E-01  0.3033009     
 0.9750000E-01  0.2559381     
 0.9916665E-01  0.2368736     
 0.1008333      0.1122300     
 0.1025000      0.7679810E-01 
 0.1041667      0.1350110     
 0.1058333      0.2167106     
 0.1075000      0.2245828     
 0.1091667      0.2479195     
 0.1108333      0.2088136     
 0.1125000      0.1520174     
 0.1141667      0.9605991E-01 
 0.1158333      0.9257808E-01 
 0.1175000      0.1629684     
 0.1191667      0.1920264     
 0.1208333      0.1627621     
 0.1225000      0.1479744     
 0.1241667      0.8838223E-01 
 0.1258333      0.9428434E-01 
 0.1275000      0.1060193     
 0.1291667      0.1654786     
 0.1308333      0.1693923     
 0.1325000      0.1816356     
 0.1341667      0.1065176     
 0.1358333      0.6710288E-01 
 0.1375000      0.1269492     
 0.1391667      0.1168746     
 0.1408333      0.1535456     
 0.1425000      0.1152590     
 0.1441667      0.1055710     
 0.1458333      0.9435820E-01 
 0.1475000      0.9110959E-01 
 0.1491667      0.1218540     
 0.1508333      0.1402703     
 0.1525000      0.1066513     
 0.1541667      0.9624504E-01 
 0.1558333      0.1021084     
 0.1575000      0.1398676     
 0.1591667      0.1034241     
 0.1608333      0.1059765     
 0.1625000      0.8538188E-01 
 0.1641667      0.1200480     
 0.1658333      0.1343793     
