# SumMovie FRC for input stack : stack11.mrc
# Number of micrographs: 1
# Number of frames per movie: 50
# Pixel size (A): 3.0000
# 1/(A)          FRC
# -----------------------
# 
# Micrograph 1 of 1. Score: .577
 0.8333334E-03  0.9999998     
 0.2500000E-02  0.8506390     
 0.4166666E-02  0.8709427     
 0.5833333E-02  0.8516192     
 0.7499999E-02  0.8580110     
 0.9166666E-02  0.7378484     
 0.1083333E-01  0.6257059     
 0.1250000E-01  0.8540549     
 0.1416667E-01  0.9155354     
 0.1583333E-01  0.9442045     
 0.1750000E-01  0.9083464     
 0.1916667E-01  0.6542540     
 0.2083333E-01  0.7417516     
 0.2250000E-01  0.8761277     
 0.2416667E-01  0.9249843     
 0.2583333E-01  0.8932220     
 0.2750000E-01  0.7468969     
 0.2916667E-01  0.6526810     
 0.3083333E-01  0.7210288     
 0.3250000E-01  0.7784452     
 0.3416666E-01  0.7324459     
 0.3583334E-01  0.5955097     
 0.3750000E-01  0.5333045     
 0.3916667E-01  0.5114226     
 0.4083334E-01  0.5213755     
 0.4250000E-01  0.4076023     
 0.4416666E-01  0.3419107     
 0.4583333E-01  0.3002127     
 0.4750000E-01  0.2177101     
 0.4916666E-01  0.1024963     
 0.5083333E-01  0.7572827E-01 
 0.5250000E-01  0.1384091     
 0.5416667E-01  0.1443557     
 0.5583333E-01  0.2170804     
 0.5750000E-01  0.2994909     
 0.5916666E-01  0.3852698     
 0.6083334E-01  0.3619429     
 0.6250000E-01  0.4232498     
 0.6416667E-01  0.4061155     
 0.6583333E-01  0.3274482     
 0.6750000E-01  0.3027942     
 0.6916667E-01  0.1798646     
 0.7083333E-01  0.1057001     
 0.7250000E-01  0.6190599E-01 
 0.7416667E-01  0.1079835     
 0.7583334E-01  0.2006889     
 0.7749999E-01  0.2840752     
 0.7916667E-01  0.3236988     
 0.8083334E-01  0.3795470     
 0.8250000E-01  0.3377365     
 0.8416667E-01  0.3175502     
 0.8583333E-01  0.2065986     
 0.8750000E-01  0.9994984E-01 
 0.8916666E-01  0.6553703E-01 
 0.9083333E-01  0.1326310     
 0.9250000E-01  0.2394554     
 0.9416667E-01  0.2896100     
 0.9583333E-01  0.2958457     
 0.9750000E-01  0.2673295     
 0.9916665E-01  0.2136612     
 0.1008333      0.1043904     
 0.1025000      0.3616462E-01 
 0.1041667      0.1095079     
 0.1058333      0.1849094     
 0.1075000      0.2352418     
 0.1091667      0.2326455     
 0.1108333      0.1962191     
 0.1125000      0.1280275     
 0.1141667      0.5781020E-01 
 0.1158333      0.7944205E-01 
 0.1175000      0.1362262     
 0.1191667      0.1689234     
 0.1208333      0.1609055     
 0.1225000      0.1291219     
 0.1241667      0.7240556E-01 
 0.1258333      0.5974024E-01 
 0.1275000      0.8846967E-01 
 0.1291667      0.1395350     
 0.1308333      0.1647792     
 0.1325000      0.1590273     
 0.1341667      0.8385562E-01 
 0.1358333      0.4626965E-01 
 0.1375000      0.8716053E-01 
 0.1391667      0.9707730E-01 
 0.1408333      0.1240210     
 0.1425000      0.9827094E-01 
 0.1441667      0.6596825E-01 
 0.1458333      0.4102814E-01 
 0.1475000      0.5726895E-01 
 0.1491667      0.1089224     
 0.1508333      0.9761583E-01 
 0.1525000      0.7765168E-01 
 0.1541667      0.6186436E-01 
 0.1558333      0.5950925E-01 
 0.1575000      0.1114113     
 0.1591667      0.6756327E-01 
 0.1608333      0.5822415E-01 
 0.1625000      0.5769369E-01 
 0.1641667      0.6538963E-01 
 0.1658333      0.8750870E-01 
