# SumMovie FRC for input stack : stack6.mrc
# Number of micrographs: 1
# Number of frames per movie: 50
# Pixel size (A): 3.0000
# 1/(A)          FRC
# -----------------------
# 
# Micrograph 1 of 1. Score: .557
 0.8333334E-03  0.9999998     
 0.2500000E-02  0.9512604     
 0.4166666E-02  0.9316086     
 0.5833333E-02  0.8459580     
 0.7499999E-02  0.8637923     
 0.9166666E-02  0.6694871     
 0.1083333E-01  0.6503473     
 0.1250000E-01  0.8443038     
 0.1416667E-01  0.8793830     
 0.1583333E-01  0.9283265     
 0.1750000E-01  0.8873781     
 0.1916667E-01  0.5959472     
 0.2083333E-01  0.6514667     
 0.2250000E-01  0.8176807     
 0.2416667E-01  0.8833788     
 0.2583333E-01  0.8321117     
 0.2750000E-01  0.7062009     
 0.2916667E-01  0.5948743     
 0.3083333E-01  0.6518105     
 0.3250000E-01  0.6940315     
 0.3416666E-01  0.6652768     
 0.3583334E-01  0.5531276     
 0.3750000E-01  0.4934130     
 0.3916667E-01  0.4749328     
 0.4083334E-01  0.4973941     
 0.4250000E-01  0.4137117     
 0.4416666E-01  0.3541739     
 0.4583333E-01  0.3081758     
 0.4750000E-01  0.2708524     
 0.4916666E-01  0.1944537     
 0.5083333E-01  0.1178271     
 0.5250000E-01  0.1503412     
 0.5416667E-01  0.9375621E-01 
 0.5583333E-01  0.1415200     
 0.5750000E-01  0.1269007     
 0.5916666E-01  0.1889332     
 0.6083334E-01  0.2407709     
 0.6250000E-01  0.2747031     
 0.6416667E-01  0.2980977     
 0.6583333E-01  0.2976198     
 0.6750000E-01  0.3092664     
 0.6916667E-01  0.3016841     
 0.7083333E-01  0.2417220     
 0.7250000E-01  0.2035303     
 0.7416667E-01  0.1468625     
 0.7583334E-01  0.1010775     
 0.7749999E-01  0.8190881E-01 
 0.7916667E-01  0.1142780     
 0.8083334E-01  0.1659693     
 0.8250000E-01  0.2014322     
 0.8416667E-01  0.2388042     
 0.8583333E-01  0.2668210     
 0.8750000E-01  0.2402143     
 0.8916666E-01  0.2575557     
 0.9083333E-01  0.1276035     
 0.9250000E-01  0.1377307     
 0.9416667E-01  0.9019511E-01 
 0.9583333E-01  0.1363878     
 0.9750000E-01  0.1394839     
 0.9916665E-01  0.1678625     
 0.1008333      0.1825475     
 0.1025000      0.2043175     
 0.1041667      0.1944552     
 0.1058333      0.1292661     
 0.1075000      0.1204598     
 0.1091667      0.8494592E-01 
 0.1108333      0.9347026E-01 
 0.1125000      0.1378900     
 0.1141667      0.1525767     
 0.1158333      0.2011645     
 0.1175000      0.1702260     
 0.1191667      0.1503535     
 0.1208333      0.1289360     
 0.1225000      0.9331834E-01 
 0.1241667      0.1147139     
 0.1258333      0.1153748     
 0.1275000      0.1712873     
 0.1291667      0.1555295     
 0.1308333      0.1677248     
 0.1325000      0.9440529E-01 
 0.1341667      0.8733705E-01 
 0.1358333      0.1200083     
 0.1375000      0.1154046     
 0.1391667      0.1135147     
 0.1408333      0.1444738     
 0.1425000      0.1080392     
 0.1441667      0.1078657     
 0.1458333      0.9847184E-01 
 0.1475000      0.1340017     
 0.1491667      0.1409486     
 0.1508333      0.1475038     
 0.1525000      0.1352540     
 0.1541667      0.8957428E-01 
 0.1558333      0.1202417     
 0.1575000      0.1152489     
 0.1591667      0.1408848     
 0.1608333      0.1411962     
 0.1625000      0.1098496     
 0.1641667      0.1034133     
 0.1658333      0.9543973E-01 
