# SumMovie FRC for input stack : stack1.mrc
# Number of micrographs: 1
# Number of frames per movie: 50
# Pixel size (A): 3.0000
# 1/(A)          FRC
# -----------------------
# 
# Micrograph 1 of 1. Score: .506
 0.8333334E-03  0.9999990     
 0.2500000E-02  0.9744954     
 0.4166666E-02  0.9567069     
 0.5833333E-02  0.9213621     
 0.7499999E-02  0.9023394     
 0.9166666E-02  0.7422323     
 0.1083333E-01  0.7103754     
 0.1250000E-01  0.8392361     
 0.1416667E-01  0.9093717     
 0.1583333E-01  0.9132306     
 0.1750000E-01  0.8577341     
 0.1916667E-01  0.6406174     
 0.2083333E-01  0.7323257     
 0.2250000E-01  0.8459019     
 0.2416667E-01  0.8833848     
 0.2583333E-01  0.8418417     
 0.2750000E-01  0.6911852     
 0.2916667E-01  0.5606998     
 0.3083333E-01  0.6562538     
 0.3250000E-01  0.6635116     
 0.3416666E-01  0.6066504     
 0.3583334E-01  0.4857441     
 0.3750000E-01  0.4284358     
 0.3916667E-01  0.3810920     
 0.4083334E-01  0.3788436     
 0.4250000E-01  0.3390605     
 0.4416666E-01  0.2151187     
 0.4583333E-01  0.1388987     
 0.4750000E-01  0.1894161     
 0.4916666E-01  0.1094255     
 0.5083333E-01  0.9648428E-01 
 0.5250000E-01  0.9971368E-01 
 0.5416667E-01  0.1138044     
 0.5583333E-01  0.1690791     
 0.5750000E-01  0.2182686     
 0.5916666E-01  0.2481075     
 0.6083334E-01  0.2824765     
 0.6250000E-01  0.2395606     
 0.6416667E-01  0.2337247     
 0.6583333E-01  0.2245259     
 0.6750000E-01  0.1406641     
 0.6916667E-01  0.1515880     
 0.7083333E-01  0.1222077     
 0.7250000E-01  0.7097698E-01 
 0.7416667E-01  0.8963361E-01 
 0.7583334E-01  0.1392099     
 0.7749999E-01  0.1905471     
 0.7916667E-01  0.2079726     
 0.8083334E-01  0.2106357     
 0.8250000E-01  0.2031181     
 0.8416667E-01  0.1615118     
 0.8583333E-01  0.1027082     
 0.8750000E-01  0.6171319E-01 
 0.8916666E-01  0.2374022E-01 
 0.9083333E-01  0.9758113E-01 
 0.9250000E-01  0.1260041     
 0.9416667E-01  0.1756223     
 0.9583333E-01  0.1850175     
 0.9750000E-01  0.1541321     
 0.9916665E-01  0.9544145E-01 
 0.1008333      0.8435390E-01 
 0.1025000      0.3763702E-01 
 0.1041667      0.1108586     
 0.1058333      0.1501336     
 0.1075000      0.1409289     
 0.1091667      0.1389578     
 0.1108333      0.1083876     
 0.1125000      0.1143474     
 0.1141667      0.7292597E-01 
 0.1158333      0.4735461E-01 
 0.1175000      0.7467359E-01 
 0.1191667      0.1053558     
 0.1208333      0.1000386     
 0.1225000      0.6159446E-01 
 0.1241667      0.7661169E-01 
 0.1258333      0.5014559E-01 
 0.1275000      0.3502463E-01 
 0.1291667      0.1180171     
 0.1308333      0.9248927E-01 
 0.1325000      0.8302058E-01 
 0.1341667      0.2958197E-01 
 0.1358333      0.6006305E-01 
 0.1375000      0.6550431E-01 
 0.1391667      0.7512219E-01 
 0.1408333      0.9167989E-01 
 0.1425000      0.5820994E-01 
 0.1441667      0.4049259E-01 
 0.1458333      0.6305043E-01 
 0.1475000      0.8813174E-01 
 0.1491667      0.5522354E-01 
 0.1508333      0.4969013E-01 
 0.1525000      0.3925859E-01 
 0.1541667      0.4498985E-01 
 0.1558333      0.4809058E-01 
 0.1575000      0.6161524E-01 
 0.1591667      0.2335975E-01 
 0.1608333      0.6604932E-01 
 0.1625000      0.4463226E-01 
 0.1641667      0.7002540E-01 
 0.1658333      0.4460877E-01 
