# SumMovie FRC for input stack : stack16.mrc
# Number of micrographs: 1
# Number of frames per movie: 50
# Pixel size (A): 3.0000
# 1/(A)          FRC
# -----------------------
# 
# Micrograph 1 of 1. Score: .533
 0.8333334E-03  0.9999994     
 0.2500000E-02  0.9671268     
 0.4166666E-02  0.9458819     
 0.5833333E-02  0.9114598     
 0.7499999E-02  0.8949210     
 0.9166666E-02  0.8418978     
 0.1083333E-01  0.7736923     
 0.1250000E-01  0.8803763     
 0.1416667E-01  0.9340411     
 0.1583333E-01  0.9648575     
 0.1750000E-01  0.9449282     
 0.1916667E-01  0.7695950     
 0.2083333E-01  0.8033561     
 0.2250000E-01  0.8980001     
 0.2416667E-01  0.9379427     
 0.2583333E-01  0.9296872     
 0.2750000E-01  0.8235137     
 0.2916667E-01  0.6917699     
 0.3083333E-01  0.7400917     
 0.3250000E-01  0.7883764     
 0.3416666E-01  0.7129101     
 0.3583334E-01  0.5840667     
 0.3750000E-01  0.4331406     
 0.3916667E-01  0.3633361     
 0.4083334E-01  0.2957022     
 0.4250000E-01  0.1141957     
 0.4416666E-01  0.1244836     
 0.4583333E-01  0.9958614E-01 
 0.4750000E-01  0.1359932     
 0.4916666E-01  0.2718569     
 0.5083333E-01  0.3405913     
 0.5250000E-01  0.3758042     
 0.5416667E-01  0.3686119     
 0.5583333E-01  0.4153976     
 0.5750000E-01  0.3583661     
 0.5916666E-01  0.2697213     
 0.6083334E-01  0.1901077     
 0.6250000E-01  0.8673743E-01 
 0.6416667E-01  0.1019627     
 0.6583333E-01  0.1416760     
 0.6750000E-01  0.2134112     
 0.6916667E-01  0.3136342     
 0.7083333E-01  0.4029211     
 0.7250000E-01  0.3499424     
 0.7416667E-01  0.2810211     
 0.7583334E-01  0.1756330     
 0.7749999E-01  0.1072299     
 0.7916667E-01  0.9020264E-01 
 0.8083334E-01  0.2445444     
 0.8250000E-01  0.2674935     
 0.8416667E-01  0.3479940     
 0.8583333E-01  0.2899177     
 0.8750000E-01  0.1837558     
 0.8916666E-01  0.1069661     
 0.9083333E-01  0.7489243E-01 
 0.9250000E-01  0.1806137     
 0.9416667E-01  0.2431908     
 0.9583333E-01  0.2778416     
 0.9750000E-01  0.2195477     
 0.9916665E-01  0.1051479     
 0.1008333      0.7808339E-01 
 0.1025000      0.1229674     
 0.1041667      0.1822973     
 0.1058333      0.2336956     
 0.1075000      0.1879275     
 0.1091667      0.1198599     
 0.1108333      0.4443086E-01 
 0.1125000      0.1487333     
 0.1141667      0.1801651     
 0.1158333      0.1810416     
 0.1175000      0.1157094     
 0.1191667      0.6700933E-01 
 0.1208333      0.8828028E-01 
 0.1225000      0.1524882     
 0.1241667      0.1640672     
 0.1258333      0.1153221     
 0.1275000      0.7539903E-01 
 0.1291667      0.8721131E-01 
 0.1308333      0.1430446     
 0.1325000      0.1366869     
 0.1341667      0.8941574E-01 
 0.1358333      0.5157972E-01 
 0.1375000      0.9952178E-01 
 0.1391667      0.1254474     
 0.1408333      0.1111096     
 0.1425000      0.6941669E-01 
 0.1441667      0.8626323E-01 
 0.1458333      0.1102641     
 0.1475000      0.1017733     
 0.1491667      0.8246400E-01 
 0.1508333      0.8394461E-01 
 0.1525000      0.1113138     
 0.1541667      0.9715816E-01 
 0.1558333      0.7955279E-01 
 0.1575000      0.5338847E-01 
 0.1591667      0.9376611E-01 
 0.1608333      0.9751590E-01 
 0.1625000      0.4938401E-01 
 0.1641667      0.5676634E-01 
 0.1658333      0.1371550     
