# SumMovie FRC for input stack : stack6.mrc
# Number of micrographs: 1
# Number of frames per movie: 50
# Pixel size (A): 3.0000
# 1/(A)          FRC
# -----------------------
# 
# Micrograph 1 of 1. Score: .592
 0.8333334E-03  0.9999999     
 0.2500000E-02  0.9512829     
 0.4166666E-02  0.9319634     
 0.5833333E-02  0.8475064     
 0.7499999E-02  0.8653134     
 0.9166666E-02  0.6786129     
 0.1083333E-01  0.6582808     
 0.1250000E-01  0.8499054     
 0.1416667E-01  0.8880367     
 0.1583333E-01  0.9352936     
 0.1750000E-01  0.8939753     
 0.1916667E-01  0.6006365     
 0.2083333E-01  0.6729484     
 0.2250000E-01  0.8434685     
 0.2416667E-01  0.9027532     
 0.2583333E-01  0.8573211     
 0.2750000E-01  0.7354839     
 0.2916667E-01  0.6256205     
 0.3083333E-01  0.6983613     
 0.3250000E-01  0.7291952     
 0.3416666E-01  0.7028270     
 0.3583334E-01  0.6010459     
 0.3750000E-01  0.5384573     
 0.3916667E-01  0.5312182     
 0.4083334E-01  0.5750396     
 0.4250000E-01  0.4580781     
 0.4416666E-01  0.3963803     
 0.4583333E-01  0.3648251     
 0.4750000E-01  0.3041931     
 0.4916666E-01  0.2232233     
 0.5083333E-01  0.1345441     
 0.5250000E-01  0.1172453     
 0.5416667E-01  0.6150066E-01 
 0.5583333E-01  0.9969954E-01 
 0.5750000E-01  0.1221618     
 0.5916666E-01  0.1978366     
 0.6083334E-01  0.2704886     
 0.6250000E-01  0.2908617     
 0.6416667E-01  0.3458042     
 0.6583333E-01  0.3746791     
 0.6750000E-01  0.3490455     
 0.6916667E-01  0.3460497     
 0.7083333E-01  0.2919514     
 0.7250000E-01  0.2224312     
 0.7416667E-01  0.1229326     
 0.7583334E-01  0.7770271E-01 
 0.7749999E-01  0.6673183E-01 
 0.7916667E-01  0.7838998E-01 
 0.8083334E-01  0.1852225     
 0.8250000E-01  0.2322810     
 0.8416667E-01  0.2968987     
 0.8583333E-01  0.3105925     
 0.8750000E-01  0.2918561     
 0.8916666E-01  0.2437303     
 0.9083333E-01  0.1633424     
 0.9250000E-01  0.8645353E-01 
 0.9416667E-01  0.4536717E-01 
 0.9583333E-01  0.8730286E-01 
 0.9750000E-01  0.8781503E-01 
 0.9916665E-01  0.1447995     
 0.1008333      0.2186566     
 0.1025000      0.2400825     
 0.1041667      0.1721016     
 0.1058333      0.1471561     
 0.1075000      0.8036906E-01 
 0.1091667      0.7817089E-01 
 0.1108333      0.4445103E-01 
 0.1125000      0.8886290E-01 
 0.1141667      0.1423618     
 0.1158333      0.1917543     
 0.1175000      0.1720803     
 0.1191667      0.1300498     
 0.1208333      0.4261803E-01 
 0.1225000      0.4414859E-01 
 0.1241667      0.4019094E-01 
 0.1258333      0.1050594     
 0.1275000      0.1232534     
 0.1291667      0.1265942     
 0.1308333      0.1112167     
 0.1325000      0.5614858E-01 
 0.1341667      0.4738983E-01 
 0.1358333      0.7479776E-01 
 0.1375000      0.7184353E-01 
 0.1391667      0.1027305     
 0.1408333      0.9164706E-01 
 0.1425000      0.6977108E-01 
 0.1441667      0.5736521E-01 
 0.1458333      0.4109843E-01 
 0.1475000      0.4753773E-01 
 0.1491667      0.7892329E-01 
 0.1508333      0.9421854E-01 
 0.1525000      0.6854373E-01 
 0.1541667      0.4626438E-01 
 0.1558333      0.3561012E-01 
 0.1575000      0.7425045E-01 
 0.1591667      0.8204636E-01 
 0.1608333      0.7782552E-01 
 0.1625000      0.7630389E-01 
 0.1641667      0.6373841E-01 
 0.1658333      0.2832609E-01 
