# SumMovie FRC for input stack : stack11.mrc
# Number of micrographs: 1
# Number of frames per movie: 50
# Pixel size (A): 3.0000
# 1/(A)          FRC
# -----------------------
# 
# Micrograph 1 of 1. Score: .570
 0.8333334E-03  0.9999998     
 0.2500000E-02  0.8501010     
 0.4166666E-02  0.8701859     
 0.5833333E-02  0.8519565     
 0.7499999E-02  0.8573137     
 0.9166666E-02  0.7365463     
 0.1083333E-01  0.6257961     
 0.1250000E-01  0.8518277     
 0.1416667E-01  0.9138560     
 0.1583333E-01  0.9437252     
 0.1750000E-01  0.9067914     
 0.1916667E-01  0.6585919     
 0.2083333E-01  0.7384645     
 0.2250000E-01  0.8746421     
 0.2416667E-01  0.9210699     
 0.2583333E-01  0.8917831     
 0.2750000E-01  0.7404824     
 0.2916667E-01  0.6384456     
 0.3083333E-01  0.7081268     
 0.3250000E-01  0.7692536     
 0.3416666E-01  0.7170892     
 0.3583334E-01  0.5870026     
 0.3750000E-01  0.5197720     
 0.3916667E-01  0.4952376     
 0.4083334E-01  0.5138588     
 0.4250000E-01  0.3988206     
 0.4416666E-01  0.3342132     
 0.4583333E-01  0.2860369     
 0.4750000E-01  0.2197833     
 0.4916666E-01  0.1075992     
 0.5083333E-01  0.7587089E-01 
 0.5250000E-01  0.1366045     
 0.5416667E-01  0.1363421     
 0.5583333E-01  0.2213426     
 0.5750000E-01  0.2938854     
 0.5916666E-01  0.3544987     
 0.6083334E-01  0.3520684     
 0.6250000E-01  0.3940597     
 0.6416667E-01  0.3845942     
 0.6583333E-01  0.3030007     
 0.6750000E-01  0.2944034     
 0.6916667E-01  0.1885180     
 0.7083333E-01  0.1109963     
 0.7250000E-01  0.8676796E-01 
 0.7416667E-01  0.1090832     
 0.7583334E-01  0.1942315     
 0.7749999E-01  0.2614717     
 0.7916667E-01  0.3072297     
 0.8083334E-01  0.3451808     
 0.8250000E-01  0.3140400     
 0.8416667E-01  0.2885479     
 0.8583333E-01  0.2019100     
 0.8750000E-01  0.9304427E-01 
 0.8916666E-01  0.7734664E-01 
 0.9083333E-01  0.1288102     
 0.9250000E-01  0.2176237     
 0.9416667E-01  0.2797833     
 0.9583333E-01  0.3015954     
 0.9750000E-01  0.2510025     
 0.9916665E-01  0.2316265     
 0.1008333      0.1130161     
 0.1025000      0.8368175E-01 
 0.1041667      0.1410827     
 0.1058333      0.2164415     
 0.1075000      0.2133359     
 0.1091667      0.2471085     
 0.1108333      0.2082285     
 0.1125000      0.1532197     
 0.1141667      0.1009127     
 0.1158333      0.9315655E-01 
 0.1175000      0.1641855     
 0.1191667      0.1925370     
 0.1208333      0.1644361     
 0.1225000      0.1462953     
 0.1241667      0.9253030E-01 
 0.1258333      0.1031141     
 0.1275000      0.1122170     
 0.1291667      0.1653136     
 0.1308333      0.1609539     
 0.1325000      0.1844961     
 0.1341667      0.1103222     
 0.1358333      0.7069509E-01 
 0.1375000      0.1312888     
 0.1391667      0.1153866     
 0.1408333      0.1510062     
 0.1425000      0.1151694     
 0.1441667      0.1151602     
 0.1458333      0.1024380     
 0.1475000      0.1012593     
 0.1491667      0.1184043     
 0.1508333      0.1487821     
 0.1525000      0.1078601     
 0.1541667      0.9744091E-01 
 0.1558333      0.1132835     
 0.1575000      0.1454047     
 0.1591667      0.1068197     
 0.1608333      0.1184399     
 0.1625000      0.9710035E-01 
 0.1641667      0.1249465     
 0.1658333      0.1430948     
