# SumMovie FRC for input stack : stack11.mrc
# Number of micrographs: 1
# Number of frames per movie: 50
# Pixel size (A): 3.0000
# 1/(A)          FRC
# -----------------------
# 
# Micrograph 1 of 1. Score: .577
 0.8333334E-03  0.9999998     
 0.2500000E-02  0.8506109     
 0.4166666E-02  0.8708819     
 0.5833333E-02  0.8516815     
 0.7499999E-02  0.8579177     
 0.9166666E-02  0.7377642     
 0.1083333E-01  0.6258851     
 0.1250000E-01  0.8538562     
 0.1416667E-01  0.9154085     
 0.1583333E-01  0.9442100     
 0.1750000E-01  0.9083076     
 0.1916667E-01  0.6551055     
 0.2083333E-01  0.7417853     
 0.2250000E-01  0.8761648     
 0.2416667E-01  0.9246997     
 0.2583333E-01  0.8933696     
 0.2750000E-01  0.7466631     
 0.2916667E-01  0.6519257     
 0.3083333E-01  0.7200383     
 0.3250000E-01  0.7781004     
 0.3416666E-01  0.7312881     
 0.3583334E-01  0.5953972     
 0.3750000E-01  0.5328152     
 0.3916667E-01  0.5109474     
 0.4083334E-01  0.5216841     
 0.4250000E-01  0.4073544     
 0.4416666E-01  0.3423750     
 0.4583333E-01  0.3002082     
 0.4750000E-01  0.2192665     
 0.4916666E-01  0.1041289     
 0.5083333E-01  0.7632960E-01 
 0.5250000E-01  0.1389832     
 0.5416667E-01  0.1456034     
 0.5583333E-01  0.2191810     
 0.5750000E-01  0.2998435     
 0.5916666E-01  0.3828531     
 0.6083334E-01  0.3614452     
 0.6250000E-01  0.4224441     
 0.6416667E-01  0.4056166     
 0.6583333E-01  0.3278652     
 0.6750000E-01  0.3046104     
 0.6916667E-01  0.1823563     
 0.7083333E-01  0.1061817     
 0.7250000E-01  0.6729925E-01 
 0.7416667E-01  0.1084994     
 0.7583334E-01  0.2024921     
 0.7749999E-01  0.2827661     
 0.7916667E-01  0.3223752     
 0.8083334E-01  0.3775154     
 0.8250000E-01  0.3361784     
 0.8416667E-01  0.3162633     
 0.8583333E-01  0.2096638     
 0.8750000E-01  0.1008373     
 0.8916666E-01  0.6858722E-01 
 0.9083333E-01  0.1342094     
 0.9250000E-01  0.2388725     
 0.9416667E-01  0.2919283     
 0.9583333E-01  0.2977566     
 0.9750000E-01  0.2683081     
 0.9916665E-01  0.2208807     
 0.1008333      0.1068586     
 0.1025000      0.4308286E-01 
 0.1041667      0.1145662     
 0.1058333      0.1933562     
 0.1075000      0.2376756     
 0.1091667      0.2367456     
 0.1108333      0.1986271     
 0.1125000      0.1334314     
 0.1141667      0.6514616E-01 
 0.1158333      0.8294777E-01 
 0.1175000      0.1401165     
 0.1191667      0.1752629     
 0.1208333      0.1626523     
 0.1225000      0.1316414     
 0.1241667      0.7421125E-01 
 0.1258333      0.6493277E-01 
 0.1275000      0.9214467E-01 
 0.1291667      0.1444274     
 0.1308333      0.1667714     
 0.1325000      0.1639819     
 0.1341667      0.8842618E-01 
 0.1358333      0.4882394E-01 
 0.1375000      0.9533526E-01 
 0.1391667      0.1018711     
 0.1408333      0.1288235     
 0.1425000      0.1031099     
 0.1441667      0.7061440E-01 
 0.1458333      0.4801515E-01 
 0.1475000      0.5697568E-01 
 0.1491667      0.1115367     
 0.1508333      0.1053498     
 0.1525000      0.8282513E-01 
 0.1541667      0.6600860E-01 
 0.1558333      0.6446919E-01 
 0.1575000      0.1162055     
 0.1591667      0.7067433E-01 
 0.1608333      0.6467552E-01 
 0.1625000      0.5887735E-01 
 0.1641667      0.7397209E-01 
 0.1658333      0.9485416E-01 
