# SumMovie FRC for input stack : stack11.mrc
# Number of micrographs: 1
# Number of frames per movie: 50
# Pixel size (A): 3.0000
# 1/(A)          FRC
# -----------------------
# 
# Micrograph 1 of 1. Score: .570
 0.8333334E-03  0.9999998     
 0.2500000E-02  0.8500648     
 0.4166666E-02  0.8701528     
 0.5833333E-02  0.8519657     
 0.7499999E-02  0.8572600     
 0.9166666E-02  0.7364036     
 0.1083333E-01  0.6257261     
 0.1250000E-01  0.8516662     
 0.1416667E-01  0.9137596     
 0.1583333E-01  0.9436676     
 0.1750000E-01  0.9066531     
 0.1916667E-01  0.6586372     
 0.2083333E-01  0.7380533     
 0.2250000E-01  0.8744091     
 0.2416667E-01  0.9207481     
 0.2583333E-01  0.8915286     
 0.2750000E-01  0.7397491     
 0.2916667E-01  0.6369903     
 0.3083333E-01  0.7071412     
 0.3250000E-01  0.7684495     
 0.3416666E-01  0.7158227     
 0.3583334E-01  0.5860600     
 0.3750000E-01  0.5184177     
 0.3916667E-01  0.4937847     
 0.4083334E-01  0.5127085     
 0.4250000E-01  0.3978324     
 0.4416666E-01  0.3331410     
 0.4583333E-01  0.2843082     
 0.4750000E-01  0.2197424     
 0.4916666E-01  0.1072259     
 0.5083333E-01  0.7564459E-01 
 0.5250000E-01  0.1360864     
 0.5416667E-01  0.1346226     
 0.5583333E-01  0.2211996     
 0.5750000E-01  0.2927839     
 0.5916666E-01  0.3525179     
 0.6083334E-01  0.3509215     
 0.6250000E-01  0.3913727     
 0.6416667E-01  0.3824804     
 0.6583333E-01  0.2996738     
 0.6750000E-01  0.2925172     
 0.6916667E-01  0.1878332     
 0.7083333E-01  0.1109090     
 0.7250000E-01  0.8710726E-01 
 0.7416667E-01  0.1086551     
 0.7583334E-01  0.1927973     
 0.7749999E-01  0.2596214     
 0.7916667E-01  0.3052476     
 0.8083334E-01  0.3424111     
 0.8250000E-01  0.3118384     
 0.8416667E-01  0.2864647     
 0.8583333E-01  0.2000213     
 0.8750000E-01  0.9175856E-01 
 0.8916666E-01  0.7716814E-01 
 0.9083333E-01  0.1284519     
 0.9250000E-01  0.2153291     
 0.9416667E-01  0.2772231     
 0.9583333E-01  0.3008971     
 0.9750000E-01  0.2492497     
 0.9916665E-01  0.2295296     
 0.1008333      0.1131415     
 0.1025000      0.8456157E-01 
 0.1041667      0.1420781     
 0.1058333      0.2154525     
 0.1075000      0.2098992     
 0.1091667      0.2456911     
 0.1108333      0.2076525     
 0.1125000      0.1529340     
 0.1141667      0.1014617     
 0.1158333      0.9257926E-01 
 0.1175000      0.1633327     
 0.1191667      0.1919572     
 0.1208333      0.1650783     
 0.1225000      0.1456720     
 0.1241667      0.9289833E-01 
 0.1258333      0.1041702     
 0.1275000      0.1129613     
 0.1291667      0.1649998     
 0.1308333      0.1586378     
 0.1325000      0.1845619     
 0.1341667      0.1109871     
 0.1358333      0.7120751E-01 
 0.1375000      0.1316294     
 0.1391667      0.1142764     
 0.1408333      0.1491623     
 0.1425000      0.1144645     
 0.1441667      0.1165965     
 0.1458333      0.1029796     
 0.1475000      0.1032398     
 0.1491667      0.1171453     
 0.1508333      0.1501407     
 0.1525000      0.1071639     
 0.1541667      0.9655658E-01 
 0.1558333      0.1148407     
 0.1575000      0.1460633     
 0.1591667      0.1072948     
 0.1608333      0.1199727     
 0.1625000      0.9871230E-01 
 0.1641667      0.1245066     
 0.1658333      0.1451077     
