# SumMovie FRC for input stack : stack16.mrc
# Number of micrographs: 1
# Number of frames per movie: 50
# Pixel size (A): 3.0000
# 1/(A)          FRC
# -----------------------
# 
# Micrograph 1 of 1. Score: .531
 0.8333334E-03  0.9999994     
 0.2500000E-02  0.9670690     
 0.4166666E-02  0.9459330     
 0.5833333E-02  0.9112141     
 0.7499999E-02  0.8945287     
 0.9166666E-02  0.8415497     
 0.1083333E-01  0.7726212     
 0.1250000E-01  0.8793967     
 0.1416667E-01  0.9336756     
 0.1583333E-01  0.9642953     
 0.1750000E-01  0.9443188     
 0.1916667E-01  0.7670960     
 0.2083333E-01  0.8019579     
 0.2250000E-01  0.8955818     
 0.2416667E-01  0.9363239     
 0.2583333E-01  0.9277439     
 0.2750000E-01  0.8193073     
 0.2916667E-01  0.6863237     
 0.3083333E-01  0.7364932     
 0.3250000E-01  0.7831645     
 0.3416666E-01  0.7052379     
 0.3583334E-01  0.5724568     
 0.3750000E-01  0.4292017     
 0.3916667E-01  0.3599694     
 0.4083334E-01  0.2973182     
 0.4250000E-01  0.1123556     
 0.4416666E-01  0.1228674     
 0.4583333E-01  0.1023047     
 0.4750000E-01  0.1349560     
 0.4916666E-01  0.2725025     
 0.5083333E-01  0.3381137     
 0.5250000E-01  0.3689451     
 0.5416667E-01  0.3653122     
 0.5583333E-01  0.4133708     
 0.5750000E-01  0.3543119     
 0.5916666E-01  0.2674745     
 0.6083334E-01  0.1841643     
 0.6250000E-01  0.9012190E-01 
 0.6416667E-01  0.1056244     
 0.6583333E-01  0.1435122     
 0.6750000E-01  0.2037920     
 0.6916667E-01  0.3089411     
 0.7083333E-01  0.4022722     
 0.7250000E-01  0.3419513     
 0.7416667E-01  0.2794066     
 0.7583334E-01  0.1700537     
 0.7749999E-01  0.1088631     
 0.7916667E-01  0.9294049E-01 
 0.8083334E-01  0.2483197     
 0.8250000E-01  0.2623934     
 0.8416667E-01  0.3398149     
 0.8583333E-01  0.2880156     
 0.8750000E-01  0.1862618     
 0.8916666E-01  0.1123321     
 0.9083333E-01  0.8743206E-01 
 0.9250000E-01  0.1797633     
 0.9416667E-01  0.2447456     
 0.9583333E-01  0.2695429     
 0.9750000E-01  0.2149829     
 0.9916665E-01  0.1139465     
 0.1008333      0.8618814E-01 
 0.1025000      0.1276410     
 0.1041667      0.1883108     
 0.1058333      0.2353751     
 0.1075000      0.1896224     
 0.1091667      0.1269940     
 0.1108333      0.5670859E-01 
 0.1125000      0.1496154     
 0.1141667      0.1779293     
 0.1158333      0.1746592     
 0.1175000      0.1180161     
 0.1191667      0.8611376E-01 
 0.1208333      0.9951092E-01 
 0.1225000      0.1465564     
 0.1241667      0.1616640     
 0.1258333      0.1206086     
 0.1275000      0.7898635E-01 
 0.1291667      0.8954185E-01 
 0.1308333      0.1399468     
 0.1325000      0.1343400     
 0.1341667      0.9670763E-01 
 0.1358333      0.4910045E-01 
 0.1375000      0.1023106     
 0.1391667      0.1280656     
 0.1408333      0.1189489     
 0.1425000      0.7440436E-01 
 0.1441667      0.9742606E-01 
 0.1458333      0.1137120     
 0.1475000      0.1063769     
 0.1491667      0.9288465E-01 
 0.1508333      0.9284119E-01 
 0.1525000      0.1045403     
 0.1541667      0.9314539E-01 
 0.1558333      0.7901243E-01 
 0.1575000      0.6811403E-01 
 0.1591667      0.9976929E-01 
 0.1608333      0.1013635     
 0.1625000      0.6050462E-01 
 0.1641667      0.6921944E-01 
 0.1658333      0.1393408     
