# SumMovie FRC for input stack : stack16.mrc
# Number of micrographs: 1
# Number of frames per movie: 50
# Pixel size (A): 3.0000
# 1/(A)          FRC
# -----------------------
# 
# Micrograph 1 of 1. Score: .529
 0.8333334E-03  0.9999994     
 0.2500000E-02  0.9670198     
 0.4166666E-02  0.9459336     
 0.5833333E-02  0.9110280     
 0.7499999E-02  0.8943484     
 0.9166666E-02  0.8412337     
 0.1083333E-01  0.7718462     
 0.1250000E-01  0.8787825     
 0.1416667E-01  0.9334258     
 0.1583333E-01  0.9638773     
 0.1750000E-01  0.9437902     
 0.1916667E-01  0.7654182     
 0.2083333E-01  0.8005422     
 0.2250000E-01  0.8935784     
 0.2416667E-01  0.9349633     
 0.2583333E-01  0.9260624     
 0.2750000E-01  0.8157539     
 0.2916667E-01  0.6816919     
 0.3083333E-01  0.7333176     
 0.3250000E-01  0.7789171     
 0.3416666E-01  0.7002438     
 0.3583334E-01  0.5627448     
 0.3750000E-01  0.4269438     
 0.3916667E-01  0.3590770     
 0.4083334E-01  0.2966859     
 0.4250000E-01  0.1133354     
 0.4416666E-01  0.1226291     
 0.4583333E-01  0.1044881     
 0.4750000E-01  0.1360622     
 0.4916666E-01  0.2716513     
 0.5083333E-01  0.3336477     
 0.5250000E-01  0.3629204     
 0.5416667E-01  0.3604353     
 0.5583333E-01  0.4086285     
 0.5750000E-01  0.3484656     
 0.5916666E-01  0.2652889     
 0.6083334E-01  0.1791993     
 0.6250000E-01  0.9101637E-01 
 0.6416667E-01  0.1102837     
 0.6583333E-01  0.1426916     
 0.6750000E-01  0.1954968     
 0.6916667E-01  0.3032939     
 0.7083333E-01  0.3957228     
 0.7250000E-01  0.3361927     
 0.7416667E-01  0.2739500     
 0.7583334E-01  0.1657939     
 0.7749999E-01  0.1116932     
 0.7916667E-01  0.9360544E-01 
 0.8083334E-01  0.2476546     
 0.8250000E-01  0.2537540     
 0.8416667E-01  0.3313224     
 0.8583333E-01  0.2826762     
 0.8750000E-01  0.1855168     
 0.8916666E-01  0.1161489     
 0.9083333E-01  0.9627362E-01 
 0.9250000E-01  0.1816723     
 0.9416667E-01  0.2422681     
 0.9583333E-01  0.2610356     
 0.9750000E-01  0.2096717     
 0.9916665E-01  0.1229127     
 0.1008333      0.9859571E-01 
 0.1025000      0.1328437     
 0.1041667      0.1903027     
 0.1058333      0.2314792     
 0.1075000      0.1878988     
 0.1091667      0.1302438     
 0.1108333      0.6603721E-01 
 0.1125000      0.1518267     
 0.1141667      0.1807105     
 0.1158333      0.1717515     
 0.1175000      0.1300017     
 0.1191667      0.9136065E-01 
 0.1208333      0.1109644     
 0.1225000      0.1482584     
 0.1241667      0.1666197     
 0.1258333      0.1283358     
 0.1275000      0.8572372E-01 
 0.1291667      0.1010803     
 0.1308333      0.1396448     
 0.1325000      0.1343714     
 0.1341667      0.1049675     
 0.1358333      0.5756303E-01 
 0.1375000      0.1137930     
 0.1391667      0.1321128     
 0.1408333      0.1278545     
 0.1425000      0.8348668E-01 
 0.1441667      0.1102992     
 0.1458333      0.1178828     
 0.1475000      0.1113136     
 0.1491667      0.1122123     
 0.1508333      0.9861296E-01 
 0.1525000      0.1145866     
 0.1541667      0.1067144     
 0.1558333      0.8476372E-01 
 0.1575000      0.8585901E-01 
 0.1591667      0.1067485     
 0.1608333      0.1076859     
 0.1625000      0.6614513E-01 
 0.1641667      0.8617608E-01 
 0.1658333      0.1367060     
