# SumMovie FRC for input stack : stack1.mrc
# Number of micrographs: 1
# Number of frames per movie: 50
# Pixel size (A): 3.0000
# 1/(A)          FRC
# -----------------------
# 
# Micrograph 1 of 1. Score: .546
 0.8333334E-03  0.9999993     
 0.2500000E-02  0.9744551     
 0.4166666E-02  0.9570100     
 0.5833333E-02  0.9206069     
 0.7499999E-02  0.9049240     
 0.9166666E-02  0.7494527     
 0.1083333E-01  0.7274602     
 0.1250000E-01  0.8559206     
 0.1416667E-01  0.9222933     
 0.1583333E-01  0.9262851     
 0.1750000E-01  0.8738647     
 0.1916667E-01  0.6747641     
 0.2083333E-01  0.7638727     
 0.2250000E-01  0.8705234     
 0.2416667E-01  0.9031907     
 0.2583333E-01  0.8718156     
 0.2750000E-01  0.7472022     
 0.2916667E-01  0.6439545     
 0.3083333E-01  0.7085561     
 0.3250000E-01  0.7375365     
 0.3416666E-01  0.6836896     
 0.3583334E-01  0.5451615     
 0.3750000E-01  0.4831868     
 0.3916667E-01  0.4605261     
 0.4083334E-01  0.4485552     
 0.4250000E-01  0.3995785     
 0.4416666E-01  0.2596583     
 0.4583333E-01  0.1699784     
 0.4750000E-01  0.1883759     
 0.4916666E-01  0.9522041E-01 
 0.5083333E-01  0.6304868E-01 
 0.5250000E-01  0.6805875E-01 
 0.5416667E-01  0.1272553     
 0.5583333E-01  0.1851052     
 0.5750000E-01  0.2524705     
 0.5916666E-01  0.3163066     
 0.6083334E-01  0.3424883     
 0.6250000E-01  0.3272067     
 0.6416667E-01  0.2997229     
 0.6583333E-01  0.2720787     
 0.6750000E-01  0.1615149     
 0.6916667E-01  0.1349423     
 0.7083333E-01  0.8727036E-01 
 0.7250000E-01  0.6903310E-01 
 0.7416667E-01  0.1089132     
 0.7583334E-01  0.1680475     
 0.7749999E-01  0.2454709     
 0.7916667E-01  0.2972917     
 0.8083334E-01  0.2899809     
 0.8250000E-01  0.2845463     
 0.8416667E-01  0.2290809     
 0.8583333E-01  0.1241462     
 0.8750000E-01  0.6111587E-01 
 0.8916666E-01  0.3161773E-01 
 0.9083333E-01  0.1323021     
 0.9250000E-01  0.1979932     
 0.9416667E-01  0.2371665     
 0.9583333E-01  0.2511201     
 0.9750000E-01  0.1961471     
 0.9916665E-01  0.1099454     
 0.1008333      0.6935009E-01 
 0.1025000      0.4708996E-01 
 0.1041667      0.1193893     
 0.1058333      0.1547443     
 0.1075000      0.1615596     
 0.1091667      0.1761284     
 0.1108333      0.1329946     
 0.1125000      0.1242410     
 0.1141667      0.3723893E-01 
 0.1158333      0.6590438E-01 
 0.1175000      0.1078837     
 0.1191667      0.1131838     
 0.1208333      0.1157384     
 0.1225000      0.1031755     
 0.1241667      0.4887890E-01 
 0.1258333      0.4201630E-01 
 0.1275000      0.5888318E-01 
 0.1291667      0.1183503     
 0.1308333      0.1210063     
 0.1325000      0.7051482E-01 
 0.1341667      0.4955932E-01 
 0.1358333      0.2345360E-01 
 0.1375000      0.1036072     
 0.1391667      0.7000133E-01 
 0.1408333      0.1099541     
 0.1425000      0.6109096E-01 
 0.1441667      0.3903681E-01 
 0.1458333      0.3017815E-01 
 0.1475000      0.7547545E-01 
 0.1491667      0.5883950E-01 
 0.1508333      0.6561591E-01 
 0.1525000      0.2377100E-01 
 0.1541667      0.5873255E-01 
 0.1558333      0.8272250E-01 
 0.1575000      0.4387691E-01 
 0.1591667      0.2211942E-01 
 0.1608333      0.3956738E-01 
 0.1625000      0.4802719E-01 
 0.1641667      0.3658060E-01 
 0.1658333      0.2848643E-01 
