# SumMovie FRC for input stack : stack11.mrc
# Number of micrographs: 1
# Number of frames per movie: 50
# Pixel size (A): 3.0000
# 1/(A)          FRC
# -----------------------
# 
# Micrograph 1 of 1. Score: .572
 0.8333334E-03  0.9999998     
 0.2500000E-02  0.8501611     
 0.4166666E-02  0.8702958     
 0.5833333E-02  0.8519554     
 0.7499999E-02  0.8573958     
 0.9166666E-02  0.7367166     
 0.1083333E-01  0.6257834     
 0.1250000E-01  0.8520832     
 0.1416667E-01  0.9140386     
 0.1583333E-01  0.9438065     
 0.1750000E-01  0.9070337     
 0.1916667E-01  0.6583885     
 0.2083333E-01  0.7389714     
 0.2250000E-01  0.8749804     
 0.2416667E-01  0.9215804     
 0.2583333E-01  0.8921440     
 0.2750000E-01  0.7414387     
 0.2916667E-01  0.6405363     
 0.3083333E-01  0.7097805     
 0.3250000E-01  0.7705125     
 0.3416666E-01  0.7190434     
 0.3583334E-01  0.5885419     
 0.3750000E-01  0.5216801     
 0.3916667E-01  0.4976003     
 0.4083334E-01  0.5157407     
 0.4250000E-01  0.4004904     
 0.4416666E-01  0.3359560     
 0.4583333E-01  0.2885294     
 0.4750000E-01  0.2206068     
 0.4916666E-01  0.1081323     
 0.5083333E-01  0.7620524E-01 
 0.5250000E-01  0.1371828     
 0.5416667E-01  0.1384058     
 0.5583333E-01  0.2219787     
 0.5750000E-01  0.2959711     
 0.5916666E-01  0.3578331     
 0.6083334E-01  0.3539030     
 0.6250000E-01  0.3986686     
 0.6416667E-01  0.3879813     
 0.6583333E-01  0.3072456     
 0.6750000E-01  0.2971129     
 0.6916667E-01  0.1890504     
 0.7083333E-01  0.1116094     
 0.7250000E-01  0.8543664E-01 
 0.7416667E-01  0.1095021     
 0.7583334E-01  0.1964962     
 0.7749999E-01  0.2642131     
 0.7916667E-01  0.3100176     
 0.8083334E-01  0.3497911     
 0.8250000E-01  0.3177996     
 0.8416667E-01  0.2925120     
 0.8583333E-01  0.2043422     
 0.8750000E-01  0.9513668E-01 
 0.8916666E-01  0.7835539E-01 
 0.9083333E-01  0.1298474     
 0.9250000E-01  0.2206580     
 0.9416667E-01  0.2834495     
 0.9583333E-01  0.3024824     
 0.9750000E-01  0.2546229     
 0.9916665E-01  0.2334298     
 0.1008333      0.1128939     
 0.1025000      0.8152817E-01 
 0.1041667      0.1393782     
 0.1058333      0.2175143     
 0.1075000      0.2182784     
 0.1091667      0.2481607     
 0.1108333      0.2084997     
 0.1125000      0.1527910     
 0.1141667      0.9897356E-01 
 0.1158333      0.9381379E-01 
 0.1175000      0.1647677     
 0.1191667      0.1930384     
 0.1208333      0.1643086     
 0.1225000      0.1461019     
 0.1241667      0.9148391E-01 
 0.1258333      0.1010330     
 0.1275000      0.1113527     
 0.1291667      0.1651090     
 0.1308333      0.1635797     
 0.1325000      0.1834753     
 0.1341667      0.1096463     
 0.1358333      0.6912151E-01 
 0.1375000      0.1303740     
 0.1391667      0.1150674     
 0.1408333      0.1525811     
 0.1425000      0.1162012     
 0.1441667      0.1128192     
 0.1458333      0.1001167     
 0.1475000      0.9722339E-01 
 0.1491667      0.1200801     
 0.1508333      0.1465610     
 0.1525000      0.1081685     
 0.1541667      0.9639267E-01 
 0.1558333      0.1096043     
 0.1575000      0.1439741     
 0.1591667      0.1044892     
 0.1608333      0.1152206     
 0.1625000      0.9320873E-01 
 0.1641667      0.1233893     
 0.1658333      0.1392729     
