# SumMovie FRC for input stack : stack16.mrc
# Number of micrographs: 1
# Number of frames per movie: 50
# Pixel size (A): 3.0000
# 1/(A)          FRC
# -----------------------
# 
# Micrograph 1 of 1. Score: .527
 0.8333334E-03  0.9999994     
 0.2500000E-02  0.9669598     
 0.4166666E-02  0.9458920     
 0.5833333E-02  0.9108385     
 0.7499999E-02  0.8942409     
 0.9166666E-02  0.8409485     
 0.1083333E-01  0.7711494     
 0.1250000E-01  0.8781309     
 0.1416667E-01  0.9331483     
 0.1583333E-01  0.9634899     
 0.1750000E-01  0.9432237     
 0.1916667E-01  0.7635861     
 0.2083333E-01  0.7990586     
 0.2250000E-01  0.8915210     
 0.2416667E-01  0.9333923     
 0.2583333E-01  0.9240789     
 0.2750000E-01  0.8117201     
 0.2916667E-01  0.6769072     
 0.3083333E-01  0.7294117     
 0.3250000E-01  0.7744355     
 0.3416666E-01  0.6950642     
 0.3583334E-01  0.5523832     
 0.3750000E-01  0.4238953     
 0.3916667E-01  0.3583376     
 0.4083334E-01  0.2933134     
 0.4250000E-01  0.1149647     
 0.4416666E-01  0.1227533     
 0.4583333E-01  0.1074947     
 0.4750000E-01  0.1371055     
 0.4916666E-01  0.2688405     
 0.5083333E-01  0.3270806     
 0.5250000E-01  0.3540302     
 0.5416667E-01  0.3547123     
 0.5583333E-01  0.4017940     
 0.5750000E-01  0.3396750     
 0.5916666E-01  0.2607526     
 0.6083334E-01  0.1700662     
 0.6250000E-01  0.9148259E-01 
 0.6416667E-01  0.1156565     
 0.6583333E-01  0.1401893     
 0.6750000E-01  0.1857877     
 0.6916667E-01  0.2947688     
 0.7083333E-01  0.3829996     
 0.7250000E-01  0.3297445     
 0.7416667E-01  0.2653964     
 0.7583334E-01  0.1615980     
 0.7749999E-01  0.1127480     
 0.7916667E-01  0.9200792E-01 
 0.8083334E-01  0.2425842     
 0.8250000E-01  0.2418845     
 0.8416667E-01  0.3206297     
 0.8583333E-01  0.2739851     
 0.8750000E-01  0.1826266     
 0.8916666E-01  0.1174702     
 0.9083333E-01  0.9916314E-01 
 0.9250000E-01  0.1840103     
 0.9416667E-01  0.2381443     
 0.9583333E-01  0.2495322     
 0.9750000E-01  0.2029812     
 0.9916665E-01  0.1293572     
 0.1008333      0.1102227     
 0.1025000      0.1337718     
 0.1041667      0.1881072     
 0.1058333      0.2237954     
 0.1075000      0.1853657     
 0.1091667      0.1287959     
 0.1108333      0.6883436E-01 
 0.1125000      0.1539922     
 0.1141667      0.1834607     
 0.1158333      0.1730358     
 0.1175000      0.1362513     
 0.1191667      0.8809948E-01 
 0.1208333      0.1170812     
 0.1225000      0.1504277     
 0.1241667      0.1729832     
 0.1258333      0.1288726     
 0.1275000      0.9239889E-01 
 0.1291667      0.1156671     
 0.1308333      0.1383292     
 0.1325000      0.1366184     
 0.1341667      0.1119021     
 0.1358333      0.7268278E-01 
 0.1375000      0.1290322     
 0.1391667      0.1369330     
 0.1408333      0.1413435     
 0.1425000      0.9900185E-01 
 0.1441667      0.1200460     
 0.1458333      0.1203507     
 0.1475000      0.1170418     
 0.1491667      0.1229611     
 0.1508333      0.9745480E-01 
 0.1525000      0.1307259     
 0.1541667      0.1160232     
 0.1558333      0.9848858E-01 
 0.1575000      0.9575503E-01 
 0.1591667      0.1084905     
 0.1608333      0.1211777     
 0.1625000      0.7240433E-01 
 0.1641667      0.9715346E-01 
 0.1658333      0.1365539     
