# SumMovie FRC for input stack : stack16.mrc
# Number of micrographs: 1
# Number of frames per movie: 50
# Pixel size (A): 3.0000
# 1/(A)          FRC
# -----------------------
# 
# Micrograph 1 of 1. Score: .530
 0.8333334E-03  0.9999994     
 0.2500000E-02  0.9670514     
 0.4166666E-02  0.9459296     
 0.5833333E-02  0.9111524     
 0.7499999E-02  0.8944634     
 0.9166666E-02  0.8414760     
 0.1083333E-01  0.7723581     
 0.1250000E-01  0.8791616     
 0.1416667E-01  0.9335904     
 0.1583333E-01  0.9641565     
 0.1750000E-01  0.9441310     
 0.1916667E-01  0.7665022     
 0.2083333E-01  0.8014975     
 0.2250000E-01  0.8948478     
 0.2416667E-01  0.9358321     
 0.2583333E-01  0.9271227     
 0.2750000E-01  0.8180572     
 0.2916667E-01  0.6848091     
 0.3083333E-01  0.7352688     
 0.3250000E-01  0.7817777     
 0.3416666E-01  0.7035046     
 0.3583334E-01  0.5689763     
 0.3750000E-01  0.4284073     
 0.3916667E-01  0.3599570     
 0.4083334E-01  0.2971500     
 0.4250000E-01  0.1128184     
 0.4416666E-01  0.1228875     
 0.4583333E-01  0.1033394     
 0.4750000E-01  0.1353795     
 0.4916666E-01  0.2725246     
 0.5083333E-01  0.3367743     
 0.5250000E-01  0.3668470     
 0.5416667E-01  0.3640820     
 0.5583333E-01  0.4121188     
 0.5750000E-01  0.3524163     
 0.5916666E-01  0.2669057     
 0.6083334E-01  0.1819824     
 0.6250000E-01  0.9043822E-01 
 0.6416667E-01  0.1082674     
 0.6583333E-01  0.1438511     
 0.6750000E-01  0.2011134     
 0.6916667E-01  0.3072020     
 0.7083333E-01  0.4002005     
 0.7250000E-01  0.3400335     
 0.7416667E-01  0.2779801     
 0.7583334E-01  0.1691171     
 0.7749999E-01  0.1095750     
 0.7916667E-01  0.9307296E-01 
 0.8083334E-01  0.2486194     
 0.8250000E-01  0.2595682     
 0.8416667E-01  0.3371861     
 0.8583333E-01  0.2864214     
 0.8750000E-01  0.1864842     
 0.8916666E-01  0.1139719     
 0.9083333E-01  0.9162869E-01 
 0.9250000E-01  0.1807959     
 0.9416667E-01  0.2452652     
 0.9583333E-01  0.2668532     
 0.9750000E-01  0.2136077     
 0.9916665E-01  0.1173658     
 0.1008333      0.9169460E-01 
 0.1025000      0.1302282     
 0.1041667      0.1896157     
 0.1058333      0.2350815     
 0.1075000      0.1898522     
 0.1091667      0.1285388     
 0.1108333      0.6115998E-01 
 0.1125000      0.1506924     
 0.1141667      0.1795243     
 0.1158333      0.1739046     
 0.1175000      0.1229001     
 0.1191667      0.8907560E-01 
 0.1208333      0.1045242     
 0.1225000      0.1474511     
 0.1241667      0.1646177     
 0.1258333      0.1229990     
 0.1275000      0.8192839E-01 
 0.1291667      0.9346689E-01 
 0.1308333      0.1392703     
 0.1325000      0.1342058     
 0.1341667      0.1005362     
 0.1358333      0.5240620E-01 
 0.1375000      0.1056764     
 0.1391667      0.1305332     
 0.1408333      0.1232765     
 0.1425000      0.7793821E-01 
 0.1441667      0.1034792     
 0.1458333      0.1156833     
 0.1475000      0.1089115     
 0.1491667      0.9998760E-01 
 0.1508333      0.9617026E-01 
 0.1525000      0.1076153     
 0.1541667      0.9880812E-01 
 0.1558333      0.8010510E-01 
 0.1575000      0.7614231E-01 
 0.1591667      0.1038530     
 0.1608333      0.1043618     
 0.1625000      0.6471346E-01 
 0.1641667      0.7704149E-01 
 0.1658333      0.1385947     
