# SumMovie FRC for input stack : stack11.mrc
# Number of micrographs: 1
# Number of frames per movie: 50
# Pixel size (A): 3.0000
# 1/(A)          FRC
# -----------------------
# 
# Micrograph 1 of 1. Score: .576
 0.8333334E-03  0.9999998     
 0.2500000E-02  0.8504735     
 0.4166666E-02  0.8706143     
 0.5833333E-02  0.8517815     
 0.7499999E-02  0.8577160     
 0.9166666E-02  0.7375212     
 0.1083333E-01  0.6261643     
 0.1250000E-01  0.8532559     
 0.1416667E-01  0.9149516     
 0.1583333E-01  0.9441337     
 0.1750000E-01  0.9079445     
 0.1916667E-01  0.6568290     
 0.2083333E-01  0.7413033     
 0.2250000E-01  0.8760937     
 0.2416667E-01  0.9237537     
 0.2583333E-01  0.8933840     
 0.2750000E-01  0.7457119     
 0.2916667E-01  0.6493808     
 0.3083333E-01  0.7167909     
 0.3250000E-01  0.7759500     
 0.3416666E-01  0.7280805     
 0.3583334E-01  0.5939771     
 0.3750000E-01  0.5302634     
 0.3916667E-01  0.5073640     
 0.4083334E-01  0.5204962     
 0.4250000E-01  0.4059438     
 0.4416666E-01  0.3421848     
 0.4583333E-01  0.2986917     
 0.4750000E-01  0.2194729     
 0.4916666E-01  0.1074142     
 0.5083333E-01  0.7660064E-01 
 0.5250000E-01  0.1373533     
 0.5416667E-01  0.1446716     
 0.5583333E-01  0.2212806     
 0.5750000E-01  0.3002533     
 0.5916666E-01  0.3752008     
 0.6083334E-01  0.3605065     
 0.6250000E-01  0.4165207     
 0.6416667E-01  0.4017492     
 0.6583333E-01  0.3265971     
 0.6750000E-01  0.3049676     
 0.6916667E-01  0.1873875     
 0.7083333E-01  0.1083280     
 0.7250000E-01  0.7553132E-01 
 0.7416667E-01  0.1105777     
 0.7583334E-01  0.2009566     
 0.7749999E-01  0.2792989     
 0.7916667E-01  0.3205664     
 0.8083334E-01  0.3704632     
 0.8250000E-01  0.3315380     
 0.8416667E-01  0.3090121     
 0.8583333E-01  0.2113038     
 0.8750000E-01  0.1013401     
 0.8916666E-01  0.7225129E-01 
 0.9083333E-01  0.1335942     
 0.9250000E-01  0.2346752     
 0.9416667E-01  0.2941778     
 0.9583333E-01  0.3038221     
 0.9750000E-01  0.2657710     
 0.9916665E-01  0.2318304     
 0.1008333      0.1106309     
 0.1025000      0.5827008E-01 
 0.1041667      0.1226986     
 0.1058333      0.2072387     
 0.1075000      0.2368597     
 0.1091667      0.2425656     
 0.1108333      0.2045879     
 0.1125000      0.1437682     
 0.1141667      0.7943413E-01 
 0.1158333      0.8876973E-01 
 0.1175000      0.1526183     
 0.1191667      0.1850992     
 0.1208333      0.1631960     
 0.1225000      0.1417036     
 0.1241667      0.7940498E-01 
 0.1258333      0.7816114E-01 
 0.1275000      0.9748432E-01 
 0.1291667      0.1538406     
 0.1308333      0.1716711     
 0.1325000      0.1740562     
 0.1341667      0.9604434E-01 
 0.1358333      0.5654700E-01 
 0.1375000      0.1100165     
 0.1391667      0.1112639     
 0.1408333      0.1434397     
 0.1425000      0.1111421     
 0.1441667      0.8424272E-01 
 0.1458333      0.6811328E-01 
 0.1475000      0.6730143E-01 
 0.1491667      0.1204506     
 0.1508333      0.1195197     
 0.1525000      0.9482445E-01 
 0.1541667      0.8136056E-01 
 0.1558333      0.7848545E-01 
 0.1575000      0.1262940     
 0.1591667      0.8666638E-01 
 0.1608333      0.7970802E-01 
 0.1625000      0.6527804E-01 
 0.1641667      0.9339805E-01 
 0.1658333      0.1122369     
