# SumMovie FRC for input stack : stack1.mrc
# Number of micrographs: 1
# Number of frames per movie: 50
# Pixel size (A): 3.0000
# 1/(A)          FRC
# -----------------------
# 
# Micrograph 1 of 1. Score: .514
 0.8333334E-03  0.9999990     
 0.2500000E-02  0.9745051     
 0.4166666E-02  0.9567686     
 0.5833333E-02  0.9214032     
 0.7499999E-02  0.9026644     
 0.9166666E-02  0.7446043     
 0.1083333E-01  0.7126769     
 0.1250000E-01  0.8424765     
 0.1416667E-01  0.9119332     
 0.1583333E-01  0.9153405     
 0.1750000E-01  0.8621063     
 0.1916667E-01  0.6501659     
 0.2083333E-01  0.7400552     
 0.2250000E-01  0.8519925     
 0.2416667E-01  0.8889068     
 0.2583333E-01  0.8500432     
 0.2750000E-01  0.7041868     
 0.2916667E-01  0.5816116     
 0.3083333E-01  0.6702482     
 0.3250000E-01  0.6850784     
 0.3416666E-01  0.6283744     
 0.3583334E-01  0.4982858     
 0.3750000E-01  0.4361758     
 0.3916667E-01  0.3998847     
 0.4083334E-01  0.4005727     
 0.4250000E-01  0.3510050     
 0.4416666E-01  0.2182794     
 0.4583333E-01  0.1307831     
 0.4750000E-01  0.1917751     
 0.4916666E-01  0.9991046E-01 
 0.5083333E-01  0.9347401E-01 
 0.5250000E-01  0.8785963E-01 
 0.5416667E-01  0.1089405     
 0.5583333E-01  0.1698753     
 0.5750000E-01  0.2113532     
 0.5916666E-01  0.2641740     
 0.6083334E-01  0.2900676     
 0.6250000E-01  0.2465552     
 0.6416667E-01  0.2233523     
 0.6583333E-01  0.2235736     
 0.6750000E-01  0.1352429     
 0.6916667E-01  0.1365811     
 0.7083333E-01  0.1094204     
 0.7250000E-01  0.6077040E-01 
 0.7416667E-01  0.7457413E-01 
 0.7583334E-01  0.1301768     
 0.7749999E-01  0.1805844     
 0.7916667E-01  0.2184101     
 0.8083334E-01  0.2198015     
 0.8250000E-01  0.1988373     
 0.8416667E-01  0.1465347     
 0.8583333E-01  0.9056351E-01 
 0.8750000E-01  0.6019211E-01 
 0.8916666E-01  0.1382690E-01 
 0.9083333E-01  0.7848814E-01 
 0.9250000E-01  0.1187116     
 0.9416667E-01  0.1723039     
 0.9583333E-01  0.1949152     
 0.9750000E-01  0.1464928     
 0.9916665E-01  0.8495057E-01 
 0.1008333      0.6597251E-01 
 0.1025000      0.2409773E-01 
 0.1041667      0.9818003E-01 
 0.1058333      0.1406391     
 0.1075000      0.1528033     
 0.1091667      0.1332629     
 0.1108333      0.1145491     
 0.1125000      0.1137379     
 0.1141667      0.6051788E-01 
 0.1158333      0.4337414E-01 
 0.1175000      0.7973081E-01 
 0.1191667      0.1131036     
 0.1208333      0.8231883E-01 
 0.1225000      0.7174502E-01 
 0.1241667      0.5961271E-01 
 0.1258333      0.3986789E-01 
 0.1275000      0.2260860E-01 
 0.1291667      0.1165400     
 0.1308333      0.7814913E-01 
 0.1325000      0.6810957E-01 
 0.1341667      0.2774638E-01 
 0.1358333      0.4268214E-01 
 0.1375000      0.5467030E-01 
 0.1391667      0.7122299E-01 
 0.1408333      0.8034576E-01 
 0.1425000      0.7024349E-01 
 0.1441667      0.3823411E-01 
 0.1458333      0.4192930E-01 
 0.1475000      0.7680860E-01 
 0.1491667      0.6086018E-01 
 0.1508333      0.5140508E-01 
 0.1525000      0.3815616E-01 
 0.1541667      0.5672495E-01 
 0.1558333      0.5746424E-01 
 0.1575000      0.4228307E-01 
 0.1591667      0.1842098E-01 
 0.1608333      0.4033260E-01 
 0.1625000      0.5686136E-01 
 0.1641667      0.7075356E-01 
 0.1658333      0.4233111E-01 
