# SumMovie FRC for input stack : stack1.mrc
# Number of micrographs: 1
# Number of frames per movie: 50
# Pixel size (A): 3.0000
# 1/(A)          FRC
# -----------------------
# 
# Micrograph 1 of 1. Score: .546
 0.8333334E-03  0.9999993     
 0.2500000E-02  0.9744589     
 0.4166666E-02  0.9570438     
 0.5833333E-02  0.9207573     
 0.7499999E-02  0.9049074     
 0.9166666E-02  0.7499027     
 0.1083333E-01  0.7273667     
 0.1250000E-01  0.8560104     
 0.1416667E-01  0.9223763     
 0.1583333E-01  0.9260702     
 0.1750000E-01  0.8740570     
 0.1916667E-01  0.6745133     
 0.2083333E-01  0.7638384     
 0.2250000E-01  0.8705528     
 0.2416667E-01  0.9034173     
 0.2583333E-01  0.8720398     
 0.2750000E-01  0.7480814     
 0.2916667E-01  0.6436717     
 0.3083333E-01  0.7089193     
 0.3250000E-01  0.7384356     
 0.3416666E-01  0.6847755     
 0.3583334E-01  0.5456598     
 0.3750000E-01  0.4825580     
 0.3916667E-01  0.4601971     
 0.4083334E-01  0.4491903     
 0.4250000E-01  0.3995924     
 0.4416666E-01  0.2569467     
 0.4583333E-01  0.1681325     
 0.4750000E-01  0.1867539     
 0.4916666E-01  0.9530846E-01 
 0.5083333E-01  0.6188763E-01 
 0.5250000E-01  0.6804223E-01 
 0.5416667E-01  0.1244816     
 0.5583333E-01  0.1869290     
 0.5750000E-01  0.2510285     
 0.5916666E-01  0.3166668     
 0.6083334E-01  0.3433691     
 0.6250000E-01  0.3286319     
 0.6416667E-01  0.2988295     
 0.6583333E-01  0.2716531     
 0.6750000E-01  0.1616055     
 0.6916667E-01  0.1329762     
 0.7083333E-01  0.8648758E-01 
 0.7250000E-01  0.6857030E-01 
 0.7416667E-01  0.1048120     
 0.7583334E-01  0.1637528     
 0.7749999E-01  0.2477152     
 0.7916667E-01  0.2984438     
 0.8083334E-01  0.2873681     
 0.8250000E-01  0.2854643     
 0.8416667E-01  0.2246827     
 0.8583333E-01  0.1233436     
 0.8750000E-01  0.6078875E-01 
 0.8916666E-01  0.3361379E-01 
 0.9083333E-01  0.1283420     
 0.9250000E-01  0.1944951     
 0.9416667E-01  0.2371203     
 0.9583333E-01  0.2473943     
 0.9750000E-01  0.1966949     
 0.9916665E-01  0.1100975     
 0.1008333      0.6694044E-01 
 0.1025000      0.4400545E-01 
 0.1041667      0.1211731     
 0.1058333      0.1546704     
 0.1075000      0.1571267     
 0.1091667      0.1733485     
 0.1108333      0.1295710     
 0.1125000      0.1262452     
 0.1141667      0.4208227E-01 
 0.1158333      0.6311008E-01 
 0.1175000      0.1068027     
 0.1191667      0.1099445     
 0.1208333      0.1117010     
 0.1225000      0.9694543E-01 
 0.1241667      0.4575593E-01 
 0.1258333      0.3889615E-01 
 0.1275000      0.5808569E-01 
 0.1291667      0.1122754     
 0.1308333      0.1232234     
 0.1325000      0.6734539E-01 
 0.1341667      0.4550077E-01 
 0.1358333      0.2950209E-01 
 0.1375000      0.1024578     
 0.1391667      0.6523757E-01 
 0.1408333      0.1051333     
 0.1425000      0.6856138E-01 
 0.1441667      0.3285756E-01 
 0.1458333      0.3242275E-01 
 0.1475000      0.7479379E-01 
 0.1491667      0.6045236E-01 
 0.1508333      0.6628975E-01 
 0.1525000      0.3037528E-01 
 0.1541667      0.5530702E-01 
 0.1558333      0.8287573E-01 
 0.1575000      0.4554372E-01 
 0.1591667      0.2177962E-01 
 0.1608333      0.3312433E-01 
 0.1625000      0.5132340E-01 
 0.1641667      0.3433423E-01 
 0.1658333      0.3073346E-01 
