# SumMovie FRC for input stack : stack1.mrc
# Number of micrographs: 1
# Number of frames per movie: 50
# Pixel size (A): 3.0000
# 1/(A)          FRC
# -----------------------
# 
# Micrograph 1 of 1. Score: .516
 0.8333334E-03  0.9999990     
 0.2500000E-02  0.9745065     
 0.4166666E-02  0.9567899     
 0.5833333E-02  0.9214071     
 0.7499999E-02  0.9027528     
 0.9166666E-02  0.7452102     
 0.1083333E-01  0.7133743     
 0.1250000E-01  0.8434075     
 0.1416667E-01  0.9126334     
 0.1583333E-01  0.9159093     
 0.1750000E-01  0.8633140     
 0.1916667E-01  0.6528468     
 0.2083333E-01  0.7422249     
 0.2250000E-01  0.8537437     
 0.2416667E-01  0.8904511     
 0.2583333E-01  0.8523567     
 0.2750000E-01  0.7080086     
 0.2916667E-01  0.5877401     
 0.3083333E-01  0.6744533     
 0.3250000E-01  0.6912928     
 0.3416666E-01  0.6349885     
 0.3583334E-01  0.5027002     
 0.3750000E-01  0.4391873     
 0.3916667E-01  0.4055452     
 0.4083334E-01  0.4069247     
 0.4250000E-01  0.3544291     
 0.4416666E-01  0.2192700     
 0.4583333E-01  0.1289717     
 0.4750000E-01  0.1912249     
 0.4916666E-01  0.9682212E-01 
 0.5083333E-01  0.9184556E-01 
 0.5250000E-01  0.8448914E-01 
 0.5416667E-01  0.1072470     
 0.5583333E-01  0.1708563     
 0.5750000E-01  0.2094195     
 0.5916666E-01  0.2703134     
 0.6083334E-01  0.2929851     
 0.6250000E-01  0.2503941     
 0.6416667E-01  0.2223437     
 0.6583333E-01  0.2241513     
 0.6750000E-01  0.1344413     
 0.6916667E-01  0.1306963     
 0.7083333E-01  0.1054039     
 0.7250000E-01  0.5847054E-01 
 0.7416667E-01  0.7133346E-01 
 0.7583334E-01  0.1292131     
 0.7749999E-01  0.1800780     
 0.7916667E-01  0.2245898     
 0.8083334E-01  0.2242341     
 0.8250000E-01  0.2011365     
 0.8416667E-01  0.1434189     
 0.8583333E-01  0.8866850E-01 
 0.8750000E-01  0.6114096E-01 
 0.8916666E-01  0.1555519E-01 
 0.9083333E-01  0.7636400E-01 
 0.9250000E-01  0.1201025     
 0.9416667E-01  0.1740437     
 0.9583333E-01  0.1989996     
 0.9750000E-01  0.1454065     
 0.9916665E-01  0.8537093E-01 
 0.1008333      0.6270415E-01 
 0.1025000      0.2338694E-01 
 0.1041667      0.9111270E-01 
 0.1058333      0.1398852     
 0.1075000      0.1574835     
 0.1091667      0.1336328     
 0.1108333      0.1162525     
 0.1125000      0.1140909     
 0.1141667      0.5842851E-01 
 0.1158333      0.4324729E-01 
 0.1175000      0.8341711E-01 
 0.1191667      0.1132232     
 0.1208333      0.8004983E-01 
 0.1225000      0.7806294E-01 
 0.1241667      0.5910113E-01 
 0.1258333      0.3971173E-01 
 0.1275000      0.2534940E-01 
 0.1291667      0.1157016     
 0.1308333      0.7578838E-01 
 0.1325000      0.6316938E-01 
 0.1341667      0.3149379E-01 
 0.1358333      0.3658075E-01 
 0.1375000      0.5328072E-01 
 0.1391667      0.7206781E-01 
 0.1408333      0.7999345E-01 
 0.1425000      0.6830115E-01 
 0.1441667      0.4010185E-01 
 0.1458333      0.4015018E-01 
 0.1475000      0.7379320E-01 
 0.1491667      0.6226140E-01 
 0.1508333      0.5756893E-01 
 0.1525000      0.3578268E-01 
 0.1541667      0.5737821E-01 
 0.1558333      0.6436728E-01 
 0.1575000      0.4009578E-01 
 0.1591667      0.2141287E-01 
 0.1608333      0.3569607E-01 
 0.1625000      0.5918016E-01 
 0.1641667      0.6624970E-01 
 0.1658333      0.4068702E-01 
