# SumMovie FRC for input stack : stack6.mrc
# Number of micrographs: 1
# Number of frames per movie: 50
# Pixel size (A): 3.0000
# 1/(A)          FRC
# -----------------------
# 
# Micrograph 1 of 1. Score: .573
 0.8333334E-03  0.9999999     
 0.2500000E-02  0.9513438     
 0.4166666E-02  0.9316565     
 0.5833333E-02  0.8461486     
 0.7499999E-02  0.8648723     
 0.9166666E-02  0.6723218     
 0.1083333E-01  0.6539342     
 0.1250000E-01  0.8457186     
 0.1416667E-01  0.8826227     
 0.1583333E-01  0.9307138     
 0.1750000E-01  0.8903286     
 0.1916667E-01  0.5998330     
 0.2083333E-01  0.6595948     
 0.2250000E-01  0.8267419     
 0.2416667E-01  0.8902522     
 0.2583333E-01  0.8419940     
 0.2750000E-01  0.7185606     
 0.2916667E-01  0.6118563     
 0.3083333E-01  0.6713805     
 0.3250000E-01  0.7145312     
 0.3416666E-01  0.6809381     
 0.3583334E-01  0.5719760     
 0.3750000E-01  0.5188537     
 0.3916667E-01  0.5017717     
 0.4083334E-01  0.5328398     
 0.4250000E-01  0.4331319     
 0.4416666E-01  0.3663507     
 0.4583333E-01  0.3334216     
 0.4750000E-01  0.2833604     
 0.4916666E-01  0.2107991     
 0.5083333E-01  0.1186647     
 0.5250000E-01  0.1439518     
 0.5416667E-01  0.9063388E-01 
 0.5583333E-01  0.1308642     
 0.5750000E-01  0.1297619     
 0.5916666E-01  0.2071754     
 0.6083334E-01  0.2668053     
 0.6250000E-01  0.2872872     
 0.6416667E-01  0.3274205     
 0.6583333E-01  0.3257873     
 0.6750000E-01  0.3318603     
 0.6916667E-01  0.3153434     
 0.7083333E-01  0.2657704     
 0.7250000E-01  0.2125485     
 0.7416667E-01  0.1449330     
 0.7583334E-01  0.1023802     
 0.7749999E-01  0.8941645E-01 
 0.7916667E-01  0.9664717E-01 
 0.8083334E-01  0.1714784     
 0.8250000E-01  0.2100424     
 0.8416667E-01  0.2654319     
 0.8583333E-01  0.2845241     
 0.8750000E-01  0.2618104     
 0.8916666E-01  0.2542667     
 0.9083333E-01  0.1316307     
 0.9250000E-01  0.1290967     
 0.9416667E-01  0.8598335E-01 
 0.9583333E-01  0.1291852     
 0.9750000E-01  0.1302681     
 0.9916665E-01  0.1676484     
 0.1008333      0.1900830     
 0.1025000      0.2097884     
 0.1041667      0.1974117     
 0.1058333      0.1435764     
 0.1075000      0.1085910     
 0.1091667      0.5761883E-01 
 0.1108333      0.8318748E-01 
 0.1125000      0.1387238     
 0.1141667      0.1726804     
 0.1158333      0.1961083     
 0.1175000      0.1600270     
 0.1191667      0.1410798     
 0.1208333      0.9870502E-01 
 0.1225000      0.7217547E-01 
 0.1241667      0.9556552E-01 
 0.1258333      0.9963871E-01 
 0.1275000      0.1510904     
 0.1291667      0.1398388     
 0.1308333      0.1382999     
 0.1325000      0.6704850E-01 
 0.1341667      0.5715315E-01 
 0.1358333      0.1138796     
 0.1375000      0.9342968E-01 
 0.1391667      0.9734070E-01 
 0.1408333      0.1212546     
 0.1425000      0.1051042     
 0.1441667      0.8235062E-01 
 0.1458333      0.8315786E-01 
 0.1475000      0.9254733E-01 
 0.1491667      0.1202434     
 0.1508333      0.1300045     
 0.1525000      0.1023098     
 0.1541667      0.6759851E-01 
 0.1558333      0.9675875E-01 
 0.1575000      0.8680036E-01 
 0.1591667      0.1000878     
 0.1608333      0.1214568     
 0.1625000      0.8981440E-01 
 0.1641667      0.8406870E-01 
 0.1658333      0.6290832E-01 
