# SumMovie FRC for input stack : stack11.mrc
# Number of micrographs: 1
# Number of frames per movie: 50
# Pixel size (A): 3.0000
# 1/(A)          FRC
# -----------------------
# 
# Micrograph 1 of 1. Score: .568
 0.8333334E-03  0.9999998     
 0.2500000E-02  0.8499860     
 0.4166666E-02  0.8700498     
 0.5833333E-02  0.8519397     
 0.7499999E-02  0.8571622     
 0.9166666E-02  0.7361680     
 0.1083333E-01  0.6257074     
 0.1250000E-01  0.8513803     
 0.1416667E-01  0.9135787     
 0.1583333E-01  0.9435782     
 0.1750000E-01  0.9064298     
 0.1916667E-01  0.6586792     
 0.2083333E-01  0.7374727     
 0.2250000E-01  0.8739981     
 0.2416667E-01  0.9202123     
 0.2583333E-01  0.8910980     
 0.2750000E-01  0.7387118     
 0.2916667E-01  0.6348572     
 0.3083333E-01  0.7055997     
 0.3250000E-01  0.7671189     
 0.3416666E-01  0.7139618     
 0.3583334E-01  0.5843831     
 0.3750000E-01  0.5164066     
 0.3916667E-01  0.4912461     
 0.4083334E-01  0.5106629     
 0.4250000E-01  0.3960451     
 0.4416666E-01  0.3311324     
 0.4583333E-01  0.2817146     
 0.4750000E-01  0.2187597     
 0.4916666E-01  0.1064238     
 0.5083333E-01  0.7504160E-01 
 0.5250000E-01  0.1350117     
 0.5416667E-01  0.1318080     
 0.5583333E-01  0.2202162     
 0.5750000E-01  0.2903916     
 0.5916666E-01  0.3491778     
 0.6083334E-01  0.3489354     
 0.6250000E-01  0.3861792     
 0.6416667E-01  0.3788801     
 0.6583333E-01  0.2951839     
 0.6750000E-01  0.2892437     
 0.6916667E-01  0.1868230     
 0.7083333E-01  0.1102057     
 0.7250000E-01  0.8760910E-01 
 0.7416667E-01  0.1078188     
 0.7583334E-01  0.1903347     
 0.7749999E-01  0.2566132     
 0.7916667E-01  0.3022266     
 0.8083334E-01  0.3378066     
 0.8250000E-01  0.3083182     
 0.8416667E-01  0.2830694     
 0.8583333E-01  0.1971657     
 0.8750000E-01  0.8971715E-01 
 0.8916666E-01  0.7599737E-01 
 0.9083333E-01  0.1272709     
 0.9250000E-01  0.2125438     
 0.9416667E-01  0.2730058     
 0.9583333E-01  0.2993965     
 0.9750000E-01  0.2454812     
 0.9916665E-01  0.2264051     
 0.1008333      0.1135577     
 0.1025000      0.8519632E-01 
 0.1041667      0.1431627     
 0.1058333      0.2130958     
 0.1075000      0.2042258     
 0.1091667      0.2430979     
 0.1108333      0.2063414     
 0.1125000      0.1528911     
 0.1141667      0.1019519     
 0.1158333      0.9104963E-01 
 0.1175000      0.1614230     
 0.1191667      0.1906824     
 0.1208333      0.1653185     
 0.1225000      0.1448864     
 0.1241667      0.9257159E-01 
 0.1258333      0.1048512     
 0.1275000      0.1127421     
 0.1291667      0.1645466     
 0.1308333      0.1559331     
 0.1325000      0.1840030     
 0.1341667      0.1107444     
 0.1358333      0.7228984E-01 
 0.1375000      0.1313468     
 0.1391667      0.1134802     
 0.1408333      0.1451083     
 0.1425000      0.1126060     
 0.1441667      0.1173675     
 0.1458333      0.1034580     
 0.1475000      0.1059193     
 0.1491667      0.1148736     
 0.1508333      0.1508837     
 0.1525000      0.1056136     
 0.1541667      0.9518957E-01 
 0.1558333      0.1159439     
 0.1575000      0.1460606     
 0.1591667      0.1076943     
 0.1608333      0.1200840     
 0.1625000      0.9997315E-01 
 0.1641667      0.1232644     
 0.1658333      0.1474712     
