# SumMovie FRC for input stack : stack16.mrc
# Number of micrographs: 1
# Number of frames per movie: 50
# Pixel size (A): 3.0000
# 1/(A)          FRC
# -----------------------
# 
# Micrograph 1 of 1. Score: .528
 0.8333334E-03  0.9999994     
 0.2500000E-02  0.9669848     
 0.4166666E-02  0.9459094     
 0.5833333E-02  0.9109262     
 0.7499999E-02  0.8942940     
 0.9166666E-02  0.8410669     
 0.1083333E-01  0.7714363     
 0.1250000E-01  0.8783783     
 0.1416667E-01  0.9332612     
 0.1583333E-01  0.9636405     
 0.1750000E-01  0.9434484     
 0.1916667E-01  0.7643434     
 0.2083333E-01  0.7996985     
 0.2250000E-01  0.8923702     
 0.2416667E-01  0.9340311     
 0.2583333E-01  0.9249047     
 0.2750000E-01  0.8133906     
 0.2916667E-01  0.6790133     
 0.3083333E-01  0.7310091     
 0.3250000E-01  0.7763203     
 0.3416666E-01  0.6971310     
 0.3583334E-01  0.5566226     
 0.3750000E-01  0.4250550     
 0.3916667E-01  0.3590636     
 0.4083334E-01  0.2949472     
 0.4250000E-01  0.1143936     
 0.4416666E-01  0.1228187     
 0.4583333E-01  0.1064132     
 0.4750000E-01  0.1368944     
 0.4916666E-01  0.2701327     
 0.5083333E-01  0.3299772     
 0.5250000E-01  0.3580025     
 0.5416667E-01  0.3571354     
 0.5583333E-01  0.4048646     
 0.5750000E-01  0.3435045     
 0.5916666E-01  0.2627374     
 0.6083334E-01  0.1739683     
 0.6250000E-01  0.9098943E-01 
 0.6416667E-01  0.1136060     
 0.6583333E-01  0.1416459     
 0.6750000E-01  0.1898161     
 0.6916667E-01  0.2984965     
 0.7083333E-01  0.3885918     
 0.7250000E-01  0.3322231     
 0.7416667E-01  0.2691115     
 0.7583334E-01  0.1636978     
 0.7749999E-01  0.1123703     
 0.7916667E-01  0.9267376E-01 
 0.8083334E-01  0.2452964     
 0.8250000E-01  0.2470116     
 0.8416667E-01  0.3256894     
 0.8583333E-01  0.2777025     
 0.8750000E-01  0.1842062     
 0.8916666E-01  0.1169614     
 0.9083333E-01  0.9881171E-01 
 0.9250000E-01  0.1836591     
 0.9416667E-01  0.2399414     
 0.9583333E-01  0.2545217     
 0.9750000E-01  0.2056444     
 0.9916665E-01  0.1269868     
 0.1008333      0.1062236     
 0.1025000      0.1339603     
 0.1041667      0.1897705     
 0.1058333      0.2278163     
 0.1075000      0.1869216     
 0.1091667      0.1301742     
 0.1108333      0.6865764E-01 
 0.1125000      0.1532209     
 0.1141667      0.1830766     
 0.1158333      0.1723101     
 0.1175000      0.1355752     
 0.1191667      0.9064392E-01 
 0.1208333      0.1153836     
 0.1225000      0.1498444     
 0.1241667      0.1711079     
 0.1258333      0.1294633     
 0.1275000      0.9044564E-01 
 0.1291667      0.1102179     
 0.1308333      0.1393175     
 0.1325000      0.1359923     
 0.1341667      0.1098527     
 0.1358333      0.6728898E-01 
 0.1375000      0.1231319     
 0.1391667      0.1350755     
 0.1408333      0.1365252     
 0.1425000      0.9310163E-01 
 0.1441667      0.1176585     
 0.1458333      0.1198342     
 0.1475000      0.1147318     
 0.1491667      0.1203959     
 0.1508333      0.9891465E-01 
 0.1525000      0.1244501     
 0.1541667      0.1136702     
 0.1558333      0.9390306E-01 
 0.1575000      0.9280796E-01 
 0.1591667      0.1084932     
 0.1608333      0.1156650     
 0.1625000      0.7097827E-01 
 0.1641667      0.9363591E-01 
 0.1658333      0.1369604     
