# SumMovie FRC for input stack : stack6.mrc
# Number of micrographs: 1
# Number of frames per movie: 50
# Pixel size (A): 3.0000
# 1/(A)          FRC
# -----------------------
# 
# Micrograph 1 of 1. Score: .591
 0.8333334E-03  0.9999999     
 0.2500000E-02  0.9513257     
 0.4166666E-02  0.9319734     
 0.5833333E-02  0.8473697     
 0.7499999E-02  0.8654063     
 0.9166666E-02  0.6792634     
 0.1083333E-01  0.6591372     
 0.1250000E-01  0.8496788     
 0.1416667E-01  0.8879651     
 0.1583333E-01  0.9352502     
 0.1750000E-01  0.8941674     
 0.1916667E-01  0.5999202     
 0.2083333E-01  0.6726876     
 0.2250000E-01  0.8424952     
 0.2416667E-01  0.9028450     
 0.2583333E-01  0.8565145     
 0.2750000E-01  0.7345268     
 0.2916667E-01  0.6251007     
 0.3083333E-01  0.6976052     
 0.3250000E-01  0.7288888     
 0.3416666E-01  0.7022012     
 0.3583334E-01  0.5998378     
 0.3750000E-01  0.5394208     
 0.3916667E-01  0.5307203     
 0.4083334E-01  0.5732658     
 0.4250000E-01  0.4558438     
 0.4416666E-01  0.3940905     
 0.4583333E-01  0.3614400     
 0.4750000E-01  0.3000073     
 0.4916666E-01  0.2247895     
 0.5083333E-01  0.1334370     
 0.5250000E-01  0.1143024     
 0.5416667E-01  0.6181360E-01 
 0.5583333E-01  0.9588591E-01 
 0.5750000E-01  0.1219741     
 0.5916666E-01  0.1968020     
 0.6083334E-01  0.2683930     
 0.6250000E-01  0.2892851     
 0.6416667E-01  0.3443626     
 0.6583333E-01  0.3759457     
 0.6750000E-01  0.3504985     
 0.6916667E-01  0.3464260     
 0.7083333E-01  0.2870759     
 0.7250000E-01  0.2205200     
 0.7416667E-01  0.1243606     
 0.7583334E-01  0.8082766E-01 
 0.7749999E-01  0.6476767E-01 
 0.7916667E-01  0.7865735E-01 
 0.8083334E-01  0.1857084     
 0.8250000E-01  0.2297358     
 0.8416667E-01  0.3006689     
 0.8583333E-01  0.3114791     
 0.8750000E-01  0.2914118     
 0.8916666E-01  0.2418351     
 0.9083333E-01  0.1642768     
 0.9250000E-01  0.8201824E-01 
 0.9416667E-01  0.4900923E-01 
 0.9583333E-01  0.8350857E-01 
 0.9750000E-01  0.8793380E-01 
 0.9916665E-01  0.1449234     
 0.1008333      0.2149839     
 0.1025000      0.2338639     
 0.1041667      0.1746644     
 0.1058333      0.1469357     
 0.1075000      0.8159347E-01 
 0.1091667      0.7109044E-01 
 0.1108333      0.4262193E-01 
 0.1125000      0.8723487E-01 
 0.1141667      0.1401215     
 0.1158333      0.1936737     
 0.1175000      0.1765600     
 0.1191667      0.1333296     
 0.1208333      0.3886405E-01 
 0.1225000      0.4373807E-01 
 0.1241667      0.4266078E-01 
 0.1258333      0.1045229     
 0.1275000      0.1207213     
 0.1291667      0.1337227     
 0.1308333      0.1087309     
 0.1325000      0.6422237E-01 
 0.1341667      0.5689486E-01 
 0.1358333      0.7876410E-01 
 0.1375000      0.6878925E-01 
 0.1391667      0.1102590     
 0.1408333      0.9146859E-01 
 0.1425000      0.7701209E-01 
 0.1441667      0.5888350E-01 
 0.1458333      0.4349658E-01 
 0.1475000      0.5149569E-01 
 0.1491667      0.7875936E-01 
 0.1508333      0.9252484E-01 
 0.1525000      0.6644950E-01 
 0.1541667      0.5036404E-01 
 0.1558333      0.3790568E-01 
 0.1575000      0.7442390E-01 
 0.1591667      0.8134668E-01 
 0.1608333      0.7591388E-01 
 0.1625000      0.7822385E-01 
 0.1641667      0.4780102E-01 
 0.1658333      0.2892143E-01 
