# SumMovie FRC for input stack : stack11.mrc
# Number of micrographs: 1
# Number of frames per movie: 50
# Pixel size (A): 3.0000
# 1/(A)          FRC
# -----------------------
# 
# Micrograph 1 of 1. Score: .572
 0.8333334E-03  0.9999998     
 0.2500000E-02  0.8501571     
 0.4166666E-02  0.8702887     
 0.5833333E-02  0.8519543     
 0.7499999E-02  0.8573883     
 0.9166666E-02  0.7367060     
 0.1083333E-01  0.6257923     
 0.1250000E-01  0.8520690     
 0.1416667E-01  0.9140289     
 0.1583333E-01  0.9438019     
 0.1750000E-01  0.9070223     
 0.1916667E-01  0.6583976     
 0.2083333E-01  0.7389476     
 0.2250000E-01  0.8749607     
 0.2416667E-01  0.9215508     
 0.2583333E-01  0.8921257     
 0.2750000E-01  0.7413875     
 0.2916667E-01  0.6404261     
 0.3083333E-01  0.7096979     
 0.3250000E-01  0.7704439     
 0.3416666E-01  0.7189398     
 0.3583334E-01  0.5884418     
 0.3750000E-01  0.5215808     
 0.3916667E-01  0.4974733     
 0.4083334E-01  0.5156335     
 0.4250000E-01  0.4004159     
 0.4416666E-01  0.3358777     
 0.4583333E-01  0.2884351     
 0.4750000E-01  0.2205678     
 0.4916666E-01  0.1080833     
 0.5083333E-01  0.7618131E-01 
 0.5250000E-01  0.1371192     
 0.5416667E-01  0.1382594     
 0.5583333E-01  0.2219521     
 0.5750000E-01  0.2958482     
 0.5916666E-01  0.3576539     
 0.6083334E-01  0.3538211     
 0.6250000E-01  0.3984021     
 0.6416667E-01  0.3877998     
 0.6583333E-01  0.3070494     
 0.6750000E-01  0.2969823     
 0.6916667E-01  0.1890343     
 0.7083333E-01  0.1115926     
 0.7250000E-01  0.8549127E-01 
 0.7416667E-01  0.1094847     
 0.7583334E-01  0.1963505     
 0.7749999E-01  0.2641046     
 0.7916667E-01  0.3098693     
 0.8083334E-01  0.3495135     
 0.8250000E-01  0.3176128     
 0.8416667E-01  0.2923193     
 0.8583333E-01  0.2042482     
 0.8750000E-01  0.9502436E-01 
 0.8916666E-01  0.7826307E-01 
 0.9083333E-01  0.1297711     
 0.9250000E-01  0.2205538     
 0.9416667E-01  0.2832848     
 0.9583333E-01  0.3024635     
 0.9750000E-01  0.2544335     
 0.9916665E-01  0.2333701     
 0.1008333      0.1128989     
 0.1025000      0.8165331E-01 
 0.1041667      0.1395053     
 0.1058333      0.2174752     
 0.1075000      0.2179919     
 0.1091667      0.2481048     
 0.1108333      0.2085117     
 0.1125000      0.1528522     
 0.1141667      0.9909333E-01 
 0.1158333      0.9378548E-01 
 0.1175000      0.1647443     
 0.1191667      0.1929898     
 0.1208333      0.1643321     
 0.1225000      0.1461614     
 0.1241667      0.9157392E-01 
 0.1258333      0.1011480     
 0.1275000      0.1113574     
 0.1291667      0.1651305     
 0.1308333      0.1635279     
 0.1325000      0.1835467     
 0.1341667      0.1096710     
 0.1358333      0.6921211E-01 
 0.1375000      0.1304543     
 0.1391667      0.1151154     
 0.1408333      0.1525558     
 0.1425000      0.1161634     
 0.1441667      0.1129688     
 0.1458333      0.1002699     
 0.1475000      0.9751261E-01 
 0.1491667      0.1200383     
 0.1508333      0.1467286     
 0.1525000      0.1082328     
 0.1541667      0.9653375E-01 
 0.1558333      0.1098308     
 0.1575000      0.1440720     
 0.1591667      0.1046817     
 0.1608333      0.1154151     
 0.1625000      0.9348049E-01 
 0.1641667      0.1234801     
 0.1658333      0.1395920     
