# SumMovie FRC for input stack : stack1.mrc
# Number of micrographs: 1
# Number of frames per movie: 50
# Pixel size (A): 3.0000
# 1/(A)          FRC
# -----------------------
# 
# Micrograph 1 of 1. Score: .492
 0.8333334E-03  0.9999990     
 0.2500000E-02  0.9744697     
 0.4166666E-02  0.9565886     
 0.5833333E-02  0.9211856     
 0.7499999E-02  0.9017097     
 0.9166666E-02  0.7385996     
 0.1083333E-01  0.7065437     
 0.1250000E-01  0.8339587     
 0.1416667E-01  0.9052387     
 0.1583333E-01  0.9096791     
 0.1750000E-01  0.8503792     
 0.1916667E-01  0.6242194     
 0.2083333E-01  0.7188346     
 0.2250000E-01  0.8354228     
 0.2416667E-01  0.8738341     
 0.2583333E-01  0.8277062     
 0.2750000E-01  0.6705414     
 0.2916667E-01  0.5295430     
 0.3083333E-01  0.6341019     
 0.3250000E-01  0.6290013     
 0.3416666E-01  0.5735421     
 0.3583334E-01  0.4673066     
 0.3750000E-01  0.4171411     
 0.3916667E-01  0.3532759     
 0.4083334E-01  0.3493516     
 0.4250000E-01  0.3172076     
 0.4416666E-01  0.2087818     
 0.4583333E-01  0.1505722     
 0.4750000E-01  0.1764717     
 0.4916666E-01  0.1193647     
 0.5083333E-01  0.9796234E-01 
 0.5250000E-01  0.1145315     
 0.5416667E-01  0.1143964     
 0.5583333E-01  0.1742314     
 0.5750000E-01  0.2205834     
 0.5916666E-01  0.2332138     
 0.6083334E-01  0.2702851     
 0.6250000E-01  0.2358647     
 0.6416667E-01  0.2459490     
 0.6583333E-01  0.2217662     
 0.6750000E-01  0.1468837     
 0.6916667E-01  0.1549460     
 0.7083333E-01  0.1294271     
 0.7250000E-01  0.8096122E-01 
 0.7416667E-01  0.1085541     
 0.7583334E-01  0.1589448     
 0.7749999E-01  0.2093644     
 0.7916667E-01  0.2104232     
 0.8083334E-01  0.1998012     
 0.8250000E-01  0.2177658     
 0.8416667E-01  0.1797315     
 0.8583333E-01  0.1189741     
 0.8750000E-01  0.7677411E-01 
 0.8916666E-01  0.5725226E-01 
 0.9083333E-01  0.1338546     
 0.9250000E-01  0.1458883     
 0.9416667E-01  0.1794900     
 0.9583333E-01  0.1842503     
 0.9750000E-01  0.1669180     
 0.9916665E-01  0.1203251     
 0.1008333      0.1061826     
 0.1025000      0.6655178E-01 
 0.1041667      0.1072438     
 0.1058333      0.1716970     
 0.1075000      0.1475507     
 0.1091667      0.1491356     
 0.1108333      0.1271616     
 0.1125000      0.1133004     
 0.1141667      0.8674476E-01 
 0.1158333      0.6209556E-01 
 0.1175000      0.1075827     
 0.1191667      0.9324024E-01 
 0.1208333      0.1164874     
 0.1225000      0.8945034E-01 
 0.1241667      0.1021646     
 0.1258333      0.9246603E-01 
 0.1275000      0.8034574E-01 
 0.1291667      0.1190062     
 0.1308333      0.1302899     
 0.1325000      0.1122966     
 0.1341667      0.7029795E-01 
 0.1358333      0.8247267E-01 
 0.1375000      0.9900011E-01 
 0.1391667      0.1009706     
 0.1408333      0.1152203     
 0.1425000      0.7681214E-01 
 0.1441667      0.7574045E-01 
 0.1458333      0.9647252E-01 
 0.1475000      0.1195134     
 0.1491667      0.8217895E-01 
 0.1508333      0.1024472     
 0.1525000      0.7927223E-01 
 0.1541667      0.7756623E-01 
 0.1558333      0.7665489E-01 
 0.1575000      0.9851249E-01 
 0.1591667      0.8277741E-01 
 0.1608333      0.9559472E-01 
 0.1625000      0.6983731E-01 
 0.1641667      0.7921972E-01 
 0.1658333      0.8140782E-01 
