# SumMovie FRC for input stack : stack16.mrc
# Number of micrographs: 1
# Number of frames per movie: 50
# Pixel size (A): 3.0000
# 1/(A)          FRC
# -----------------------
# 
# Micrograph 1 of 1. Score: .538
 0.8333334E-03  0.9999994     
 0.2500000E-02  0.9672200     
 0.4166666E-02  0.9453917     
 0.5833333E-02  0.9120472     
 0.7499999E-02  0.8965800     
 0.9166666E-02  0.8415788     
 0.1083333E-01  0.7767261     
 0.1250000E-01  0.8840191     
 0.1416667E-01  0.9355528     
 0.1583333E-01  0.9656491     
 0.1750000E-01  0.9459168     
 0.1916667E-01  0.7768270     
 0.2083333E-01  0.8028006     
 0.2250000E-01  0.9023095     
 0.2416667E-01  0.9434144     
 0.2583333E-01  0.9340435     
 0.2750000E-01  0.8305373     
 0.2916667E-01  0.7052387     
 0.3083333E-01  0.7540244     
 0.3250000E-01  0.7967121     
 0.3416666E-01  0.7329101     
 0.3583334E-01  0.6077466     
 0.3750000E-01  0.4391761     
 0.3916667E-01  0.3792750     
 0.4083334E-01  0.2925204     
 0.4250000E-01  0.1231939     
 0.4416666E-01  0.1196580     
 0.4583333E-01  0.8350086E-01 
 0.4750000E-01  0.1475778     
 0.4916666E-01  0.2691258     
 0.5083333E-01  0.3447497     
 0.5250000E-01  0.3905354     
 0.5416667E-01  0.3824863     
 0.5583333E-01  0.4239643     
 0.5750000E-01  0.3611828     
 0.5916666E-01  0.2770569     
 0.6083334E-01  0.1850153     
 0.6250000E-01  0.8129675E-01 
 0.6416667E-01  0.1047128     
 0.6583333E-01  0.1396646     
 0.6750000E-01  0.2102931     
 0.6916667E-01  0.3141068     
 0.7083333E-01  0.4059706     
 0.7250000E-01  0.3723291     
 0.7416667E-01  0.3084784     
 0.7583334E-01  0.1811718     
 0.7749999E-01  0.1200048     
 0.7916667E-01  0.9440845E-01 
 0.8083334E-01  0.2499761     
 0.8250000E-01  0.2766157     
 0.8416667E-01  0.3612603     
 0.8583333E-01  0.3021480     
 0.8750000E-01  0.1887848     
 0.8916666E-01  0.1193433     
 0.9083333E-01  0.7946897E-01 
 0.9250000E-01  0.1862987     
 0.9416667E-01  0.2614363     
 0.9583333E-01  0.2819819     
 0.9750000E-01  0.2127595     
 0.9916665E-01  0.1000404     
 0.1008333      0.6132596E-01 
 0.1025000      0.1216565     
 0.1041667      0.1922578     
 0.1058333      0.2427102     
 0.1075000      0.1810975     
 0.1091667      0.1109459     
 0.1108333      0.5880047E-01 
 0.1125000      0.1421164     
 0.1141667      0.1976044     
 0.1158333      0.1901973     
 0.1175000      0.1117637     
 0.1191667      0.4899234E-01 
 0.1208333      0.9378170E-01 
 0.1225000      0.1586686     
 0.1241667      0.1759681     
 0.1258333      0.1079003     
 0.1275000      0.6834739E-01 
 0.1291667      0.8822937E-01 
 0.1308333      0.1205741     
 0.1325000      0.1352362     
 0.1341667      0.7010492E-01 
 0.1358333      0.4400025E-01 
 0.1375000      0.1149408     
 0.1391667      0.1359733     
 0.1408333      0.9573505E-01 
 0.1425000      0.7838548E-01 
 0.1441667      0.7795435E-01 
 0.1458333      0.1163409     
 0.1475000      0.9770641E-01 
 0.1491667      0.6776350E-01 
 0.1508333      0.7210048E-01 
 0.1525000      0.1023493     
 0.1541667      0.8504383E-01 
 0.1558333      0.7713450E-01 
 0.1575000      0.4760905E-01 
 0.1591667      0.8655729E-01 
 0.1608333      0.8988828E-01 
 0.1625000      0.4512811E-01 
 0.1641667      0.6499931E-01 
 0.1658333      0.1333288     
