# SumMovie FRC for input stack : stack11.mrc
# Number of micrographs: 1
# Number of frames per movie: 50
# Pixel size (A): 3.0000
# 1/(A)          FRC
# -----------------------
# 
# Micrograph 1 of 1. Score: .577
 0.8333334E-03  0.9999998     
 0.2500000E-02  0.8506137     
 0.4166666E-02  0.8709018     
 0.5833333E-02  0.8516133     
 0.7499999E-02  0.8579332     
 0.9166666E-02  0.7375144     
 0.1083333E-01  0.6259087     
 0.1250000E-01  0.8538952     
 0.1416667E-01  0.9154689     
 0.1583333E-01  0.9441861     
 0.1750000E-01  0.9083083     
 0.1916667E-01  0.6544026     
 0.2083333E-01  0.7418111     
 0.2250000E-01  0.8761885     
 0.2416667E-01  0.9248412     
 0.2583333E-01  0.8934566     
 0.2750000E-01  0.7467090     
 0.2916667E-01  0.6523230     
 0.3083333E-01  0.7204005     
 0.3250000E-01  0.7779703     
 0.3416666E-01  0.7320043     
 0.3583334E-01  0.5955117     
 0.3750000E-01  0.5330527     
 0.3916667E-01  0.5111707     
 0.4083334E-01  0.5213647     
 0.4250000E-01  0.4082297     
 0.4416666E-01  0.3430201     
 0.4583333E-01  0.3002111     
 0.4750000E-01  0.2173035     
 0.4916666E-01  0.1031404     
 0.5083333E-01  0.7431059E-01 
 0.5250000E-01  0.1379859     
 0.5416667E-01  0.1444265     
 0.5583333E-01  0.2167251     
 0.5750000E-01  0.3000602     
 0.5916666E-01  0.3841902     
 0.6083334E-01  0.3613584     
 0.6250000E-01  0.4233119     
 0.6416667E-01  0.4056694     
 0.6583333E-01  0.3297281     
 0.6750000E-01  0.3048705     
 0.6916667E-01  0.1833423     
 0.7083333E-01  0.1073300     
 0.7250000E-01  0.6423921E-01 
 0.7416667E-01  0.1102210     
 0.7583334E-01  0.2001248     
 0.7749999E-01  0.2846458     
 0.7916667E-01  0.3251832     
 0.8083334E-01  0.3795584     
 0.8250000E-01  0.3373319     
 0.8416667E-01  0.3168748     
 0.8583333E-01  0.2075923     
 0.8750000E-01  0.1014028     
 0.8916666E-01  0.6539924E-01 
 0.9083333E-01  0.1341608     
 0.9250000E-01  0.2401143     
 0.9416667E-01  0.2915083     
 0.9583333E-01  0.2979543     
 0.9750000E-01  0.2677821     
 0.9916665E-01  0.2187734     
 0.1008333      0.1054075     
 0.1025000      0.3808447E-01 
 0.1041667      0.1105741     
 0.1058333      0.1901406     
 0.1075000      0.2374196     
 0.1091667      0.2345185     
 0.1108333      0.1989871     
 0.1125000      0.1312184     
 0.1141667      0.6050716E-01 
 0.1158333      0.8068565E-01 
 0.1175000      0.1388500     
 0.1191667      0.1702773     
 0.1208333      0.1631907     
 0.1225000      0.1327289     
 0.1241667      0.7162381E-01 
 0.1258333      0.6284967E-01 
 0.1275000      0.8756708E-01 
 0.1291667      0.1424629     
 0.1308333      0.1682288     
 0.1325000      0.1622692     
 0.1341667      0.8553910E-01 
 0.1358333      0.4963676E-01 
 0.1375000      0.9022288E-01 
 0.1391667      0.1000741     
 0.1408333      0.1290380     
 0.1425000      0.9950757E-01 
 0.1441667      0.6722847E-01 
 0.1458333      0.4344211E-01 
 0.1475000      0.5631655E-01 
 0.1491667      0.1113948     
 0.1508333      0.9856392E-01 
 0.1525000      0.8030432E-01 
 0.1541667      0.6401215E-01 
 0.1558333      0.6120818E-01 
 0.1575000      0.1149985     
 0.1591667      0.7088238E-01 
 0.1608333      0.6119006E-01 
 0.1625000      0.5576133E-01 
 0.1641667      0.6929002E-01 
 0.1658333      0.9316096E-01 
