# SumMovie FRC for input stack : stack16.mrc
# Number of micrographs: 1
# Number of frames per movie: 50
# Pixel size (A): 3.0000
# 1/(A)          FRC
# -----------------------
# 
# Micrograph 1 of 1. Score: .538
 0.8333334E-03  0.9999994     
 0.2500000E-02  0.9672241     
 0.4166666E-02  0.9454296     
 0.5833333E-02  0.9120682     
 0.7499999E-02  0.8965304     
 0.9166666E-02  0.8416188     
 0.1083333E-01  0.7767518     
 0.1250000E-01  0.8840532     
 0.1416667E-01  0.9355289     
 0.1583333E-01  0.9656259     
 0.1750000E-01  0.9459077     
 0.1916667E-01  0.7765743     
 0.2083333E-01  0.8028905     
 0.2250000E-01  0.9024125     
 0.2416667E-01  0.9434987     
 0.2583333E-01  0.9341149     
 0.2750000E-01  0.8306186     
 0.2916667E-01  0.7051334     
 0.3083333E-01  0.7543163     
 0.3250000E-01  0.7966082     
 0.3416666E-01  0.7330667     
 0.3583334E-01  0.6085733     
 0.3750000E-01  0.4392201     
 0.3916667E-01  0.3791265     
 0.4083334E-01  0.2918520     
 0.4250000E-01  0.1227477     
 0.4416666E-01  0.1179621     
 0.4583333E-01  0.8325445E-01 
 0.4750000E-01  0.1475259     
 0.4916666E-01  0.2685505     
 0.5083333E-01  0.3446788     
 0.5250000E-01  0.3897491     
 0.5416667E-01  0.3826286     
 0.5583333E-01  0.4241004     
 0.5750000E-01  0.3621823     
 0.5916666E-01  0.2770038     
 0.6083334E-01  0.1854324     
 0.6250000E-01  0.7899712E-01 
 0.6416667E-01  0.1027868     
 0.6583333E-01  0.1386023     
 0.6750000E-01  0.2082551     
 0.6916667E-01  0.3150218     
 0.7083333E-01  0.4059578     
 0.7250000E-01  0.3728837     
 0.7416667E-01  0.3077245     
 0.7583334E-01  0.1808966     
 0.7749999E-01  0.1183624     
 0.7916667E-01  0.9261627E-01 
 0.8083334E-01  0.2485609     
 0.8250000E-01  0.2755629     
 0.8416667E-01  0.3595731     
 0.8583333E-01  0.3015813     
 0.8750000E-01  0.1841712     
 0.8916666E-01  0.1196584     
 0.9083333E-01  0.7808256E-01 
 0.9250000E-01  0.1844131     
 0.9416667E-01  0.2604176     
 0.9583333E-01  0.2806472     
 0.9750000E-01  0.2081034     
 0.9916665E-01  0.9579687E-01 
 0.1008333      0.5734813E-01 
 0.1025000      0.1197538     
 0.1041667      0.1913591     
 0.1058333      0.2400634     
 0.1075000      0.1783697     
 0.1091667      0.1096234     
 0.1108333      0.5627758E-01 
 0.1125000      0.1382881     
 0.1141667      0.1962681     
 0.1158333      0.1880980     
 0.1175000      0.1106318     
 0.1191667      0.4768397E-01 
 0.1208333      0.8932399E-01 
 0.1225000      0.1553476     
 0.1241667      0.1742869     
 0.1258333      0.1073396     
 0.1275000      0.6501410E-01 
 0.1291667      0.8638974E-01 
 0.1308333      0.1197580     
 0.1325000      0.1338406     
 0.1341667      0.6494679E-01 
 0.1358333      0.4308344E-01 
 0.1375000      0.1121423     
 0.1391667      0.1347051     
 0.1408333      0.9291754E-01 
 0.1425000      0.7458948E-01 
 0.1441667      0.7360921E-01 
 0.1458333      0.1138139     
 0.1475000      0.9390228E-01 
 0.1491667      0.6329207E-01 
 0.1508333      0.7167216E-01 
 0.1525000      0.1011281     
 0.1541667      0.8442315E-01 
 0.1558333      0.7516272E-01 
 0.1575000      0.4340079E-01 
 0.1591667      0.8335331E-01 
 0.1608333      0.8530706E-01 
 0.1625000      0.4280279E-01 
 0.1641667      0.6388719E-01 
 0.1658333      0.1298058     
