# SumMovie FRC for input stack : stack16.mrc
# Number of micrographs: 1
# Number of frames per movie: 50
# Pixel size (A): 3.0000
# 1/(A)          FRC
# -----------------------
# 
# Micrograph 1 of 1. Score: .539
 0.8333334E-03  0.9999994     
 0.2500000E-02  0.9672087     
 0.4166666E-02  0.9454229     
 0.5833333E-02  0.9120325     
 0.7499999E-02  0.8965210     
 0.9166666E-02  0.8416654     
 0.1083333E-01  0.7765692     
 0.1250000E-01  0.8838782     
 0.1416667E-01  0.9355134     
 0.1583333E-01  0.9656630     
 0.1750000E-01  0.9459332     
 0.1916667E-01  0.7766809     
 0.2083333E-01  0.8031071     
 0.2250000E-01  0.9022929     
 0.2416667E-01  0.9432327     
 0.2583333E-01  0.9340475     
 0.2750000E-01  0.8306214     
 0.2916667E-01  0.7048969     
 0.3083333E-01  0.7536523     
 0.3250000E-01  0.7967200     
 0.3416666E-01  0.7329198     
 0.3583334E-01  0.6073480     
 0.3750000E-01  0.4398713     
 0.3916667E-01  0.3795629     
 0.4083334E-01  0.2925433     
 0.4250000E-01  0.1235134     
 0.4416666E-01  0.1210792     
 0.4583333E-01  0.8501561E-01 
 0.4750000E-01  0.1486084     
 0.4916666E-01  0.2696594     
 0.5083333E-01  0.3444601     
 0.5250000E-01  0.3907396     
 0.5416667E-01  0.3820824     
 0.5583333E-01  0.4240462     
 0.5750000E-01  0.3617421     
 0.5916666E-01  0.2787861     
 0.6083334E-01  0.1851476     
 0.6250000E-01  0.8250755E-01 
 0.6416667E-01  0.1055948     
 0.6583333E-01  0.1398526     
 0.6750000E-01  0.2102438     
 0.6916667E-01  0.3142531     
 0.7083333E-01  0.4071871     
 0.7250000E-01  0.3716752     
 0.7416667E-01  0.3070009     
 0.7583334E-01  0.1821230     
 0.7749999E-01  0.1196688     
 0.7916667E-01  0.9548812E-01 
 0.8083334E-01  0.2511444     
 0.8250000E-01  0.2766372     
 0.8416667E-01  0.3618731     
 0.8583333E-01  0.3021024     
 0.8750000E-01  0.1887025     
 0.8916666E-01  0.1186383     
 0.9083333E-01  0.7877808E-01 
 0.9250000E-01  0.1879283     
 0.9416667E-01  0.2607898     
 0.9583333E-01  0.2812479     
 0.9750000E-01  0.2130558     
 0.9916665E-01  0.9972990E-01 
 0.1008333      0.6251713E-01 
 0.1025000      0.1224708     
 0.1041667      0.1919558     
 0.1058333      0.2427203     
 0.1075000      0.1824771     
 0.1091667      0.1111391     
 0.1108333      0.5865965E-01 
 0.1125000      0.1416601     
 0.1141667      0.1988533     
 0.1158333      0.1908493     
 0.1175000      0.1135523     
 0.1191667      0.4884594E-01 
 0.1208333      0.9351604E-01 
 0.1225000      0.1599814     
 0.1241667      0.1752803     
 0.1258333      0.1083722     
 0.1275000      0.6730355E-01 
 0.1291667      0.8944588E-01 
 0.1308333      0.1191845     
 0.1325000      0.1345159     
 0.1341667      0.7290182E-01 
 0.1358333      0.4595184E-01 
 0.1375000      0.1131228     
 0.1391667      0.1369838     
 0.1408333      0.9444356E-01 
 0.1425000      0.7664955E-01 
 0.1441667      0.7750873E-01 
 0.1458333      0.1153015     
 0.1475000      0.9686547E-01 
 0.1491667      0.6485966E-01 
 0.1508333      0.6938878E-01 
 0.1525000      0.1002017     
 0.1541667      0.8403192E-01 
 0.1558333      0.7562520E-01 
 0.1575000      0.4777916E-01 
 0.1591667      0.8557163E-01 
 0.1608333      0.9064506E-01 
 0.1625000      0.4663742E-01 
 0.1641667      0.6404264E-01 
 0.1658333      0.1330902     
