# SumMovie FRC for input stack : stack11.mrc
# Number of micrographs: 1
# Number of frames per movie: 50
# Pixel size (A): 3.0000
# 1/(A)          FRC
# -----------------------
# 
# Micrograph 1 of 1. Score: .577
 0.8333334E-03  0.9999998     
 0.2500000E-02  0.8505592     
 0.4166666E-02  0.8707945     
 0.5833333E-02  0.8516862     
 0.7499999E-02  0.8578347     
 0.9166666E-02  0.7372198     
 0.1083333E-01  0.6259699     
 0.1250000E-01  0.8536018     
 0.1416667E-01  0.9153285     
 0.1583333E-01  0.9441618     
 0.1750000E-01  0.9081850     
 0.1916667E-01  0.6552969     
 0.2083333E-01  0.7416474     
 0.2250000E-01  0.8762240     
 0.2416667E-01  0.9244483     
 0.2583333E-01  0.8935730     
 0.2750000E-01  0.7461776     
 0.2916667E-01  0.6510127     
 0.3083333E-01  0.7187115     
 0.3250000E-01  0.7770364     
 0.3416666E-01  0.7302003     
 0.3583334E-01  0.5950526     
 0.3750000E-01  0.5323402     
 0.3916667E-01  0.5103683     
 0.4083334E-01  0.5220215     
 0.4250000E-01  0.4081519     
 0.4416666E-01  0.3430401     
 0.4583333E-01  0.2994500     
 0.4750000E-01  0.2181334     
 0.4916666E-01  0.1048486     
 0.5083333E-01  0.7390888E-01 
 0.5250000E-01  0.1378807     
 0.5416667E-01  0.1453857     
 0.5583333E-01  0.2184399     
 0.5750000E-01  0.3002694     
 0.5916666E-01  0.3802193     
 0.6083334E-01  0.3615128     
 0.6250000E-01  0.4216424     
 0.6416667E-01  0.4042297     
 0.6583333E-01  0.3288684     
 0.6750000E-01  0.3072273     
 0.6916667E-01  0.1875997     
 0.7083333E-01  0.1088724     
 0.7250000E-01  0.6968761E-01 
 0.7416667E-01  0.1125034     
 0.7583334E-01  0.2009381     
 0.7749999E-01  0.2834074     
 0.7916667E-01  0.3245201     
 0.8083334E-01  0.3770122     
 0.8250000E-01  0.3365872     
 0.8416667E-01  0.3154952     
 0.8583333E-01  0.2102665     
 0.8750000E-01  0.1028641     
 0.8916666E-01  0.6817451E-01 
 0.9083333E-01  0.1360578     
 0.9250000E-01  0.2386270     
 0.9416667E-01  0.2949572     
 0.9583333E-01  0.3017405     
 0.9750000E-01  0.2697459     
 0.9916665E-01  0.2283573     
 0.1008333      0.1076745     
 0.1025000      0.4741485E-01 
 0.1041667      0.1156746     
 0.1058333      0.2010007     
 0.1075000      0.2397961     
 0.1091667      0.2410289     
 0.1108333      0.2045362     
 0.1125000      0.1386814     
 0.1141667      0.6960545E-01 
 0.1158333      0.8351324E-01 
 0.1175000      0.1473809     
 0.1191667      0.1773709     
 0.1208333      0.1659571     
 0.1225000      0.1378639     
 0.1241667      0.7555963E-01 
 0.1258333      0.7054758E-01 
 0.1275000      0.9003728E-01 
 0.1291667      0.1494912     
 0.1308333      0.1721104     
 0.1325000      0.1673399     
 0.1341667      0.9081404E-01 
 0.1358333      0.5510949E-01 
 0.1375000      0.9988050E-01 
 0.1391667      0.1067408     
 0.1408333      0.1373439     
 0.1425000      0.1059554     
 0.1441667      0.7523001E-01 
 0.1458333      0.5390021E-01 
 0.1475000      0.5888978E-01 
 0.1491667      0.1157875     
 0.1508333      0.1089650     
 0.1525000      0.8633229E-01 
 0.1541667      0.7027017E-01 
 0.1558333      0.6983089E-01 
 0.1575000      0.1210258     
 0.1591667      0.7656849E-01 
 0.1608333      0.6958146E-01 
 0.1625000      0.5653321E-01 
 0.1641667      0.8085917E-01 
 0.1658333      0.1037861     
