# SumMovie FRC for input stack : stack11.mrc
# Number of micrographs: 1
# Number of frames per movie: 50
# Pixel size (A): 3.0000
# 1/(A)          FRC
# -----------------------
# 
# Micrograph 1 of 1. Score: .576
 0.8333334E-03  0.9999998     
 0.2500000E-02  0.8505290     
 0.4166666E-02  0.8706970     
 0.5833333E-02  0.8517899     
 0.7499999E-02  0.8577747     
 0.9166666E-02  0.7377133     
 0.1083333E-01  0.6260749     
 0.1250000E-01  0.8534172     
 0.1416667E-01  0.9150576     
 0.1583333E-01  0.9441588     
 0.1750000E-01  0.9080065     
 0.1916667E-01  0.6566568     
 0.2083333E-01  0.7413036     
 0.2250000E-01  0.8761809     
 0.2416667E-01  0.9239741     
 0.2583333E-01  0.8933520     
 0.2750000E-01  0.7460247     
 0.2916667E-01  0.6499219     
 0.3083333E-01  0.7173539     
 0.3250000E-01  0.7765721     
 0.3416666E-01  0.7288292     
 0.3583334E-01  0.5943457     
 0.3750000E-01  0.5308670     
 0.3916667E-01  0.5080199     
 0.4083334E-01  0.5207948     
 0.4250000E-01  0.4057917     
 0.4416666E-01  0.3419880     
 0.4583333E-01  0.2990726     
 0.4750000E-01  0.2195800     
 0.4916666E-01  0.1071496     
 0.5083333E-01  0.7740893E-01 
 0.5250000E-01  0.1377036     
 0.5416667E-01  0.1447790     
 0.5583333E-01  0.2216795     
 0.5750000E-01  0.3003606     
 0.5916666E-01  0.3768220     
 0.6083334E-01  0.3610517     
 0.6250000E-01  0.4175516     
 0.6416667E-01  0.4031437     
 0.6583333E-01  0.3264578     
 0.6750000E-01  0.3043780     
 0.6916667E-01  0.1859668     
 0.7083333E-01  0.1074079     
 0.7250000E-01  0.7434604E-01 
 0.7416667E-01  0.1094343     
 0.7583334E-01  0.2017122     
 0.7749999E-01  0.2796263     
 0.7916667E-01  0.3204839     
 0.8083334E-01  0.3718845     
 0.8250000E-01  0.3320763     
 0.8416667E-01  0.3098805     
 0.8583333E-01  0.2109190     
 0.8750000E-01  0.1008683     
 0.8916666E-01  0.7339277E-01 
 0.9083333E-01  0.1338765     
 0.9250000E-01  0.2347978     
 0.9416667E-01  0.2937005     
 0.9583333E-01  0.3031076     
 0.9750000E-01  0.2662061     
 0.9916665E-01  0.2291392     
 0.1008333      0.1106240     
 0.1025000      0.5614713E-01 
 0.1041667      0.1212205     
 0.1058333      0.2045305     
 0.1075000      0.2371349     
 0.1091667      0.2413511     
 0.1108333      0.2028438     
 0.1125000      0.1416738     
 0.1141667      0.7701775E-01 
 0.1158333      0.8850656E-01 
 0.1175000      0.1502008     
 0.1191667      0.1845518     
 0.1208333      0.1624165     
 0.1225000      0.1383722     
 0.1241667      0.7887112E-01 
 0.1258333      0.7580270E-01 
 0.1275000      0.9823861E-01 
 0.1291667      0.1515101     
 0.1308333      0.1695505     
 0.1325000      0.1726270     
 0.1341667      0.9434907E-01 
 0.1358333      0.5457268E-01 
 0.1375000      0.1075600     
 0.1391667      0.1089721     
 0.1408333      0.1398220     
 0.1425000      0.1097089     
 0.1441667      0.8183447E-01 
 0.1458333      0.6504091E-01 
 0.1475000      0.6335646E-01 
 0.1491667      0.1191265     
 0.1508333      0.1169254     
 0.1525000      0.9137850E-01 
 0.1541667      0.7829539E-01 
 0.1558333      0.7471161E-01 
 0.1575000      0.1237186     
 0.1591667      0.8245250E-01 
 0.1608333      0.7587795E-01 
 0.1625000      0.6451267E-01 
 0.1641667      0.8932171E-01 
 0.1658333      0.1065841     
