# SumMovie FRC for input stack : stack6.mrc
# Number of micrographs: 1
# Number of frames per movie: 50
# Pixel size (A): 3.0000
# 1/(A)          FRC
# -----------------------
# 
# Micrograph 1 of 1. Score: .573
 0.8333334E-03  0.9999999     
 0.2500000E-02  0.9513456     
 0.4166666E-02  0.9316571     
 0.5833333E-02  0.8461533     
 0.7499999E-02  0.8648935     
 0.9166666E-02  0.6723706     
 0.1083333E-01  0.6540019     
 0.1250000E-01  0.8457313     
 0.1416667E-01  0.8826866     
 0.1583333E-01  0.9307586     
 0.1750000E-01  0.8903725     
 0.1916667E-01  0.5998945     
 0.2083333E-01  0.6597363     
 0.2250000E-01  0.8269135     
 0.2416667E-01  0.8903738     
 0.2583333E-01  0.8421712     
 0.2750000E-01  0.7187667     
 0.2916667E-01  0.6121497     
 0.3083333E-01  0.6717121     
 0.3250000E-01  0.7148575     
 0.3416666E-01  0.6812015     
 0.3583334E-01  0.5723011     
 0.3750000E-01  0.5192749     
 0.3916667E-01  0.5022794     
 0.4083334E-01  0.5334694     
 0.4250000E-01  0.4335397     
 0.4416666E-01  0.3665923     
 0.4583333E-01  0.3338881     
 0.4750000E-01  0.2836072     
 0.4916666E-01  0.2110190     
 0.5083333E-01  0.1186544     
 0.5250000E-01  0.1436879     
 0.5416667E-01  0.9035769E-01 
 0.5583333E-01  0.1305958     
 0.5750000E-01  0.1297146     
 0.5916666E-01  0.2074406     
 0.6083334E-01  0.2671358     
 0.6250000E-01  0.2873788     
 0.6416667E-01  0.3279026     
 0.6583333E-01  0.3263146     
 0.6750000E-01  0.3321503     
 0.6916667E-01  0.3154564     
 0.7083333E-01  0.2662147     
 0.7250000E-01  0.2126576     
 0.7416667E-01  0.1447116     
 0.7583334E-01  0.1023567     
 0.7749999E-01  0.8949528E-01 
 0.7916667E-01  0.9627867E-01 
 0.8083334E-01  0.1715492     
 0.8250000E-01  0.2101377     
 0.8416667E-01  0.2657610     
 0.8583333E-01  0.2846029     
 0.8750000E-01  0.2621573     
 0.8916666E-01  0.2539395     
 0.9083333E-01  0.1317386     
 0.9250000E-01  0.1287458     
 0.9416667E-01  0.8555059E-01 
 0.9583333E-01  0.1287716     
 0.9750000E-01  0.1297285     
 0.9916665E-01  0.1673261     
 0.1008333      0.1903197     
 0.1025000      0.2101352     
 0.1041667      0.1970402     
 0.1058333      0.1437854     
 0.1075000      0.1082519     
 0.1091667      0.5712897E-01 
 0.1108333      0.8285549E-01 
 0.1125000      0.1380718     
 0.1141667      0.1727954     
 0.1158333      0.1958995     
 0.1175000      0.1596072     
 0.1191667      0.1409117     
 0.1208333      0.9784391E-01 
 0.1225000      0.7155827E-01 
 0.1241667      0.9448930E-01 
 0.1258333      0.9906731E-01 
 0.1275000      0.1504624     
 0.1291667      0.1394564     
 0.1308333      0.1374435     
 0.1325000      0.6640102E-01 
 0.1341667      0.5634048E-01 
 0.1358333      0.1133814     
 0.1375000      0.9264337E-01 
 0.1391667      0.9670224E-01 
 0.1408333      0.1206376     
 0.1425000      0.1047273     
 0.1441667      0.8177657E-01 
 0.1458333      0.8233836E-01 
 0.1475000      0.9153450E-01 
 0.1491667      0.1192845     
 0.1508333      0.1291661     
 0.1525000      0.1014567     
 0.1541667      0.6668702E-01 
 0.1558333      0.9569820E-01 
 0.1575000      0.8601673E-01 
 0.1591667      0.9930793E-01 
 0.1608333      0.1203554     
 0.1625000      0.8874127E-01 
 0.1641667      0.8370236E-01 
 0.1658333      0.6194264E-01 
