# SumMovie FRC for input stack : stack1.mrc
# Number of micrographs: 1
# Number of frames per movie: 50
# Pixel size (A): 3.0000
# 1/(A)          FRC
# -----------------------
# 
# Micrograph 1 of 1. Score: .544
 0.8333334E-03  0.9999993     
 0.2500000E-02  0.9744747     
 0.4166666E-02  0.9571021     
 0.5833333E-02  0.9208441     
 0.7499999E-02  0.9050373     
 0.9166666E-02  0.7500023     
 0.1083333E-01  0.7271163     
 0.1250000E-01  0.8562194     
 0.1416667E-01  0.9223852     
 0.1583333E-01  0.9255579     
 0.1750000E-01  0.8742411     
 0.1916667E-01  0.6732695     
 0.2083333E-01  0.7634619     
 0.2250000E-01  0.8704853     
 0.2416667E-01  0.9034978     
 0.2583333E-01  0.8718953     
 0.2750000E-01  0.7483186     
 0.2916667E-01  0.6418273     
 0.3083333E-01  0.7082054     
 0.3250000E-01  0.7395474     
 0.3416666E-01  0.6853240     
 0.3583334E-01  0.5455266     
 0.3750000E-01  0.4812460     
 0.3916667E-01  0.4570391     
 0.4083334E-01  0.4494383     
 0.4250000E-01  0.3954618     
 0.4416666E-01  0.2510443     
 0.4583333E-01  0.1622880     
 0.4750000E-01  0.1811252     
 0.4916666E-01  0.9397797E-01 
 0.5083333E-01  0.5762451E-01 
 0.5250000E-01  0.6892114E-01 
 0.5416667E-01  0.1140615     
 0.5583333E-01  0.1873708     
 0.5750000E-01  0.2482954     
 0.5916666E-01  0.3191966     
 0.6083334E-01  0.3432795     
 0.6250000E-01  0.3291977     
 0.6416667E-01  0.2950565     
 0.6583333E-01  0.2700633     
 0.6750000E-01  0.1618778     
 0.6916667E-01  0.1259591     
 0.7083333E-01  0.8709381E-01 
 0.7250000E-01  0.6096757E-01 
 0.7416667E-01  0.9985916E-01 
 0.7583334E-01  0.1551976     
 0.7749999E-01  0.2506461     
 0.7916667E-01  0.2965133     
 0.8083334E-01  0.2857861     
 0.8250000E-01  0.2858573     
 0.8416667E-01  0.2177771     
 0.8583333E-01  0.1187569     
 0.8750000E-01  0.5610252E-01 
 0.8916666E-01  0.3525930E-01 
 0.9083333E-01  0.1228032     
 0.9250000E-01  0.1887203     
 0.9416667E-01  0.2355699     
 0.9583333E-01  0.2437772     
 0.9750000E-01  0.1971750     
 0.9916665E-01  0.1093450     
 0.1008333      0.6606266E-01 
 0.1025000      0.4404870E-01 
 0.1041667      0.1235730     
 0.1058333      0.1568155     
 0.1075000      0.1541656     
 0.1091667      0.1693545     
 0.1108333      0.1241662     
 0.1125000      0.1293304     
 0.1141667      0.4548936E-01 
 0.1158333      0.6093456E-01 
 0.1175000      0.1065333     
 0.1191667      0.1068642     
 0.1208333      0.1061927     
 0.1225000      0.9454877E-01 
 0.1241667      0.4507472E-01 
 0.1258333      0.3862631E-01 
 0.1275000      0.5547426E-01 
 0.1291667      0.1094816     
 0.1308333      0.1269368     
 0.1325000      0.6758304E-01 
 0.1341667      0.3880748E-01 
 0.1358333      0.3675243E-01 
 0.1375000      0.9280498E-01 
 0.1391667      0.6679458E-01 
 0.1408333      0.9596841E-01 
 0.1425000      0.7188661E-01 
 0.1441667      0.2795045E-01 
 0.1458333      0.4051913E-01 
 0.1475000      0.7848660E-01 
 0.1491667      0.6353126E-01 
 0.1508333      0.6791344E-01 
 0.1525000      0.4277870E-01 
 0.1541667      0.5542192E-01 
 0.1558333      0.7893059E-01 
 0.1575000      0.4186973E-01 
 0.1591667      0.2298331E-01 
 0.1608333      0.4285123E-01 
 0.1625000      0.5216404E-01 
 0.1641667      0.3571476E-01 
 0.1658333      0.2977903E-01 
