# SumMovie FRC for input stack : stack11.mrc
# Number of micrographs: 1
# Number of frames per movie: 50
# Pixel size (A): 3.0000
# 1/(A)          FRC
# -----------------------
# 
# Micrograph 1 of 1. Score: .573
 0.8333334E-03  0.9999998     
 0.2500000E-02  0.8502737     
 0.4166666E-02  0.8703439     
 0.5833333E-02  0.8519017     
 0.7499999E-02  0.8574521     
 0.9166666E-02  0.7369478     
 0.1083333E-01  0.6259838     
 0.1250000E-01  0.8524151     
 0.1416667E-01  0.9142610     
 0.1583333E-01  0.9439129     
 0.1750000E-01  0.9073315     
 0.1916667E-01  0.6581088     
 0.2083333E-01  0.7398087     
 0.2250000E-01  0.8753714     
 0.2416667E-01  0.9222124     
 0.2583333E-01  0.8925976     
 0.2750000E-01  0.7429168     
 0.2916667E-01  0.6432998     
 0.3083333E-01  0.7119712     
 0.3250000E-01  0.7722999     
 0.3416666E-01  0.7216277     
 0.3583334E-01  0.5901123     
 0.3750000E-01  0.5247021     
 0.3916667E-01  0.5005607     
 0.4083334E-01  0.5180162     
 0.4250000E-01  0.4023842     
 0.4416666E-01  0.3381578     
 0.4583333E-01  0.2927471     
 0.4750000E-01  0.2203980     
 0.4916666E-01  0.1082487     
 0.5083333E-01  0.7632757E-01 
 0.5250000E-01  0.1370063     
 0.5416667E-01  0.1406621     
 0.5583333E-01  0.2220745     
 0.5750000E-01  0.2973960     
 0.5916666E-01  0.3628957     
 0.6083334E-01  0.3566239     
 0.6250000E-01  0.4043696     
 0.6416667E-01  0.3920746     
 0.6583333E-01  0.3144378     
 0.6750000E-01  0.3006504     
 0.6916667E-01  0.1901269     
 0.7083333E-01  0.1113493     
 0.7250000E-01  0.8344076E-01 
 0.7416667E-01  0.1102511     
 0.7583334E-01  0.1983368     
 0.7749999E-01  0.2689971     
 0.7916667E-01  0.3136196     
 0.8083334E-01  0.3559081     
 0.8250000E-01  0.3220247     
 0.8416667E-01  0.2978583     
 0.8583333E-01  0.2079229     
 0.8750000E-01  0.9753628E-01 
 0.8916666E-01  0.7618366E-01 
 0.9083333E-01  0.1308160     
 0.9250000E-01  0.2263013     
 0.9416667E-01  0.2887691     
 0.9583333E-01  0.3034281     
 0.9750000E-01  0.2574431     
 0.9916665E-01  0.2367344     
 0.1008333      0.1122776     
 0.1025000      0.7687287E-01 
 0.1041667      0.1351866     
 0.1058333      0.2171428     
 0.1075000      0.2246632     
 0.1091667      0.2486978     
 0.1108333      0.2088298     
 0.1125000      0.1520231     
 0.1141667      0.9584510E-01 
 0.1158333      0.9319184E-01 
 0.1175000      0.1632640     
 0.1191667      0.1927536     
 0.1208333      0.1636070     
 0.1225000      0.1472521     
 0.1241667      0.8909860E-01 
 0.1258333      0.9517448E-01 
 0.1275000      0.1071478     
 0.1291667      0.1651834     
 0.1308333      0.1684497     
 0.1325000      0.1816260     
 0.1341667      0.1069476     
 0.1358333      0.6685650E-01 
 0.1375000      0.1276321     
 0.1391667      0.1162052     
 0.1408333      0.1533492     
 0.1425000      0.1160630     
 0.1441667      0.1065336     
 0.1458333      0.9412987E-01 
 0.1475000      0.9025051E-01 
 0.1491667      0.1216117     
 0.1508333      0.1410824     
 0.1525000      0.1064596     
 0.1541667      0.9482885E-01 
 0.1558333      0.1026201     
 0.1575000      0.1402227     
 0.1591667      0.1015488     
 0.1608333      0.1066079     
 0.1625000      0.8643490E-01 
 0.1641667      0.1192932     
 0.1658333      0.1340861     
