# SumMovie FRC for input stack : stack16.mrc
# Number of micrographs: 1
# Number of frames per movie: 50
# Pixel size (A): 3.0000
# 1/(A)          FRC
# -----------------------
# 
# Micrograph 1 of 1. Score: .539
 0.8333334E-03  0.9999994     
 0.2500000E-02  0.9672068     
 0.4166666E-02  0.9454547     
 0.5833333E-02  0.9120367     
 0.7499999E-02  0.8964504     
 0.9166666E-02  0.8416713     
 0.1083333E-01  0.7765195     
 0.1250000E-01  0.8838038     
 0.1416667E-01  0.9354747     
 0.1583333E-01  0.9656471     
 0.1750000E-01  0.9459324     
 0.1916667E-01  0.7764733     
 0.2083333E-01  0.8033046     
 0.2250000E-01  0.9024083     
 0.2416667E-01  0.9432232     
 0.2583333E-01  0.9340875     
 0.2750000E-01  0.8307177     
 0.2916667E-01  0.7048656     
 0.3083333E-01  0.7537403     
 0.3250000E-01  0.7967453     
 0.3416666E-01  0.7328473     
 0.3583334E-01  0.6077308     
 0.3750000E-01  0.4399246     
 0.3916667E-01  0.3795965     
 0.4083334E-01  0.2919599     
 0.4250000E-01  0.1234629     
 0.4416666E-01  0.1208223     
 0.4583333E-01  0.8488216E-01 
 0.4750000E-01  0.1487016     
 0.4916666E-01  0.2690781     
 0.5083333E-01  0.3439524     
 0.5250000E-01  0.3897054     
 0.5416667E-01  0.3816901     
 0.5583333E-01  0.4244884     
 0.5750000E-01  0.3624617     
 0.5916666E-01  0.2789853     
 0.6083334E-01  0.1861774     
 0.6250000E-01  0.8121143E-01 
 0.6416667E-01  0.1044695     
 0.6583333E-01  0.1387253     
 0.6750000E-01  0.2084635     
 0.6916667E-01  0.3156058     
 0.7083333E-01  0.4074875     
 0.7250000E-01  0.3711508     
 0.7416667E-01  0.3048845     
 0.7583334E-01  0.1826904     
 0.7749999E-01  0.1179346     
 0.7916667E-01  0.9486616E-01 
 0.8083334E-01  0.2504296     
 0.8250000E-01  0.2760928     
 0.8416667E-01  0.3616584     
 0.8583333E-01  0.3020075     
 0.8750000E-01  0.1859459     
 0.8916666E-01  0.1192742     
 0.9083333E-01  0.7768840E-01 
 0.9250000E-01  0.1880698     
 0.9416667E-01  0.2605242     
 0.9583333E-01  0.2790808     
 0.9750000E-01  0.2106608     
 0.9916665E-01  0.9710414E-01 
 0.1008333      0.5981460E-01 
 0.1025000      0.1220707     
 0.1041667      0.1908266     
 0.1058333      0.2416521     
 0.1075000      0.1807524     
 0.1091667      0.1101583     
 0.1108333      0.5575405E-01 
 0.1125000      0.1385809     
 0.1141667      0.1985559     
 0.1158333      0.1889075     
 0.1175000      0.1132814     
 0.1191667      0.4763435E-01 
 0.1208333      0.8962842E-01 
 0.1225000      0.1585341     
 0.1241667      0.1731864     
 0.1258333      0.1082389     
 0.1275000      0.6493121E-01 
 0.1291667      0.8962951E-01 
 0.1308333      0.1194084     
 0.1325000      0.1343222     
 0.1341667      0.6982797E-01 
 0.1358333      0.4678427E-01 
 0.1375000      0.1102922     
 0.1391667      0.1370218     
 0.1408333      0.9213223E-01 
 0.1425000      0.7396749E-01 
 0.1441667      0.7395301E-01 
 0.1458333      0.1123145     
 0.1475000      0.9403422E-01 
 0.1491667      0.5906446E-01 
 0.1508333      0.6739485E-01 
 0.1525000      0.9847023E-01 
 0.1541667      0.8410268E-01 
 0.1558333      0.7269751E-01 
 0.1575000      0.4525109E-01 
 0.1591667      0.8325215E-01 
 0.1608333      0.8779531E-01 
 0.1625000      0.4600608E-01 
 0.1641667      0.6200320E-01 
 0.1658333      0.1312149     
