# SumMovie FRC for input stack : stack11.mrc
# Number of micrographs: 1
# Number of frames per movie: 50
# Pixel size (A): 3.0000
# 1/(A)          FRC
# -----------------------
# 
# Micrograph 1 of 1. Score: .570
 0.8333334E-03  0.9999998     
 0.2500000E-02  0.8500620     
 0.4166666E-02  0.8701498     
 0.5833333E-02  0.8519652     
 0.7499999E-02  0.8572567     
 0.9166666E-02  0.7363977     
 0.1083333E-01  0.6257244     
 0.1250000E-01  0.8516572     
 0.1416667E-01  0.9137538     
 0.1583333E-01  0.9436647     
 0.1750000E-01  0.9066455     
 0.1916667E-01  0.6586410     
 0.2083333E-01  0.7380369     
 0.2250000E-01  0.8743977     
 0.2416667E-01  0.9207309     
 0.2583333E-01  0.8915153     
 0.2750000E-01  0.7397175     
 0.2916667E-01  0.6369261     
 0.3083333E-01  0.7070953     
 0.3250000E-01  0.7684076     
 0.3416666E-01  0.7157635     
 0.3583334E-01  0.5860097     
 0.3750000E-01  0.5183509     
 0.3916667E-01  0.4937058     
 0.4083334E-01  0.5126460     
 0.4250000E-01  0.3977804     
 0.4416666E-01  0.3330784     
 0.4583333E-01  0.2842337     
 0.4750000E-01  0.2197176     
 0.4916666E-01  0.1072058     
 0.5083333E-01  0.7562784E-01 
 0.5250000E-01  0.1360604     
 0.5416667E-01  0.1345346     
 0.5583333E-01  0.2211731     
 0.5750000E-01  0.2927145     
 0.5916666E-01  0.3524153     
 0.6083334E-01  0.3508584     
 0.6250000E-01  0.3912107     
 0.6416667E-01  0.3823757     
 0.6583333E-01  0.2995273     
 0.6750000E-01  0.2924106     
 0.6916667E-01  0.1878035     
 0.7083333E-01  0.1108924     
 0.7250000E-01  0.8712061E-01 
 0.7416667E-01  0.1086266     
 0.7583334E-01  0.1927268     
 0.7749999E-01  0.2595334     
 0.7916667E-01  0.3051615     
 0.8083334E-01  0.3422651     
 0.8250000E-01  0.3117365     
 0.8416667E-01  0.2863629     
 0.8583333E-01  0.1999309     
 0.8750000E-01  0.9170047E-01 
 0.8916666E-01  0.7713189E-01 
 0.9083333E-01  0.1284276     
 0.9250000E-01  0.2152510     
 0.9416667E-01  0.2770925     
 0.9583333E-01  0.3008554     
 0.9750000E-01  0.2491342     
 0.9916665E-01  0.2294379     
 0.1008333      0.1131463     
 0.1025000      0.8459587E-01 
 0.1041667      0.1421272     
 0.1058333      0.2153812     
 0.1075000      0.2097230     
 0.1091667      0.2456188     
 0.1108333      0.2076139     
 0.1125000      0.1529215     
 0.1141667      0.1014773     
 0.1158333      0.9254313E-01 
 0.1175000      0.1632845     
 0.1191667      0.1919246     
 0.1208333      0.1651010     
 0.1225000      0.1456431     
 0.1241667      0.9289239E-01 
 0.1258333      0.1042148     
 0.1275000      0.1129693     
 0.1291667      0.1649959     
 0.1308333      0.1585597     
 0.1325000      0.1845535     
 0.1341667      0.1109955     
 0.1358333      0.7125089E-01 
 0.1375000      0.1316301     
 0.1391667      0.1142543     
 0.1408333      0.1490542     
 0.1425000      0.1144133     
 0.1441667      0.1166395     
 0.1458333      0.1030158     
 0.1475000      0.1033441     
 0.1491667      0.1170861     
 0.1508333      0.1501734     
 0.1525000      0.1071316     
 0.1541667      0.9653306E-01 
 0.1558333      0.1148974     
 0.1575000      0.1460736     
 0.1591667      0.1073198     
 0.1608333      0.1200078     
 0.1625000      0.9878307E-01 
 0.1641667      0.1244814     
 0.1658333      0.1452084     
