# SumMovie FRC for input stack : stack11.mrc
# Number of micrographs: 1
# Number of frames per movie: 50
# Pixel size (A): 3.0000
# 1/(A)          FRC
# -----------------------
# 
# Micrograph 1 of 1. Score: .577
 0.8333334E-03  0.9999998     
 0.2500000E-02  0.8506021     
 0.4166666E-02  0.8708870     
 0.5833333E-02  0.8516539     
 0.7499999E-02  0.8579044     
 0.9166666E-02  0.7375301     
 0.1083333E-01  0.6258206     
 0.1250000E-01  0.8538596     
 0.1416667E-01  0.9154426     
 0.1583333E-01  0.9441898     
 0.1750000E-01  0.9082921     
 0.1916667E-01  0.6545769     
 0.2083333E-01  0.7417750     
 0.2250000E-01  0.8761848     
 0.2416667E-01  0.9247648     
 0.2583333E-01  0.8934631     
 0.2750000E-01  0.7466635     
 0.2916667E-01  0.6520643     
 0.3083333E-01  0.7202983     
 0.3250000E-01  0.7780089     
 0.3416666E-01  0.7317946     
 0.3583334E-01  0.5954525     
 0.3750000E-01  0.5329828     
 0.3916667E-01  0.5111555     
 0.4083334E-01  0.5213954     
 0.4250000E-01  0.4080675     
 0.4416666E-01  0.3426615     
 0.4583333E-01  0.3001163     
 0.4750000E-01  0.2179403     
 0.4916666E-01  0.1035054     
 0.5083333E-01  0.7546578E-01 
 0.5250000E-01  0.1384320     
 0.5416667E-01  0.1447547     
 0.5583333E-01  0.2174958     
 0.5750000E-01  0.3001369     
 0.5916666E-01  0.3835762     
 0.6083334E-01  0.3612769     
 0.6250000E-01  0.4229757     
 0.6416667E-01  0.4053973     
 0.6583333E-01  0.3292821     
 0.6750000E-01  0.3049962     
 0.6916667E-01  0.1833127     
 0.7083333E-01  0.1071122     
 0.7250000E-01  0.6545577E-01 
 0.7416667E-01  0.1096691     
 0.7583334E-01  0.2010326     
 0.7749999E-01  0.2840905     
 0.7916667E-01  0.3242066     
 0.8083334E-01  0.3785103     
 0.8250000E-01  0.3371302     
 0.8416667E-01  0.3165570     
 0.8583333E-01  0.2088721     
 0.8750000E-01  0.1007461     
 0.8916666E-01  0.6642132E-01 
 0.9083333E-01  0.1344355     
 0.9250000E-01  0.2395609     
 0.9416667E-01  0.2915158     
 0.9583333E-01  0.2981652     
 0.9750000E-01  0.2676620     
 0.9916665E-01  0.2201864     
 0.1008333      0.1051008     
 0.1025000      0.4010651E-01 
 0.1041667      0.1125608     
 0.1058333      0.1907670     
 0.1075000      0.2374429     
 0.1091667      0.2357755     
 0.1108333      0.1989003     
 0.1125000      0.1320254     
 0.1141667      0.6222467E-01 
 0.1158333      0.8182789E-01 
 0.1175000      0.1399843     
 0.1191667      0.1718109     
 0.1208333      0.1628805     
 0.1225000      0.1329343     
 0.1241667      0.7261171E-01 
 0.1258333      0.6396307E-01 
 0.1275000      0.8909606E-01 
 0.1291667      0.1438346     
 0.1308333      0.1682170     
 0.1325000      0.1633452     
 0.1341667      0.8739644E-01 
 0.1358333      0.5012479E-01 
 0.1375000      0.9206679E-01 
 0.1391667      0.1011189     
 0.1408333      0.1298787     
 0.1425000      0.1010151     
 0.1441667      0.6847922E-01 
 0.1458333      0.4468340E-01 
 0.1475000      0.5643035E-01 
 0.1491667      0.1119142     
 0.1508333      0.1008224     
 0.1525000      0.8140635E-01 
 0.1541667      0.6486261E-01 
 0.1558333      0.6271556E-01 
 0.1575000      0.1158990     
 0.1591667      0.7192864E-01 
 0.1608333      0.6254934E-01 
 0.1625000      0.5726467E-01 
 0.1641667      0.7179878E-01 
 0.1658333      0.9365556E-01 
