# SumMovie FRC for input stack : stack16.mrc
# Number of micrographs: 1
# Number of frames per movie: 50
# Pixel size (A): 3.0000
# 1/(A)          FRC
# -----------------------
# 
# Micrograph 1 of 1. Score: .539
 0.8333334E-03  0.9999994     
 0.2500000E-02  0.9672071     
 0.4166666E-02  0.9454581     
 0.5833333E-02  0.9120405     
 0.7499999E-02  0.8964384     
 0.9166666E-02  0.8416725     
 0.1083333E-01  0.7765546     
 0.1250000E-01  0.8838027     
 0.1416667E-01  0.9354641     
 0.1583333E-01  0.9656498     
 0.1750000E-01  0.9459358     
 0.1916667E-01  0.7764338     
 0.2083333E-01  0.8033184     
 0.2250000E-01  0.9024395     
 0.2416667E-01  0.9432502     
 0.2583333E-01  0.9340969     
 0.2750000E-01  0.8307029     
 0.2916667E-01  0.7048967     
 0.3083333E-01  0.7537550     
 0.3250000E-01  0.7967333     
 0.3416666E-01  0.7328395     
 0.3583334E-01  0.6079972     
 0.3750000E-01  0.4398383     
 0.3916667E-01  0.3794886     
 0.4083334E-01  0.2916679     
 0.4250000E-01  0.1232517     
 0.4416666E-01  0.1205504     
 0.4583333E-01  0.8461243E-01 
 0.4750000E-01  0.1486123     
 0.4916666E-01  0.2687489     
 0.5083333E-01  0.3438541     
 0.5250000E-01  0.3894308     
 0.5416667E-01  0.3817060     
 0.5583333E-01  0.4244777     
 0.5750000E-01  0.3624690     
 0.5916666E-01  0.2786053     
 0.6083334E-01  0.1863834     
 0.6250000E-01  0.8075746E-01 
 0.6416667E-01  0.1039355     
 0.6583333E-01  0.1381627     
 0.6750000E-01  0.2078986     
 0.6916667E-01  0.3156846     
 0.7083333E-01  0.4074548     
 0.7250000E-01  0.3712301     
 0.7416667E-01  0.3047233     
 0.7583334E-01  0.1825598     
 0.7749999E-01  0.1177072     
 0.7916667E-01  0.9471700E-01 
 0.8083334E-01  0.2500884     
 0.8250000E-01  0.2758469     
 0.8416667E-01  0.3613139     
 0.8583333E-01  0.3019547     
 0.8750000E-01  0.1850583     
 0.8916666E-01  0.1192808     
 0.9083333E-01  0.7718039E-01 
 0.9250000E-01  0.1876143     
 0.9416667E-01  0.2607746     
 0.9583333E-01  0.2784942     
 0.9750000E-01  0.2096423     
 0.9916665E-01  0.9646352E-01 
 0.1008333      0.5902903E-01 
 0.1025000      0.1217635     
 0.1041667      0.1906870     
 0.1058333      0.2409426     
 0.1075000      0.1801569     
 0.1091667      0.1096632     
 0.1108333      0.5492509E-01 
 0.1125000      0.1378161     
 0.1141667      0.1984859     
 0.1158333      0.1885024     
 0.1175000      0.1129147     
 0.1191667      0.4704642E-01 
 0.1208333      0.8869703E-01 
 0.1225000      0.1581416     
 0.1241667      0.1728071     
 0.1258333      0.1082351     
 0.1275000      0.6444312E-01 
 0.1291667      0.8951800E-01 
 0.1308333      0.1192624     
 0.1325000      0.1344803     
 0.1341667      0.6867269E-01 
 0.1358333      0.4710983E-01 
 0.1375000      0.1100033     
 0.1391667      0.1367941     
 0.1408333      0.9172205E-01 
 0.1425000      0.7365936E-01 
 0.1441667      0.7313576E-01 
 0.1458333      0.1116990     
 0.1475000      0.9305591E-01 
 0.1491667      0.5811816E-01 
 0.1508333      0.6711235E-01 
 0.1525000      0.9813882E-01 
 0.1541667      0.8378930E-01 
 0.1558333      0.7252982E-01 
 0.1575000      0.4441499E-01 
 0.1591667      0.8279681E-01 
 0.1608333      0.8700525E-01 
 0.1625000      0.4564797E-01 
 0.1641667      0.6180086E-01 
 0.1658333      0.1304037     
