# SumMovie FRC for input stack : stack16.mrc
# Number of micrographs: 1
# Number of frames per movie: 50
# Pixel size (A): 3.0000
# 1/(A)          FRC
# -----------------------
# 
# Micrograph 1 of 1. Score: .530
 0.8333334E-03  0.9999994     
 0.2500000E-02  0.9670568     
 0.4166666E-02  0.9459311     
 0.5833333E-02  0.9111714     
 0.7499999E-02  0.8944833     
 0.9166666E-02  0.8414997     
 0.1083333E-01  0.7724389     
 0.1250000E-01  0.8792307     
 0.1416667E-01  0.9336160     
 0.1583333E-01  0.9641988     
 0.1750000E-01  0.9441882     
 0.1916667E-01  0.7666822     
 0.2083333E-01  0.8016373     
 0.2250000E-01  0.8950686     
 0.2416667E-01  0.9359777     
 0.2583333E-01  0.9273098     
 0.2750000E-01  0.8184365     
 0.2916667E-01  0.6852681     
 0.3083333E-01  0.7356349     
 0.3250000E-01  0.7822020     
 0.3416666E-01  0.7040287     
 0.3583334E-01  0.5700212     
 0.3750000E-01  0.4286500     
 0.3916667E-01  0.3599777     
 0.4083334E-01  0.2972326     
 0.4250000E-01  0.1126889     
 0.4416666E-01  0.1229020     
 0.4583333E-01  0.1030431     
 0.4750000E-01  0.1352554     
 0.4916666E-01  0.2725620     
 0.5083333E-01  0.3372021     
 0.5250000E-01  0.3675190     
 0.5416667E-01  0.3644809     
 0.5583333E-01  0.4125282     
 0.5750000E-01  0.3530042     
 0.5916666E-01  0.2671080     
 0.6083334E-01  0.1826295     
 0.6250000E-01  0.9035485E-01 
 0.6416667E-01  0.1075385     
 0.6583333E-01  0.1438173     
 0.6750000E-01  0.2019381     
 0.6916667E-01  0.3077569     
 0.7083333E-01  0.4008684     
 0.7250000E-01  0.3406121     
 0.7416667E-01  0.2784444     
 0.7583334E-01  0.1694044     
 0.7749999E-01  0.1093294     
 0.7916667E-01  0.9302788E-01 
 0.8083334E-01  0.2485756     
 0.8250000E-01  0.2604560     
 0.8416667E-01  0.3380217     
 0.8583333E-01  0.2869350     
 0.8750000E-01  0.1864763     
 0.8916666E-01  0.1134960     
 0.9083333E-01  0.9043949E-01 
 0.9250000E-01  0.1804730     
 0.9416667E-01  0.2451683     
 0.9583333E-01  0.2676869     
 0.9750000E-01  0.2140859     
 0.9916665E-01  0.1163715     
 0.1008333      0.9010597E-01 
 0.1025000      0.1294761     
 0.1041667      0.1892810     
 0.1058333      0.2352318     
 0.1075000      0.1898503     
 0.1091667      0.1281424     
 0.1108333      0.5991557E-01 
 0.1125000      0.1503958     
 0.1141667      0.1790314     
 0.1158333      0.1741147     
 0.1175000      0.1214540     
 0.1191667      0.8833054E-01 
 0.1208333      0.1030888     
 0.1225000      0.1471556     
 0.1241667      0.1637695     
 0.1258333      0.1222901     
 0.1275000      0.8105035E-01 
 0.1291667      0.9221774E-01 
 0.1308333      0.1394452     
 0.1325000      0.1342162     
 0.1341667      0.9947783E-01 
 0.1358333      0.5137007E-01 
 0.1375000      0.1045468     
 0.1391667      0.1298075     
 0.1408333      0.1220367     
 0.1425000      0.7682120E-01 
 0.1441667      0.1017428     
 0.1458333      0.1151078     
 0.1475000      0.1081924     
 0.1491667      0.9785391E-01 
 0.1508333      0.9530565E-01 
 0.1525000      0.1065675     
 0.1541667      0.9708565E-01 
 0.1558333      0.7964202E-01 
 0.1575000      0.7384957E-01 
 0.1591667      0.1027853     
 0.1608333      0.1034431     
 0.1625000      0.6361011E-01 
 0.1641667      0.7477050E-01 
 0.1658333      0.1388513     
