# SumMovie FRC for input stack : stack16.mrc
# Number of micrographs: 1
# Number of frames per movie: 50
# Pixel size (A): 3.0000
# 1/(A)          FRC
# -----------------------
# 
# Micrograph 1 of 1. Score: .530
 0.8333334E-03  0.9999994     
 0.2500000E-02  0.9670466     
 0.4166666E-02  0.9459474     
 0.5833333E-02  0.9111090     
 0.7499999E-02  0.8944075     
 0.9166666E-02  0.8414080     
 0.1083333E-01  0.7721366     
 0.1250000E-01  0.8791149     
 0.1416667E-01  0.9335479     
 0.1583333E-01  0.9640744     
 0.1750000E-01  0.9440426     
 0.1916667E-01  0.7661556     
 0.2083333E-01  0.8011287     
 0.2250000E-01  0.8944946     
 0.2416667E-01  0.9355959     
 0.2583333E-01  0.9268505     
 0.2750000E-01  0.8174541     
 0.2916667E-01  0.6836829     
 0.3083333E-01  0.7348690     
 0.3250000E-01  0.7809162     
 0.3416666E-01  0.7024245     
 0.3583334E-01  0.5673662     
 0.3750000E-01  0.4282054     
 0.3916667E-01  0.3592417     
 0.4083334E-01  0.2972713     
 0.4250000E-01  0.1127914     
 0.4416666E-01  0.1225099     
 0.4583333E-01  0.1035081     
 0.4750000E-01  0.1354567     
 0.4916666E-01  0.2721997     
 0.5083333E-01  0.3360304     
 0.5250000E-01  0.3658450     
 0.5416667E-01  0.3628640     
 0.5583333E-01  0.4110911     
 0.5750000E-01  0.3516955     
 0.5916666E-01  0.2666301     
 0.6083334E-01  0.1824024     
 0.6250000E-01  0.9056140E-01 
 0.6416667E-01  0.1080407     
 0.6583333E-01  0.1433117     
 0.6750000E-01  0.1992354     
 0.6916667E-01  0.3067591     
 0.7083333E-01  0.3997351     
 0.7250000E-01  0.3387026     
 0.7416667E-01  0.2770129     
 0.7583334E-01  0.1677570     
 0.7749999E-01  0.1106197     
 0.7916667E-01  0.9368487E-01 
 0.8083334E-01  0.2486784     
 0.8250000E-01  0.2582063     
 0.8416667E-01  0.3351328     
 0.8583333E-01  0.2858016     
 0.8750000E-01  0.1853519     
 0.8916666E-01  0.1148494     
 0.9083333E-01  0.9220922E-01 
 0.9250000E-01  0.1804860     
 0.9416667E-01  0.2435374     
 0.9583333E-01  0.2654139     
 0.9750000E-01  0.2120098     
 0.9916665E-01  0.1187026     
 0.1008333      0.9229571E-01 
 0.1025000      0.1310276     
 0.1041667      0.1898910     
 0.1058333      0.2331875     
 0.1075000      0.1882228     
 0.1091667      0.1284602     
 0.1108333      0.6236383E-01 
 0.1125000      0.1504695     
 0.1141667      0.1791308     
 0.1158333      0.1724613     
 0.1175000      0.1246449     
 0.1191667      0.9000911E-01 
 0.1208333      0.1066439     
 0.1225000      0.1468199     
 0.1241667      0.1638514     
 0.1258333      0.1257498     
 0.1275000      0.8219887E-01 
 0.1291667      0.9433597E-01 
 0.1308333      0.1393478     
 0.1325000      0.1334592     
 0.1341667      0.1009963     
 0.1358333      0.5157870E-01 
 0.1375000      0.1080619     
 0.1391667      0.1299910     
 0.1408333      0.1220951     
 0.1425000      0.7801377E-01 
 0.1441667      0.1039368     
 0.1458333      0.1162149     
 0.1475000      0.1093854     
 0.1491667      0.1032490     
 0.1508333      0.9590339E-01 
 0.1525000      0.1086250     
 0.1541667      0.9943592E-01 
 0.1558333      0.8024258E-01 
 0.1575000      0.7789616E-01 
 0.1591667      0.1048798     
 0.1608333      0.1023596     
 0.1625000      0.6377298E-01 
 0.1641667      0.7951292E-01 
 0.1658333      0.1379116     
