# SumMovie FRC for input stack : stack1.mrc
# Number of micrographs: 1
# Number of frames per movie: 50
# Pixel size (A): 3.0000
# 1/(A)          FRC
# -----------------------
# 
# Micrograph 1 of 1. Score: .546
 0.8333334E-03  0.9999993     
 0.2500000E-02  0.9744607     
 0.4166666E-02  0.9570380     
 0.5833333E-02  0.9207637     
 0.7499999E-02  0.9048830     
 0.9166666E-02  0.7500404     
 0.1083333E-01  0.7274213     
 0.1250000E-01  0.8560804     
 0.1416667E-01  0.9223765     
 0.1583333E-01  0.9261436     
 0.1750000E-01  0.8740764     
 0.1916667E-01  0.6747343     
 0.2083333E-01  0.7637351     
 0.2250000E-01  0.8704497     
 0.2416667E-01  0.9034454     
 0.2583333E-01  0.8720272     
 0.2750000E-01  0.7481741     
 0.2916667E-01  0.6438536     
 0.3083333E-01  0.7089709     
 0.3250000E-01  0.7382919     
 0.3416666E-01  0.6845599     
 0.3583334E-01  0.5452859     
 0.3750000E-01  0.4820122     
 0.3916667E-01  0.4604542     
 0.4083334E-01  0.4489959     
 0.4250000E-01  0.3999797     
 0.4416666E-01  0.2571462     
 0.4583333E-01  0.1681539     
 0.4750000E-01  0.1867052     
 0.4916666E-01  0.9563960E-01 
 0.5083333E-01  0.6191675E-01 
 0.5250000E-01  0.6731240E-01 
 0.5416667E-01  0.1247916     
 0.5583333E-01  0.1868870     
 0.5750000E-01  0.2501354     
 0.5916666E-01  0.3160645     
 0.6083334E-01  0.3425866     
 0.6250000E-01  0.3281742     
 0.6416667E-01  0.2981998     
 0.6583333E-01  0.2707062     
 0.6750000E-01  0.1616817     
 0.6916667E-01  0.1327628     
 0.7083333E-01  0.8591289E-01 
 0.7250000E-01  0.6918052E-01 
 0.7416667E-01  0.1045058     
 0.7583334E-01  0.1631978     
 0.7749999E-01  0.2476645     
 0.7916667E-01  0.2985344     
 0.8083334E-01  0.2865556     
 0.8250000E-01  0.2842791     
 0.8416667E-01  0.2236715     
 0.8583333E-01  0.1230923     
 0.8750000E-01  0.6092942E-01 
 0.8916666E-01  0.3307055E-01 
 0.9083333E-01  0.1270601     
 0.9250000E-01  0.1928539     
 0.9416667E-01  0.2370420     
 0.9583333E-01  0.2464558     
 0.9750000E-01  0.1971123     
 0.9916665E-01  0.1097738     
 0.1008333      0.6592871E-01 
 0.1025000      0.4368651E-01 
 0.1041667      0.1212030     
 0.1058333      0.1538906     
 0.1075000      0.1573013     
 0.1091667      0.1717964     
 0.1108333      0.1285008     
 0.1125000      0.1253054     
 0.1141667      0.4124516E-01 
 0.1158333      0.6263673E-01 
 0.1175000      0.1072190     
 0.1191667      0.1085980     
 0.1208333      0.1111239     
 0.1225000      0.9680656E-01 
 0.1241667      0.4490429E-01 
 0.1258333      0.3831595E-01 
 0.1275000      0.5753824E-01 
 0.1291667      0.1102182     
 0.1308333      0.1225936     
 0.1325000      0.6608452E-01 
 0.1341667      0.4553303E-01 
 0.1358333      0.3052669E-01 
 0.1375000      0.1023013     
 0.1391667      0.6322660E-01 
 0.1408333      0.1054213     
 0.1425000      0.6830510E-01 
 0.1441667      0.3091405E-01 
 0.1458333      0.3038345E-01 
 0.1475000      0.7376305E-01 
 0.1491667      0.5883224E-01 
 0.1508333      0.6587505E-01 
 0.1525000      0.2988769E-01 
 0.1541667      0.5370586E-01 
 0.1558333      0.8410065E-01 
 0.1575000      0.4522166E-01 
 0.1591667      0.2196820E-01 
 0.1608333      0.2977171E-01 
 0.1625000      0.5010143E-01 
 0.1641667      0.3405354E-01 
 0.1658333      0.3192871E-01 
