# SumMovie FRC for input stack : stack1.mrc
# Number of micrographs: 1
# Number of frames per movie: 50
# Pixel size (A): 3.0000
# 1/(A)          FRC
# -----------------------
# 
# Micrograph 1 of 1. Score: .506
 0.8333334E-03  0.9999990     
 0.2500000E-02  0.9744974     
 0.4166666E-02  0.9567128     
 0.5833333E-02  0.9213636     
 0.7499999E-02  0.9023597     
 0.9166666E-02  0.7424294     
 0.1083333E-01  0.7105368     
 0.1250000E-01  0.8394735     
 0.1416667E-01  0.9095656     
 0.1583333E-01  0.9134071     
 0.1750000E-01  0.8580716     
 0.1916667E-01  0.6414036     
 0.2083333E-01  0.7329212     
 0.2250000E-01  0.8463393     
 0.2416667E-01  0.8838080     
 0.2583333E-01  0.8424492     
 0.2750000E-01  0.6921366     
 0.2916667E-01  0.5623428     
 0.3083333E-01  0.6573356     
 0.3250000E-01  0.6651940     
 0.3416666E-01  0.6081662     
 0.3583334E-01  0.4865355     
 0.3750000E-01  0.4289114     
 0.3916667E-01  0.3825593     
 0.4083334E-01  0.3804630     
 0.4250000E-01  0.3400281     
 0.4416666E-01  0.2154040     
 0.4583333E-01  0.1383293     
 0.4750000E-01  0.1898126     
 0.4916666E-01  0.1088215     
 0.5083333E-01  0.9627948E-01 
 0.5250000E-01  0.9875120E-01 
 0.5416667E-01  0.1136618     
 0.5583333E-01  0.1689261     
 0.5750000E-01  0.2177928     
 0.5916666E-01  0.2490657     
 0.6083334E-01  0.2830376     
 0.6250000E-01  0.2399033     
 0.6416667E-01  0.2328143     
 0.6583333E-01  0.2245467     
 0.6750000E-01  0.1402661     
 0.6916667E-01  0.1507528     
 0.7083333E-01  0.1213824     
 0.7250000E-01  0.7011797E-01 
 0.7416667E-01  0.8840171E-01 
 0.7583334E-01  0.1381916     
 0.7749999E-01  0.1897766     
 0.7916667E-01  0.2083581     
 0.8083334E-01  0.2112194     
 0.8250000E-01  0.2026727     
 0.8416667E-01  0.1601095     
 0.8583333E-01  0.1017409     
 0.8750000E-01  0.6110277E-01 
 0.8916666E-01  0.2244019E-01 
 0.9083333E-01  0.9575803E-01 
 0.9250000E-01  0.1250018     
 0.9416667E-01  0.1751147     
 0.9583333E-01  0.1855383     
 0.9750000E-01  0.1534137     
 0.9916665E-01  0.9396788E-01 
 0.1008333      0.8270139E-01 
 0.1025000      0.3617882E-01 
 0.1041667      0.1105011     
 0.1058333      0.1490773     
 0.1075000      0.1412027     
 0.1091667      0.1381369     
 0.1108333      0.1079943     
 0.1125000      0.1142260     
 0.1141667      0.7195186E-01 
 0.1158333      0.4648689E-01 
 0.1175000      0.7399093E-01 
 0.1191667      0.1062286     
 0.1208333      0.9865581E-01 
 0.1225000      0.6158714E-01 
 0.1241667      0.7489108E-01 
 0.1258333      0.4852300E-01 
 0.1275000      0.3298299E-01 
 0.1291667      0.1175794     
 0.1308333      0.9108029E-01 
 0.1325000      0.8148158E-01 
 0.1341667      0.2823973E-01 
 0.1358333      0.5876939E-01 
 0.1375000      0.6387757E-01 
 0.1391667      0.7433255E-01 
 0.1408333      0.9043467E-01 
 0.1425000      0.5905147E-01 
 0.1441667      0.3923758E-01 
 0.1458333      0.6074594E-01 
 0.1475000      0.8699146E-01 
 0.1491667      0.5492283E-01 
 0.1508333      0.4817574E-01 
 0.1525000      0.3892135E-01 
 0.1541667      0.4532147E-01 
 0.1558333      0.4784010E-01 
 0.1575000      0.5943291E-01 
 0.1591667      0.2135848E-01 
 0.1608333      0.6382144E-01 
 0.1625000      0.4531597E-01 
 0.1641667      0.7053955E-01 
 0.1658333      0.4354914E-01 
