# SumMovie FRC for input stack : stack11.mrc
# Number of micrographs: 1
# Number of frames per movie: 50
# Pixel size (A): 3.0000
# 1/(A)          FRC
# -----------------------
# 
# Micrograph 1 of 1. Score: .570
 0.8333334E-03  0.9999998     
 0.2500000E-02  0.8500804     
 0.4166666E-02  0.8701591     
 0.5833333E-02  0.8519521     
 0.7499999E-02  0.8572845     
 0.9166666E-02  0.7364948     
 0.1083333E-01  0.6258189     
 0.1250000E-01  0.8517732     
 0.1416667E-01  0.9138218     
 0.1583333E-01  0.9437121     
 0.1750000E-01  0.9067524     
 0.1916667E-01  0.6586180     
 0.2083333E-01  0.7383661     
 0.2250000E-01  0.8745567     
 0.2416667E-01  0.9209564     
 0.2583333E-01  0.8917009     
 0.2750000E-01  0.7403051     
 0.2916667E-01  0.6380385     
 0.3083333E-01  0.7078530     
 0.3250000E-01  0.7690113     
 0.3416666E-01  0.7167354     
 0.3583334E-01  0.5865968     
 0.3750000E-01  0.5194168     
 0.3916667E-01  0.4947348     
 0.4083334E-01  0.5134747     
 0.4250000E-01  0.3985699     
 0.4416666E-01  0.3338174     
 0.4583333E-01  0.2856591     
 0.4750000E-01  0.2196035     
 0.4916666E-01  0.1072994     
 0.5083333E-01  0.7584298E-01 
 0.5250000E-01  0.1363377     
 0.5416667E-01  0.1357216     
 0.5583333E-01  0.2211652     
 0.5750000E-01  0.2933483     
 0.5916666E-01  0.3538501     
 0.6083334E-01  0.3518090     
 0.6250000E-01  0.3930480     
 0.6416667E-01  0.3838852     
 0.6583333E-01  0.3022044     
 0.6750000E-01  0.2937472     
 0.6916667E-01  0.1882950     
 0.7083333E-01  0.1109272     
 0.7250000E-01  0.8688047E-01 
 0.7416667E-01  0.1089270     
 0.7583334E-01  0.1936030     
 0.7749999E-01  0.2610393     
 0.7916667E-01  0.3065171     
 0.8083334E-01  0.3442079     
 0.8250000E-01  0.3134936     
 0.8416667E-01  0.2878268     
 0.8583333E-01  0.2014726     
 0.8750000E-01  0.9271351E-01 
 0.8916666E-01  0.7695963E-01 
 0.9083333E-01  0.1284726     
 0.9250000E-01  0.2173698     
 0.9416667E-01  0.2791481     
 0.9583333E-01  0.3014270     
 0.9750000E-01  0.2502401     
 0.9916665E-01  0.2311749     
 0.1008333      0.1130392     
 0.1025000      0.8403980E-01 
 0.1041667      0.1414225     
 0.1058333      0.2160018     
 0.1075000      0.2121301     
 0.1091667      0.2466199     
 0.1108333      0.2081972     
 0.1125000      0.1532328     
 0.1141667      0.1011348     
 0.1158333      0.9281135E-01 
 0.1175000      0.1639035     
 0.1191667      0.1922850     
 0.1208333      0.1645259     
 0.1225000      0.1464067     
 0.1241667      0.9254916E-01 
 0.1258333      0.1032543     
 0.1275000      0.1119986     
 0.1291667      0.1654593     
 0.1308333      0.1607342     
 0.1325000      0.1845200     
 0.1341667      0.1105523     
 0.1358333      0.7100589E-01 
 0.1375000      0.1313792     
 0.1391667      0.1152108     
 0.1408333      0.1506541     
 0.1425000      0.1148195     
 0.1441667      0.1154048     
 0.1458333      0.1028030     
 0.1475000      0.1021689     
 0.1491667      0.1181881     
 0.1508333      0.1491465     
 0.1525000      0.1079205     
 0.1541667      0.9765770E-01 
 0.1558333      0.1138131     
 0.1575000      0.1454906     
 0.1591667      0.1073586     
 0.1608333      0.1187284     
 0.1625000      0.9772728E-01 
 0.1641667      0.1250673     
 0.1658333      0.1440179     
