# SumMovie FRC for input stack : stack1.mrc
# Number of micrographs: 1
# Number of frames per movie: 50
# Pixel size (A): 3.0000
# 1/(A)          FRC
# -----------------------
# 
# Micrograph 1 of 1. Score: .527
 0.8333334E-03  0.9999990     
 0.2500000E-02  0.9744805     
 0.4166666E-02  0.9568045     
 0.5833333E-02  0.9214067     
 0.7499999E-02  0.9030529     
 0.9166666E-02  0.7474372     
 0.1083333E-01  0.7165304     
 0.1250000E-01  0.8472132     
 0.1416667E-01  0.9152311     
 0.1583333E-01  0.9179561     
 0.1750000E-01  0.8679810     
 0.1916667E-01  0.6623380     
 0.2083333E-01  0.7505416     
 0.2250000E-01  0.8604935     
 0.2416667E-01  0.8961838     
 0.2583333E-01  0.8615033     
 0.2750000E-01  0.7238777     
 0.2916667E-01  0.6120039     
 0.3083333E-01  0.6905686     
 0.3250000E-01  0.7145016     
 0.3416666E-01  0.6606687     
 0.3583334E-01  0.5213023     
 0.3750000E-01  0.4535810     
 0.3916667E-01  0.4279244     
 0.4083334E-01  0.4317701     
 0.4250000E-01  0.3681448     
 0.4416666E-01  0.2258948     
 0.4583333E-01  0.1290278     
 0.4750000E-01  0.1829948     
 0.4916666E-01  0.8929566E-01 
 0.5083333E-01  0.7825398E-01 
 0.5250000E-01  0.7501631E-01 
 0.5416667E-01  0.1015245     
 0.5583333E-01  0.1786804     
 0.5750000E-01  0.2113521     
 0.5916666E-01  0.3013236     
 0.6083334E-01  0.3105520     
 0.6250000E-01  0.2780154     
 0.6416667E-01  0.2374598     
 0.6583333E-01  0.2354782     
 0.6750000E-01  0.1382895     
 0.6916667E-01  0.1114109     
 0.7083333E-01  0.8707065E-01 
 0.7250000E-01  0.5324438E-01 
 0.7416667E-01  0.7176983E-01 
 0.7583334E-01  0.1364272     
 0.7749999E-01  0.2005070     
 0.7916667E-01  0.2666789     
 0.8083334E-01  0.2507342     
 0.8250000E-01  0.2322853     
 0.8416667E-01  0.1600428     
 0.8583333E-01  0.9678559E-01 
 0.8750000E-01  0.6032185E-01 
 0.8916666E-01  0.3724074E-01 
 0.9083333E-01  0.9194972E-01 
 0.9250000E-01  0.1445630     
 0.9416667E-01  0.2007870     
 0.9583333E-01  0.2173156     
 0.9750000E-01  0.1584648     
 0.9916665E-01  0.1051219     
 0.1008333      0.6471775E-01 
 0.1025000      0.4435816E-01 
 0.1041667      0.6716121E-01 
 0.1058333      0.1411690     
 0.1075000      0.1614468     
 0.1091667      0.1446962     
 0.1108333      0.1087673     
 0.1125000      0.1260569     
 0.1141667      0.6355800E-01 
 0.1158333      0.4123349E-01 
 0.1175000      0.8693665E-01 
 0.1191667      0.1040591     
 0.1208333      0.9447642E-01 
 0.1225000      0.9871414E-01 
 0.1241667      0.6592000E-01 
 0.1258333      0.3766451E-01 
 0.1275000      0.4972587E-01 
 0.1291667      0.9792607E-01 
 0.1308333      0.8856597E-01 
 0.1325000      0.6018452E-01 
 0.1341667      0.4124917E-01 
 0.1358333      0.2707153E-01 
 0.1375000      0.4972065E-01 
 0.1391667      0.7587861E-01 
 0.1408333      0.8012373E-01 
 0.1425000      0.4398294E-01 
 0.1441667      0.3013079E-01 
 0.1458333      0.4177598E-01 
 0.1475000      0.6538078E-01 
 0.1491667      0.5398339E-01 
 0.1508333      0.7541934E-01 
 0.1525000      0.3211669E-01 
 0.1541667      0.3354637E-01 
 0.1558333      0.6887432E-01 
 0.1575000      0.4648665E-01 
 0.1591667      0.1086977E-01 
 0.1608333      0.3609705E-01 
 0.1625000      0.5233738E-01 
 0.1641667      0.4964276E-01 
 0.1658333      0.1470938E-01 
