# SumMovie FRC for input stack : stack6.mrc
# Number of micrographs: 1
# Number of frames per movie: 50
# Pixel size (A): 3.0000
# 1/(A)          FRC
# -----------------------
# 
# Micrograph 1 of 1. Score: .592
 0.8333334E-03  0.9999999     
 0.2500000E-02  0.9513035     
 0.4166666E-02  0.9318986     
 0.5833333E-02  0.8474029     
 0.7499999E-02  0.8654699     
 0.9166666E-02  0.6779441     
 0.1083333E-01  0.6579875     
 0.1250000E-01  0.8495401     
 0.1416667E-01  0.8878190     
 0.1583333E-01  0.9350095     
 0.1750000E-01  0.8938830     
 0.1916667E-01  0.6009102     
 0.2083333E-01  0.6727147     
 0.2250000E-01  0.8424571     
 0.2416667E-01  0.9021977     
 0.2583333E-01  0.8569888     
 0.2750000E-01  0.7344891     
 0.2916667E-01  0.6264993     
 0.3083333E-01  0.6972836     
 0.3250000E-01  0.7293091     
 0.3416666E-01  0.7018940     
 0.3583334E-01  0.5996830     
 0.3750000E-01  0.5396035     
 0.3916667E-01  0.5306512     
 0.4083334E-01  0.5745279     
 0.4250000E-01  0.4583290     
 0.4416666E-01  0.3952703     
 0.4583333E-01  0.3667087     
 0.4750000E-01  0.3018058     
 0.4916666E-01  0.2221912     
 0.5083333E-01  0.1338323     
 0.5250000E-01  0.1183467     
 0.5416667E-01  0.6269813E-01 
 0.5583333E-01  0.9961292E-01 
 0.5750000E-01  0.1204608     
 0.5916666E-01  0.1997732     
 0.6083334E-01  0.2714057     
 0.6250000E-01  0.2938949     
 0.6416667E-01  0.3443041     
 0.6583333E-01  0.3714683     
 0.6750000E-01  0.3480862     
 0.6916667E-01  0.3466383     
 0.7083333E-01  0.2913332     
 0.7250000E-01  0.2240880     
 0.7416667E-01  0.1305160     
 0.7583334E-01  0.7902575E-01 
 0.7749999E-01  0.7224778E-01 
 0.7916667E-01  0.7720380E-01 
 0.8083334E-01  0.1862432     
 0.8250000E-01  0.2273542     
 0.8416667E-01  0.2951123     
 0.8583333E-01  0.3106162     
 0.8750000E-01  0.2915402     
 0.8916666E-01  0.2461629     
 0.9083333E-01  0.1634555     
 0.9250000E-01  0.8707637E-01 
 0.9416667E-01  0.5455728E-01 
 0.9583333E-01  0.8527691E-01 
 0.9750000E-01  0.8782529E-01 
 0.9916665E-01  0.1407139     
 0.1008333      0.2183820     
 0.1025000      0.2417093     
 0.1041667      0.1749963     
 0.1058333      0.1537530     
 0.1075000      0.8326268E-01 
 0.1091667      0.7155926E-01 
 0.1108333      0.4732237E-01 
 0.1125000      0.8257098E-01 
 0.1141667      0.1412044     
 0.1158333      0.1939589     
 0.1175000      0.1711944     
 0.1191667      0.1361483     
 0.1208333      0.4378418E-01 
 0.1225000      0.4454254E-01 
 0.1241667      0.2935372E-01 
 0.1258333      0.1035927     
 0.1275000      0.1220444     
 0.1291667      0.1289516     
 0.1308333      0.1194904     
 0.1325000      0.6509595E-01 
 0.1341667      0.4808740E-01 
 0.1358333      0.7587951E-01 
 0.1375000      0.6504016E-01 
 0.1391667      0.1018367     
 0.1408333      0.9095183E-01 
 0.1425000      0.7356006E-01 
 0.1441667      0.6300905E-01 
 0.1458333      0.3278929E-01 
 0.1475000      0.5528294E-01 
 0.1491667      0.7363062E-01 
 0.1508333      0.9081630E-01 
 0.1525000      0.6642114E-01 
 0.1541667      0.4374275E-01 
 0.1558333      0.3937790E-01 
 0.1575000      0.7122564E-01 
 0.1591667      0.8521035E-01 
 0.1608333      0.7639554E-01 
 0.1625000      0.7831413E-01 
 0.1641667      0.5489565E-01 
 0.1658333      0.2866544E-01 
