# SumMovie FRC for input stack : stack6.mrc
# Number of micrographs: 1
# Number of frames per movie: 50
# Pixel size (A): 3.0000
# 1/(A)          FRC
# -----------------------
# 
# Micrograph 1 of 1. Score: .592
 0.8333334E-03  0.9999999     
 0.2500000E-02  0.9513009     
 0.4166666E-02  0.9319897     
 0.5833333E-02  0.8474669     
 0.7499999E-02  0.8653477     
 0.9166666E-02  0.6790712     
 0.1083333E-01  0.6589186     
 0.1250000E-01  0.8497924     
 0.1416667E-01  0.8880479     
 0.1583333E-01  0.9353161     
 0.1750000E-01  0.8941295     
 0.1916667E-01  0.6000841     
 0.2083333E-01  0.6727678     
 0.2250000E-01  0.8429497     
 0.2416667E-01  0.9028479     
 0.2583333E-01  0.8568670     
 0.2750000E-01  0.7350017     
 0.2916667E-01  0.6251778     
 0.3083333E-01  0.6979439     
 0.3250000E-01  0.7290590     
 0.3416666E-01  0.7025396     
 0.3583334E-01  0.6005379     
 0.3750000E-01  0.5391000     
 0.3916667E-01  0.5311896     
 0.4083334E-01  0.5742303     
 0.4250000E-01  0.4568674     
 0.4416666E-01  0.3953799     
 0.4583333E-01  0.3625462     
 0.4750000E-01  0.3018119     
 0.4916666E-01  0.2239774     
 0.5083333E-01  0.1341213     
 0.5250000E-01  0.1159297     
 0.5416667E-01  0.6193601E-01 
 0.5583333E-01  0.9780793E-01 
 0.5750000E-01  0.1222601     
 0.5916666E-01  0.1975932     
 0.6083334E-01  0.2698180     
 0.6250000E-01  0.2899765     
 0.6416667E-01  0.3455456     
 0.6583333E-01  0.3760027     
 0.6750000E-01  0.3504619     
 0.6916667E-01  0.3465323     
 0.7083333E-01  0.2890310     
 0.7250000E-01  0.2207934     
 0.7416667E-01  0.1227731     
 0.7583334E-01  0.7939804E-01 
 0.7749999E-01  0.6530086E-01 
 0.7916667E-01  0.7901803E-01 
 0.8083334E-01  0.1857985     
 0.8250000E-01  0.2314993     
 0.8416667E-01  0.2999181     
 0.8583333E-01  0.3115029     
 0.8750000E-01  0.2920017     
 0.8916666E-01  0.2428399     
 0.9083333E-01  0.1638791     
 0.9250000E-01  0.8418555E-01 
 0.9416667E-01  0.4639569E-01 
 0.9583333E-01  0.8563181E-01 
 0.9750000E-01  0.8816355E-01 
 0.9916665E-01  0.1449492     
 0.1008333      0.2155933     
 0.1025000      0.2370014     
 0.1041667      0.1736799     
 0.1058333      0.1458173     
 0.1075000      0.8160762E-01 
 0.1091667      0.7493465E-01 
 0.1108333      0.4375163E-01 
 0.1125000      0.8849522E-01 
 0.1141667      0.1421203     
 0.1158333      0.1918696     
 0.1175000      0.1752502     
 0.1191667      0.1312264     
 0.1208333      0.4122202E-01 
 0.1225000      0.4362730E-01 
 0.1241667      0.4395939E-01 
 0.1258333      0.1054199     
 0.1275000      0.1229611     
 0.1291667      0.1305773     
 0.1308333      0.1092294     
 0.1325000      0.5930685E-01 
 0.1341667      0.5338642E-01 
 0.1358333      0.7785992E-01 
 0.1375000      0.7149661E-01 
 0.1391667      0.1076688     
 0.1408333      0.9230226E-01 
 0.1425000      0.7407337E-01 
 0.1441667      0.5839588E-01 
 0.1458333      0.4418470E-01 
 0.1475000      0.4835614E-01 
 0.1491667      0.8008921E-01 
 0.1508333      0.9400840E-01 
 0.1525000      0.6747662E-01 
 0.1541667      0.4953241E-01 
 0.1558333      0.3849113E-01 
 0.1575000      0.7491475E-01 
 0.1591667      0.8084114E-01 
 0.1608333      0.7710664E-01 
 0.1625000      0.7780909E-01 
 0.1641667      0.5520876E-01 
 0.1658333      0.2838295E-01 
