# SumMovie FRC for input stack : stack11.mrc
# Number of micrographs: 1
# Number of frames per movie: 50
# Pixel size (A): 3.0000
# 1/(A)          FRC
# -----------------------
# 
# Micrograph 1 of 1. Score: .576
 0.8333334E-03  0.9999998     
 0.2500000E-02  0.8504840     
 0.4166666E-02  0.8706260     
 0.5833333E-02  0.8518549     
 0.7499999E-02  0.8576831     
 0.9166666E-02  0.7374793     
 0.1083333E-01  0.6259416     
 0.1250000E-01  0.8531597     
 0.1416667E-01  0.9148431     
 0.1583333E-01  0.9440967     
 0.1750000E-01  0.9078332     
 0.1916667E-01  0.6571876     
 0.2083333E-01  0.7409980     
 0.2250000E-01  0.8760781     
 0.2416667E-01  0.9235584     
 0.2583333E-01  0.8932191     
 0.2750000E-01  0.7453424     
 0.2916667E-01  0.6481445     
 0.3083333E-01  0.7160407     
 0.3250000E-01  0.7756172     
 0.3416666E-01  0.7267591     
 0.3583334E-01  0.5934729     
 0.3750000E-01  0.5294410     
 0.3916667E-01  0.5061492     
 0.4083334E-01  0.5203649     
 0.4250000E-01  0.4049359     
 0.4416666E-01  0.3414322     
 0.4583333E-01  0.2975073     
 0.4750000E-01  0.2208281     
 0.4916666E-01  0.1079656     
 0.5083333E-01  0.7752806E-01 
 0.5250000E-01  0.1377229     
 0.5416667E-01  0.1447213     
 0.5583333E-01  0.2225784     
 0.5750000E-01  0.3004421     
 0.5916666E-01  0.3727962     
 0.6083334E-01  0.3605425     
 0.6250000E-01  0.4146529     
 0.6416667E-01  0.4006348     
 0.6583333E-01  0.3238035     
 0.6750000E-01  0.3046433     
 0.6916667E-01  0.1880998     
 0.7083333E-01  0.1092843     
 0.7250000E-01  0.7859287E-01 
 0.7416667E-01  0.1099311     
 0.7583334E-01  0.2015392     
 0.7749999E-01  0.2762007     
 0.7916667E-01  0.3190952     
 0.8083334E-01  0.3678563     
 0.8250000E-01  0.3292149     
 0.8416667E-01  0.3070414     
 0.8583333E-01  0.2118760     
 0.8750000E-01  0.1001913     
 0.8916666E-01  0.7489972E-01 
 0.9083333E-01  0.1331888     
 0.9250000E-01  0.2325258     
 0.9416667E-01  0.2930619     
 0.9583333E-01  0.3033094     
 0.9750000E-01  0.2648629     
 0.9916665E-01  0.2333905     
 0.1008333      0.1117772     
 0.1025000      0.6346640E-01 
 0.1041667      0.1258618     
 0.1058333      0.2105523     
 0.1075000      0.2350964     
 0.1091667      0.2457611     
 0.1108333      0.2059472     
 0.1125000      0.1456231     
 0.1141667      0.8447517E-01 
 0.1158333      0.9145975E-01 
 0.1175000      0.1561917     
 0.1191667      0.1889000     
 0.1208333      0.1631422     
 0.1225000      0.1415326     
 0.1241667      0.8208765E-01 
 0.1258333      0.8253989E-01 
 0.1275000      0.1017152     
 0.1291667      0.1575996     
 0.1308333      0.1707451     
 0.1325000      0.1764576     
 0.1341667      0.1000533     
 0.1358333      0.5908303E-01 
 0.1375000      0.1164003     
 0.1391667      0.1109680     
 0.1408333      0.1454573     
 0.1425000      0.1126115     
 0.1441667      0.8960602E-01 
 0.1458333      0.7564401E-01 
 0.1475000      0.7033668E-01 
 0.1491667      0.1211663     
 0.1508333      0.1251031     
 0.1525000      0.9687909E-01 
 0.1541667      0.8261383E-01 
 0.1558333      0.8334516E-01 
 0.1575000      0.1296330     
 0.1591667      0.8702654E-01 
 0.1608333      0.8609976E-01 
 0.1625000      0.7051863E-01 
 0.1641667      0.9995894E-01 
 0.1658333      0.1150058     
