# SumMovie FRC for input stack : stack11.mrc
# Number of micrographs: 1
# Number of frames per movie: 50
# Pixel size (A): 3.0000
# 1/(A)          FRC
# -----------------------
# 
# Micrograph 1 of 1. Score: .577
 0.8333334E-03  0.9999998     
 0.2500000E-02  0.8506023     
 0.4166666E-02  0.8708769     
 0.5833333E-02  0.8516837     
 0.7499999E-02  0.8579021     
 0.9166666E-02  0.7376907     
 0.1083333E-01  0.6259017     
 0.1250000E-01  0.8538259     
 0.1416667E-01  0.9153946     
 0.1583333E-01  0.9442027     
 0.1750000E-01  0.9082945     
 0.1916667E-01  0.6551286     
 0.2083333E-01  0.7417840     
 0.2250000E-01  0.8761598     
 0.2416667E-01  0.9246579     
 0.2583333E-01  0.8933889     
 0.2750000E-01  0.7466019     
 0.2916667E-01  0.6517611     
 0.3083333E-01  0.7199259     
 0.3250000E-01  0.7779899     
 0.3416666E-01  0.7311811     
 0.3583334E-01  0.5953467     
 0.3750000E-01  0.5327033     
 0.3916667E-01  0.5108616     
 0.4083334E-01  0.5217128     
 0.4250000E-01  0.4074646     
 0.4416666E-01  0.3424511     
 0.4583333E-01  0.3001365     
 0.4750000E-01  0.2193572     
 0.4916666E-01  0.1043292     
 0.5083333E-01  0.7616250E-01 
 0.5250000E-01  0.1389763     
 0.5416667E-01  0.1456680     
 0.5583333E-01  0.2191627     
 0.5750000E-01  0.2999826     
 0.5916666E-01  0.3826238     
 0.6083334E-01  0.3614389     
 0.6250000E-01  0.4224361     
 0.6416667E-01  0.4054284     
 0.6583333E-01  0.3280163     
 0.6750000E-01  0.3048550     
 0.6916667E-01  0.1829590     
 0.7083333E-01  0.1065927     
 0.7250000E-01  0.6761654E-01 
 0.7416667E-01  0.1088886     
 0.7583334E-01  0.2024708     
 0.7749999E-01  0.2828847     
 0.7916667E-01  0.3227413     
 0.8083334E-01  0.3774203     
 0.8250000E-01  0.3362021     
 0.8416667E-01  0.3161711     
 0.8583333E-01  0.2098362     
 0.8750000E-01  0.1010602     
 0.8916666E-01  0.6858028E-01 
 0.9083333E-01  0.1344511     
 0.9250000E-01  0.2388935     
 0.9416667E-01  0.2922425     
 0.9583333E-01  0.2980823     
 0.9750000E-01  0.2684960     
 0.9916665E-01  0.2220074     
 0.1008333      0.1069179     
 0.1025000      0.4360153E-01 
 0.1041667      0.1149496     
 0.1058333      0.1942641     
 0.1075000      0.2380623     
 0.1091667      0.2373189     
 0.1108333      0.1992375     
 0.1125000      0.1339736     
 0.1141667      0.6576417E-01 
 0.1158333      0.8322675E-01 
 0.1175000      0.1410490     
 0.1191667      0.1756102     
 0.1208333      0.1629892     
 0.1225000      0.1324893     
 0.1241667      0.7429031E-01 
 0.1258333      0.6561564E-01 
 0.1275000      0.9217882E-01 
 0.1291667      0.1452668     
 0.1308333      0.1675671     
 0.1325000      0.1646670     
 0.1341667      0.8904799E-01 
 0.1358333      0.4967461E-01 
 0.1375000      0.9611171E-01 
 0.1391667      0.1024729     
 0.1408333      0.1300906     
 0.1425000      0.1035655     
 0.1441667      0.7123592E-01 
 0.1458333      0.4879172E-01 
 0.1475000      0.5712375E-01 
 0.1491667      0.1120630     
 0.1508333      0.1059296     
 0.1525000      0.8342712E-01 
 0.1541667      0.6660591E-01 
 0.1558333      0.6517420E-01 
 0.1575000      0.1169042     
 0.1591667      0.7149629E-01 
 0.1608333      0.6551241E-01 
 0.1625000      0.5882525E-01 
 0.1641667      0.7517070E-01 
 0.1658333      0.9620340E-01 
