# SumMovie FRC for input stack : stack16.mrc
# Number of micrographs: 1
# Number of frames per movie: 50
# Pixel size (A): 3.0000
# 1/(A)          FRC
# -----------------------
# 
# Micrograph 1 of 1. Score: .528
 0.8333334E-03  0.9999994     
 0.2500000E-02  0.9669978     
 0.4166666E-02  0.9459178     
 0.5833333E-02  0.9109727     
 0.7499999E-02  0.8943119     
 0.9166666E-02  0.8411468     
 0.1083333E-01  0.7716210     
 0.1250000E-01  0.8785509     
 0.1416667E-01  0.9333336     
 0.1583333E-01  0.9637414     
 0.1750000E-01  0.9435827     
 0.1916667E-01  0.7647838     
 0.2083333E-01  0.8000680     
 0.2250000E-01  0.8928472     
 0.2416667E-01  0.9344188     
 0.2583333E-01  0.9253906     
 0.2750000E-01  0.8143630     
 0.2916667E-01  0.6801447     
 0.3083333E-01  0.7320023     
 0.3250000E-01  0.7774022     
 0.3416666E-01  0.6984565     
 0.3583334E-01  0.5591654     
 0.3750000E-01  0.4259106     
 0.3916667E-01  0.3591369     
 0.4083334E-01  0.2956293     
 0.4250000E-01  0.1141587     
 0.4416666E-01  0.1226384     
 0.4583333E-01  0.1055311     
 0.4750000E-01  0.1365501     
 0.4916666E-01  0.2708317     
 0.5083333E-01  0.3314967     
 0.5250000E-01  0.3601656     
 0.5416667E-01  0.3586838     
 0.5583333E-01  0.4066794     
 0.5750000E-01  0.3456685     
 0.5916666E-01  0.2637883     
 0.6083334E-01  0.1763194     
 0.6250000E-01  0.9104282E-01 
 0.6416667E-01  0.1123089     
 0.6583333E-01  0.1421301     
 0.6750000E-01  0.1922733     
 0.6916667E-01  0.3003918     
 0.7083333E-01  0.3915829     
 0.7250000E-01  0.3339032     
 0.7416667E-01  0.2712334     
 0.7583334E-01  0.1647441     
 0.7749999E-01  0.1120574     
 0.7916667E-01  0.9314560E-01 
 0.8083334E-01  0.2465250     
 0.8250000E-01  0.2497817     
 0.8416667E-01  0.3280545     
 0.8583333E-01  0.2796843     
 0.8750000E-01  0.1850501     
 0.8916666E-01  0.1167437     
 0.9083333E-01  0.9824106E-01 
 0.9250000E-01  0.1831788     
 0.9416667E-01  0.2414305     
 0.9583333E-01  0.2575197     
 0.9750000E-01  0.2073652     
 0.9916665E-01  0.1254378     
 0.1008333      0.1035984     
 0.1025000      0.1340332     
 0.1041667      0.1903030     
 0.1058333      0.2296006     
 0.1075000      0.1876930     
 0.1091667      0.1303036     
 0.1108333      0.6814627E-01 
 0.1125000      0.1528566     
 0.1141667      0.1823749     
 0.1158333      0.1720508     
 0.1175000      0.1336921     
 0.1191667      0.9140819E-01 
 0.1208333      0.1139904     
 0.1225000      0.1491590     
 0.1241667      0.1695940     
 0.1258333      0.1291341     
 0.1275000      0.8913080E-01 
 0.1291667      0.1064116     
 0.1308333      0.1396489     
 0.1325000      0.1350468     
 0.1341667      0.1079485     
 0.1358333      0.6366392E-01 
 0.1375000      0.1193999     
 0.1391667      0.1340096     
 0.1408333      0.1331334     
 0.1425000      0.8926635E-01 
 0.1441667      0.1151633     
 0.1458333      0.1192434     
 0.1475000      0.1135236     
 0.1491667      0.1177160     
 0.1508333      0.9923032E-01 
 0.1525000      0.1203203     
 0.1541667      0.1116739     
 0.1558333      0.8986890E-01 
 0.1575000      0.9060257E-01 
 0.1591667      0.1080841     
 0.1608333      0.1127880     
 0.1625000      0.6937459E-01 
 0.1641667      0.9129391E-01 
 0.1658333      0.1369817     
