# SumMovie FRC for input stack : stack11.mrc
# Number of micrographs: 1
# Number of frames per movie: 50
# Pixel size (A): 3.0000
# 1/(A)          FRC
# -----------------------
# 
# Micrograph 1 of 1. Score: .576
 0.8333334E-03  0.9999998     
 0.2500000E-02  0.8504913     
 0.4166666E-02  0.8706492     
 0.5833333E-02  0.8517860     
 0.7499999E-02  0.8577358     
 0.9166666E-02  0.7375857     
 0.1083333E-01  0.6261340     
 0.1250000E-01  0.8533108     
 0.1416667E-01  0.9149866     
 0.1583333E-01  0.9441386     
 0.1750000E-01  0.9079577     
 0.1916667E-01  0.6567776     
 0.2083333E-01  0.7412898     
 0.2250000E-01  0.8761174     
 0.2416667E-01  0.9238220     
 0.2583333E-01  0.8933712     
 0.2750000E-01  0.7457937     
 0.2916667E-01  0.6494974     
 0.3083333E-01  0.7169294     
 0.3250000E-01  0.7761604     
 0.3416666E-01  0.7282950     
 0.3583334E-01  0.5940976     
 0.3750000E-01  0.5303890     
 0.3916667E-01  0.5075986     
 0.4083334E-01  0.5205974     
 0.4250000E-01  0.4058571     
 0.4416666E-01  0.3421321     
 0.4583333E-01  0.2987328     
 0.4750000E-01  0.2196996     
 0.4916666E-01  0.1074771     
 0.5083333E-01  0.7683934E-01 
 0.5250000E-01  0.1375678     
 0.5416667E-01  0.1448005     
 0.5583333E-01  0.2215031     
 0.5750000E-01  0.3004429     
 0.5916666E-01  0.3757558     
 0.6083334E-01  0.3606688     
 0.6250000E-01  0.4169743     
 0.6416667E-01  0.4021791     
 0.6583333E-01  0.3264257     
 0.6750000E-01  0.3047947     
 0.6916667E-01  0.1869253     
 0.7083333E-01  0.1082081     
 0.7250000E-01  0.7514159E-01 
 0.7416667E-01  0.1101651     
 0.7583334E-01  0.2013972     
 0.7749999E-01  0.2793571     
 0.7916667E-01  0.3205471     
 0.8083334E-01  0.3709345     
 0.8250000E-01  0.3316715     
 0.8416667E-01  0.3093341     
 0.8583333E-01  0.2112166     
 0.8750000E-01  0.1012307     
 0.8916666E-01  0.7284523E-01 
 0.9083333E-01  0.1337919     
 0.9250000E-01  0.2345770     
 0.9416667E-01  0.2940501     
 0.9583333E-01  0.3035616     
 0.9750000E-01  0.2660301     
 0.9916665E-01  0.2312072     
 0.1008333      0.1106790     
 0.1025000      0.5780852E-01 
 0.1041667      0.1224216     
 0.1058333      0.2065825     
 0.1075000      0.2370358     
 0.1091667      0.2424120     
 0.1108333      0.2041826     
 0.1125000      0.1431859     
 0.1141667      0.7888552E-01 
 0.1158333      0.8885960E-01 
 0.1175000      0.1520977     
 0.1191667      0.1852301     
 0.1208333      0.1631088     
 0.1225000      0.1405340     
 0.1241667      0.7937325E-01 
 0.1258333      0.7768894E-01 
 0.1275000      0.9808858E-01 
 0.1291667      0.1533579     
 0.1308333      0.1709860     
 0.1325000      0.1738282     
 0.1341667      0.9569465E-01 
 0.1358333      0.5618304E-01 
 0.1375000      0.1096037     
 0.1391667      0.1106034     
 0.1408333      0.1424967     
 0.1425000      0.1108682     
 0.1441667      0.8385988E-01 
 0.1458333      0.6759236E-01 
 0.1475000      0.6586383E-01 
 0.1491667      0.1202044     
 0.1508333      0.1190205     
 0.1525000      0.9389994E-01 
 0.1541667      0.8034251E-01 
 0.1558333      0.7765044E-01 
 0.1575000      0.1256426     
 0.1591667      0.8535320E-01 
 0.1608333      0.7892522E-01 
 0.1625000      0.6521706E-01 
 0.1641667      0.9252554E-01 
 0.1658333      0.1105759     
