# SumMovie FRC for input stack : stack11.mrc
# Number of micrographs: 1
# Number of frames per movie: 50
# Pixel size (A): 3.0000
# 1/(A)          FRC
# -----------------------
# 
# Micrograph 1 of 1. Score: .577
 0.8333334E-03  0.9999998     
 0.2500000E-02  0.8506344     
 0.4166666E-02  0.8709495     
 0.5833333E-02  0.8516107     
 0.7499999E-02  0.8579369     
 0.9166666E-02  0.7375711     
 0.1083333E-01  0.6258942     
 0.1250000E-01  0.8540003     
 0.1416667E-01  0.9155424     
 0.1583333E-01  0.9441554     
 0.1750000E-01  0.9083300     
 0.1916667E-01  0.6542048     
 0.2083333E-01  0.7418001     
 0.2250000E-01  0.8761314     
 0.2416667E-01  0.9249199     
 0.2583333E-01  0.8933753     
 0.2750000E-01  0.7467210     
 0.2916667E-01  0.6523097     
 0.3083333E-01  0.7207361     
 0.3250000E-01  0.7782257     
 0.3416666E-01  0.7324040     
 0.3583334E-01  0.5952284     
 0.3750000E-01  0.5327572     
 0.3916667E-01  0.5113536     
 0.4083334E-01  0.5213388     
 0.4250000E-01  0.4078619     
 0.4416666E-01  0.3427413     
 0.4583333E-01  0.3001845     
 0.4750000E-01  0.2174912     
 0.4916666E-01  0.1031751     
 0.5083333E-01  0.7422254E-01 
 0.5250000E-01  0.1384307     
 0.5416667E-01  0.1444797     
 0.5583333E-01  0.2168436     
 0.5750000E-01  0.2997231     
 0.5916666E-01  0.3847556     
 0.6083334E-01  0.3616662     
 0.6250000E-01  0.4235526     
 0.6416667E-01  0.4059770     
 0.6583333E-01  0.3288684     
 0.6750000E-01  0.3033296     
 0.6916667E-01  0.1813122     
 0.7083333E-01  0.1067245     
 0.7250000E-01  0.6251667E-01 
 0.7416667E-01  0.1093452     
 0.7583334E-01  0.2004166     
 0.7749999E-01  0.2847840     
 0.7916667E-01  0.3251992     
 0.8083334E-01  0.3796056     
 0.8250000E-01  0.3378051     
 0.8416667E-01  0.3176847     
 0.8583333E-01  0.2062148     
 0.8750000E-01  0.1007190     
 0.8916666E-01  0.6482594E-01 
 0.9083333E-01  0.1336011     
 0.9250000E-01  0.2401975     
 0.9416667E-01  0.2898216     
 0.9583333E-01  0.2966256     
 0.9750000E-01  0.2675127     
 0.9916665E-01  0.2166449     
 0.1008333      0.1049262     
 0.1025000      0.3620517E-01 
 0.1041667      0.1095237     
 0.1058333      0.1877712     
 0.1075000      0.2363806     
 0.1091667      0.2335022     
 0.1108333      0.1982232     
 0.1125000      0.1288092     
 0.1141667      0.5799966E-01 
 0.1158333      0.7944148E-01 
 0.1175000      0.1377122     
 0.1191667      0.1686306     
 0.1208333      0.1618432     
 0.1225000      0.1313313     
 0.1241667      0.7189751E-01 
 0.1258333      0.6083870E-01 
 0.1275000      0.8795462E-01 
 0.1291667      0.1408720     
 0.1308333      0.1671902     
 0.1325000      0.1611835     
 0.1341667      0.8487863E-01 
 0.1358333      0.4768316E-01 
 0.1375000      0.8719870E-01 
 0.1391667      0.9862635E-01 
 0.1408333      0.1274253     
 0.1425000      0.9888316E-01 
 0.1441667      0.6583162E-01 
 0.1458333      0.4101979E-01 
 0.1475000      0.5549663E-01 
 0.1491667      0.1104684     
 0.1508333      0.9712157E-01 
 0.1525000      0.7852110E-01 
 0.1541667      0.6240769E-01 
 0.1558333      0.5971752E-01 
 0.1575000      0.1132192     
 0.1591667      0.6910417E-01 
 0.1608333      0.6042383E-01 
 0.1625000      0.5585768E-01 
 0.1641667      0.6792407E-01 
 0.1658333      0.9146316E-01 
