# SumMovie FRC for input stack : stack1.mrc
# Number of micrographs: 1
# Number of frames per movie: 50
# Pixel size (A): 3.0000
# 1/(A)          FRC
# -----------------------
# 
# Micrograph 1 of 1. Score: .546
 0.8333334E-03  0.9999993     
 0.2500000E-02  0.9744585     
 0.4166666E-02  0.9570450     
 0.5833333E-02  0.9207500     
 0.7499999E-02  0.9049224     
 0.9166666E-02  0.7498423     
 0.1083333E-01  0.7273571     
 0.1250000E-01  0.8559915     
 0.1416667E-01  0.9223776     
 0.1583333E-01  0.9260568     
 0.1750000E-01  0.8740504     
 0.1916667E-01  0.6744605     
 0.2083333E-01  0.7638569     
 0.2250000E-01  0.8705739     
 0.2416667E-01  0.9034034     
 0.2583333E-01  0.8720289     
 0.2750000E-01  0.7480230     
 0.2916667E-01  0.6436099     
 0.3083333E-01  0.7088825     
 0.3250000E-01  0.7384744     
 0.3416666E-01  0.6847962     
 0.3583334E-01  0.5457152     
 0.3750000E-01  0.4827325     
 0.3916667E-01  0.4601153     
 0.4083334E-01  0.4491969     
 0.4250000E-01  0.3994472     
 0.4416666E-01  0.2568977     
 0.4583333E-01  0.1681024     
 0.4750000E-01  0.1867881     
 0.4916666E-01  0.9509575E-01 
 0.5083333E-01  0.6187497E-01 
 0.5250000E-01  0.6823866E-01 
 0.5416667E-01  0.1243935     
 0.5583333E-01  0.1868085     
 0.5750000E-01  0.2512854     
 0.5916666E-01  0.3167477     
 0.6083334E-01  0.3435525     
 0.6250000E-01  0.3286974     
 0.6416667E-01  0.2989992     
 0.6583333E-01  0.2718533     
 0.6750000E-01  0.1616441     
 0.6916667E-01  0.1330045     
 0.7083333E-01  0.8679795E-01 
 0.7250000E-01  0.6835634E-01 
 0.7416667E-01  0.1050407     
 0.7583334E-01  0.1640204     
 0.7749999E-01  0.2477123     
 0.7916667E-01  0.2983621     
 0.8083334E-01  0.2877546     
 0.8250000E-01  0.2857229     
 0.8416667E-01  0.2252841     
 0.8583333E-01  0.1234317     
 0.8750000E-01  0.6077181E-01 
 0.8916666E-01  0.3357497E-01 
 0.9083333E-01  0.1288482     
 0.9250000E-01  0.1951666     
 0.9416667E-01  0.2372279     
 0.9583333E-01  0.2479525     
 0.9750000E-01  0.1966296     
 0.9916665E-01  0.1103219     
 0.1008333      0.6741988E-01 
 0.1025000      0.4431977E-01 
 0.1041667      0.1210725     
 0.1058333      0.1549102     
 0.1075000      0.1572388     
 0.1091667      0.1737950     
 0.1108333      0.1298848     
 0.1125000      0.1265844     
 0.1141667      0.4224768E-01 
 0.1158333      0.6332336E-01 
 0.1175000      0.1066597     
 0.1191667      0.1106132     
 0.1208333      0.1118625     
 0.1225000      0.9711841E-01 
 0.1241667      0.4614564E-01 
 0.1258333      0.3924241E-01 
 0.1275000      0.5825015E-01 
 0.1291667      0.1131601     
 0.1308333      0.1232463     
 0.1325000      0.6788632E-01 
 0.1341667      0.4563497E-01 
 0.1358333      0.2883379E-01 
 0.1375000      0.1027220     
 0.1391667      0.6623270E-01 
 0.1408333      0.1053489     
 0.1425000      0.6838302E-01 
 0.1441667      0.3362479E-01 
 0.1458333      0.3292012E-01 
 0.1475000      0.7515185E-01 
 0.1491667      0.6072867E-01 
 0.1508333      0.6653611E-01 
 0.1525000      0.3020989E-01 
 0.1541667      0.5574929E-01 
 0.1558333      0.8250991E-01 
 0.1575000      0.4554027E-01 
 0.1591667      0.2173713E-01 
 0.1608333      0.3439240E-01 
 0.1625000      0.5159749E-01 
 0.1641667      0.3428670E-01 
 0.1658333      0.3036497E-01 
