# SumMovie FRC for input stack : stack11.mrc
# Number of micrographs: 1
# Number of frames per movie: 50
# Pixel size (A): 3.0000
# 1/(A)          FRC
# -----------------------
# 
# Micrograph 1 of 1. Score: .571
 0.8333334E-03  0.9999998     
 0.2500000E-02  0.8501266     
 0.4166666E-02  0.8702348     
 0.5833333E-02  0.8519569     
 0.7499999E-02  0.8573388     
 0.9166666E-02  0.7366486     
 0.1083333E-01  0.6258134     
 0.1250000E-01  0.8519614     
 0.1416667E-01  0.9139375     
 0.1583333E-01  0.9437662     
 0.1750000E-01  0.9069025     
 0.1916667E-01  0.6584887     
 0.2083333E-01  0.7387023     
 0.2250000E-01  0.8747939     
 0.2416667E-01  0.9212887     
 0.2583333E-01  0.8919590     
 0.2750000E-01  0.7409547     
 0.2916667E-01  0.6394120     
 0.3083333E-01  0.7089421     
 0.3250000E-01  0.7699005     
 0.3416666E-01  0.7179966     
 0.3583334E-01  0.5877072     
 0.3750000E-01  0.5207154     
 0.3916667E-01  0.4964242     
 0.4083334E-01  0.5146944     
 0.4250000E-01  0.3996325     
 0.4416666E-01  0.3351382     
 0.4583333E-01  0.2873223     
 0.4750000E-01  0.2200560     
 0.4916666E-01  0.1079262     
 0.5083333E-01  0.7615052E-01 
 0.5250000E-01  0.1368771     
 0.5416667E-01  0.1374344     
 0.5583333E-01  0.2216941     
 0.5750000E-01  0.2948282     
 0.5916666E-01  0.3561387     
 0.6083334E-01  0.3529574     
 0.6250000E-01  0.3963897     
 0.6416667E-01  0.3862301     
 0.6583333E-01  0.3051502     
 0.6750000E-01  0.2957587     
 0.6916667E-01  0.1887295     
 0.7083333E-01  0.1110957     
 0.7250000E-01  0.8620939E-01 
 0.7416667E-01  0.1093107     
 0.7583334E-01  0.1953204     
 0.7749999E-01  0.2630289     
 0.7916667E-01  0.3084993     
 0.8083334E-01  0.3473152     
 0.8250000E-01  0.3156423     
 0.8416667E-01  0.2904201     
 0.8583333E-01  0.2031568     
 0.8750000E-01  0.9407013E-01 
 0.8916666E-01  0.7754827E-01 
 0.9083333E-01  0.1294233     
 0.9250000E-01  0.2193705     
 0.9416667E-01  0.2818772     
 0.9583333E-01  0.3022441     
 0.9750000E-01  0.2525868     
 0.9916665E-01  0.2328483     
 0.1008333      0.1129336     
 0.1025000      0.8285944E-01 
 0.1041667      0.1401619     
 0.1058333      0.2169445     
 0.1075000      0.2155181     
 0.1091667      0.2479276     
 0.1108333      0.2083753     
 0.1125000      0.1530324     
 0.1141667      0.1001178     
 0.1158333      0.9339485E-01 
 0.1175000      0.1645558     
 0.1191667      0.1927285     
 0.1208333      0.1644659     
 0.1225000      0.1461553     
 0.1241667      0.9200431E-01 
 0.1258333      0.1021962     
 0.1275000      0.1117167     
 0.1291667      0.1652303     
 0.1308333      0.1627126     
 0.1325000      0.1845767     
 0.1341667      0.1101520     
 0.1358333      0.6988809E-01 
 0.1375000      0.1309849     
 0.1391667      0.1154716     
 0.1408333      0.1524546     
 0.1425000      0.1156524     
 0.1441667      0.1140407     
 0.1458333      0.1017025     
 0.1475000      0.9930313E-01 
 0.1491667      0.1193526     
 0.1508333      0.1482728     
 0.1525000      0.1082791     
 0.1541667      0.9711032E-01 
 0.1558333      0.1117454     
 0.1575000      0.1447382     
 0.1591667      0.1061436     
 0.1608333      0.1169237     
 0.1625000      0.9573402E-01 
 0.1641667      0.1243699     
 0.1658333      0.1416830     
