# SumMovie FRC for input stack : stack16.mrc
# Number of micrographs: 1
# Number of frames per movie: 50
# Pixel size (A): 3.0000
# 1/(A)          FRC
# -----------------------
# 
# Micrograph 1 of 1. Score: .529
 0.8333334E-03  0.9999994     
 0.2500000E-02  0.9670134     
 0.4166666E-02  0.9459298     
 0.5833333E-02  0.9110070     
 0.7499999E-02  0.8943337     
 0.9166666E-02  0.8412104     
 0.1083333E-01  0.7717752     
 0.1250000E-01  0.8787130     
 0.1416667E-01  0.9333994     
 0.1583333E-01  0.9638380     
 0.1750000E-01  0.9437307     
 0.1916667E-01  0.7652391     
 0.2083333E-01  0.8003907     
 0.2250000E-01  0.8933533     
 0.2416667E-01  0.9347960     
 0.2583333E-01  0.9258490     
 0.2750000E-01  0.8153340     
 0.2916667E-01  0.6811905     
 0.3083333E-01  0.7329334     
 0.3250000E-01  0.7784643     
 0.3416666E-01  0.6997496     
 0.3583334E-01  0.5616708     
 0.3750000E-01  0.4267274     
 0.3916667E-01  0.3590540     
 0.4083334E-01  0.2963861     
 0.4250000E-01  0.1135996     
 0.4416666E-01  0.1226521     
 0.4583333E-01  0.1049038     
 0.4750000E-01  0.1361995     
 0.4916666E-01  0.2715352     
 0.5083333E-01  0.3329955     
 0.5250000E-01  0.3621280     
 0.5416667E-01  0.3599531     
 0.5583333E-01  0.4080026     
 0.5750000E-01  0.3476529     
 0.5916666E-01  0.2649729     
 0.6083334E-01  0.1782295     
 0.6250000E-01  0.9108399E-01 
 0.6416667E-01  0.1111683     
 0.6583333E-01  0.1425224     
 0.6750000E-01  0.1945820     
 0.6916667E-01  0.3025548     
 0.7083333E-01  0.3945844     
 0.7250000E-01  0.3355785     
 0.7416667E-01  0.2731854     
 0.7583334E-01  0.1654073     
 0.7749999E-01  0.1118720     
 0.7916667E-01  0.9344620E-01 
 0.8083334E-01  0.2472310     
 0.8250000E-01  0.2525397     
 0.8416667E-01  0.3302595     
 0.8583333E-01  0.2819632     
 0.8750000E-01  0.1853359     
 0.8916666E-01  0.1164776     
 0.9083333E-01  0.9692051E-01 
 0.9250000E-01  0.1819996     
 0.9416667E-01  0.2420866     
 0.9583333E-01  0.2599748     
 0.9750000E-01  0.2090987     
 0.9916665E-01  0.1238827     
 0.1008333      0.1003880     
 0.1025000      0.1332609     
 0.1041667      0.1903442     
 0.1058333      0.2308663     
 0.1075000      0.1878588     
 0.1091667      0.1303181     
 0.1108333      0.6666205E-01 
 0.1125000      0.1522968     
 0.1141667      0.1812487     
 0.1158333      0.1718771     
 0.1175000      0.1311957     
 0.1191667      0.9134939E-01 
 0.1208333      0.1122326     
 0.1225000      0.1486071     
 0.1241667      0.1676369     
 0.1258333      0.1286601     
 0.1275000      0.8672732E-01 
 0.1291667      0.1027162     
 0.1308333      0.1395296     
 0.1325000      0.1346393     
 0.1341667      0.1060168     
 0.1358333      0.5938008E-01 
 0.1375000      0.1156158     
 0.1391667      0.1329493     
 0.1408333      0.1296371     
 0.1425000      0.8526187E-01 
 0.1441667      0.1121681     
 0.1458333      0.1183241     
 0.1475000      0.1123790     
 0.1491667      0.1142536     
 0.1508333      0.9895675E-01 
 0.1525000      0.1166648     
 0.1541667      0.1085253     
 0.1558333      0.8626682E-01 
 0.1575000      0.8767479E-01 
 0.1591667      0.1073494     
 0.1608333      0.1093494     
 0.1625000      0.6749162E-01 
 0.1641667      0.8798803E-01 
 0.1658333      0.1366515     
