# SumMovie FRC for input stack : stack6.mrc
# Number of micrographs: 1
# Number of frames per movie: 50
# Pixel size (A): 3.0000
# 1/(A)          FRC
# -----------------------
# 
# Micrograph 1 of 1. Score: .557
 0.8333334E-03  0.9999998     
 0.2500000E-02  0.9512605     
 0.4166666E-02  0.9316087     
 0.5833333E-02  0.8459581     
 0.7499999E-02  0.8637925     
 0.9166666E-02  0.6694873     
 0.1083333E-01  0.6503478     
 0.1250000E-01  0.8443037     
 0.1416667E-01  0.8793833     
 0.1583333E-01  0.9283268     
 0.1750000E-01  0.8873785     
 0.1916667E-01  0.5959477     
 0.2083333E-01  0.6514668     
 0.2250000E-01  0.8176811     
 0.2416667E-01  0.8833799     
 0.2583333E-01  0.8321124     
 0.2750000E-01  0.7062017     
 0.2916667E-01  0.5948762     
 0.3083333E-01  0.6518117     
 0.3250000E-01  0.6940331     
 0.3416666E-01  0.6652782     
 0.3583334E-01  0.5531287     
 0.3750000E-01  0.4934148     
 0.3916667E-01  0.4749347     
 0.4083334E-01  0.4973967     
 0.4250000E-01  0.4137131     
 0.4416666E-01  0.3541746     
 0.4583333E-01  0.3081769     
 0.4750000E-01  0.2708532     
 0.4916666E-01  0.1944547     
 0.5083333E-01  0.1178272     
 0.5250000E-01  0.1503409     
 0.5416667E-01  0.9375622E-01 
 0.5583333E-01  0.1415197     
 0.5750000E-01  0.1269013     
 0.5916666E-01  0.1889344     
 0.6083334E-01  0.2407732     
 0.6250000E-01  0.2747039     
 0.6416667E-01  0.2980993     
 0.6583333E-01  0.2976220     
 0.6750000E-01  0.3092676     
 0.6916667E-01  0.3016847     
 0.7083333E-01  0.2417236     
 0.7250000E-01  0.2035312     
 0.7416667E-01  0.1468629     
 0.7583334E-01  0.1010780     
 0.7749999E-01  0.8190946E-01 
 0.7916667E-01  0.1142771     
 0.8083334E-01  0.1659699     
 0.8250000E-01  0.2014331     
 0.8416667E-01  0.2388066     
 0.8583333E-01  0.2668228     
 0.8750000E-01  0.2402157     
 0.8916666E-01  0.2575559     
 0.9083333E-01  0.1276037     
 0.9250000E-01  0.1377310     
 0.9416667E-01  0.9019553E-01 
 0.9583333E-01  0.1363882     
 0.9750000E-01  0.1394846     
 0.9916665E-01  0.1678638     
 0.1008333      0.1825482     
 0.1025000      0.2043170     
 0.1041667      0.1944565     
 0.1058333      0.1292675     
 0.1075000      0.1204597     
 0.1091667      0.8494465E-01 
 0.1108333      0.9347036E-01 
 0.1125000      0.1378922     
 0.1141667      0.1525787     
 0.1158333      0.2011646     
 0.1175000      0.1702265     
 0.1191667      0.1503540     
 0.1208333      0.1289356     
 0.1225000      0.9331842E-01 
 0.1241667      0.1147146     
 0.1258333      0.1153750     
 0.1275000      0.1712871     
 0.1291667      0.1555288     
 0.1308333      0.1677242     
 0.1325000      0.9440389E-01 
 0.1341667      0.8733649E-01 
 0.1358333      0.1200092     
 0.1375000      0.1154046     
 0.1391667      0.1135152     
 0.1408333      0.1444732     
 0.1425000      0.1080402     
 0.1441667      0.1078656     
 0.1458333      0.9847312E-01 
 0.1475000      0.1340009     
 0.1491667      0.1409491     
 0.1508333      0.1475046     
 0.1525000      0.1352536     
 0.1541667      0.8957446E-01 
 0.1558333      0.1202428     
 0.1575000      0.1152485     
 0.1591667      0.1408833     
 0.1608333      0.1411974     
 0.1625000      0.1098507     
 0.1641667      0.1034135     
 0.1658333      0.9543902E-01 
