# SumMovie FRC for input stack : stack11.mrc
# Number of micrographs: 1
# Number of frames per movie: 50
# Pixel size (A): 3.0000
# 1/(A)          FRC
# -----------------------
# 
# Micrograph 1 of 1. Score: .574
 0.8333334E-03  0.9999998     
 0.2500000E-02  0.8503076     
 0.4166666E-02  0.8703994     
 0.5833333E-02  0.8519197     
 0.7499999E-02  0.8574947     
 0.9166666E-02  0.7370049     
 0.1083333E-01  0.6259522     
 0.1250000E-01  0.8524960     
 0.1416667E-01  0.9143114     
 0.1583333E-01  0.9439279     
 0.1750000E-01  0.9073806     
 0.1916667E-01  0.6580297     
 0.2083333E-01  0.7398183     
 0.2250000E-01  0.8754455     
 0.2416667E-01  0.9223402     
 0.2583333E-01  0.8926394     
 0.2750000E-01  0.7430955     
 0.2916667E-01  0.6437503     
 0.3083333E-01  0.7122937     
 0.3250000E-01  0.7726407     
 0.3416666E-01  0.7219935     
 0.3583334E-01  0.5905415     
 0.3750000E-01  0.5250564     
 0.3916667E-01  0.5010927     
 0.4083334E-01  0.5184448     
 0.4250000E-01  0.4025376     
 0.4416666E-01  0.3384739     
 0.4583333E-01  0.2931527     
 0.4750000E-01  0.2208561     
 0.4916666E-01  0.1085040     
 0.5083333E-01  0.7637727E-01 
 0.5250000E-01  0.1372630     
 0.5416667E-01  0.1410908     
 0.5583333E-01  0.2224001     
 0.5750000E-01  0.2981652     
 0.5916666E-01  0.3637217     
 0.6083334E-01  0.3571350     
 0.6250000E-01  0.4055353     
 0.6416667E-01  0.3929628     
 0.6583333E-01  0.3148842     
 0.6750000E-01  0.3011108     
 0.6916667E-01  0.1900616     
 0.7083333E-01  0.1114413     
 0.7250000E-01  0.8290210E-01 
 0.7416667E-01  0.1101206     
 0.7583334E-01  0.1990667     
 0.7749999E-01  0.2693095     
 0.7916667E-01  0.3140646     
 0.8083334E-01  0.3572836     
 0.8250000E-01  0.3226624     
 0.8416667E-01  0.2987389     
 0.8583333E-01  0.2084157     
 0.8750000E-01  0.9765138E-01 
 0.8916666E-01  0.7692418E-01 
 0.9083333E-01  0.1313076     
 0.9250000E-01  0.2263516     
 0.9416667E-01  0.2891949     
 0.9583333E-01  0.3033713     
 0.9750000E-01  0.2584303     
 0.9916665E-01  0.2364479     
 0.1008333      0.1122508     
 0.1025000      0.7609644E-01 
 0.1041667      0.1347004     
 0.1058333      0.2169678     
 0.1075000      0.2255949     
 0.1091667      0.2488668     
 0.1108333      0.2083988     
 0.1125000      0.1514218     
 0.1141667      0.9519064E-01 
 0.1158333      0.9359377E-01 
 0.1175000      0.1629078     
 0.1191667      0.1930188     
 0.1208333      0.1635647     
 0.1225000      0.1464853     
 0.1241667      0.8881185E-01 
 0.1258333      0.9468027E-01 
 0.1275000      0.1075147     
 0.1291667      0.1646811     
 0.1308333      0.1681014     
 0.1325000      0.1811124     
 0.1341667      0.1064534     
 0.1358333      0.6625581E-01 
 0.1375000      0.1273411     
 0.1391667      0.1155798     
 0.1408333      0.1526371     
 0.1425000      0.1162413     
 0.1441667      0.1059734     
 0.1458333      0.9306166E-01 
 0.1475000      0.8839836E-01 
 0.1491667      0.1214376     
 0.1508333      0.1401866     
 0.1525000      0.1056482     
 0.1541667      0.9339003E-01 
 0.1558333      0.1013250     
 0.1575000      0.1395458     
 0.1591667      0.9992906E-01 
 0.1608333      0.1056242     
 0.1625000      0.8536284E-01 
 0.1641667      0.1178281     
 0.1658333      0.1319683     
