# SumMovie FRC for input stack : stack11.mrc
# Number of micrographs: 1
# Number of frames per movie: 50
# Pixel size (A): 3.0000
# 1/(A)          FRC
# -----------------------
# 
# Micrograph 1 of 1. Score: .575
 0.8333334E-03  0.9999998     
 0.2500000E-02  0.8504269     
 0.4166666E-02  0.8705189     
 0.5833333E-02  0.8518568     
 0.7499999E-02  0.8576237     
 0.9166666E-02  0.7373378     
 0.1083333E-01  0.6260158     
 0.1250000E-01  0.8529946     
 0.1416667E-01  0.9147320     
 0.1583333E-01  0.9440607     
 0.1750000E-01  0.9077545     
 0.1916667E-01  0.6574050     
 0.2083333E-01  0.7409397     
 0.2250000E-01  0.8759647     
 0.2416667E-01  0.9233042     
 0.2583333E-01  0.8932230     
 0.2750000E-01  0.7449344     
 0.2916667E-01  0.6475026     
 0.3083333E-01  0.7153081     
 0.3250000E-01  0.7749103     
 0.3416666E-01  0.7259040     
 0.3583334E-01  0.5929037     
 0.3750000E-01  0.5286914     
 0.3916667E-01  0.5053602     
 0.4083334E-01  0.5199806     
 0.4250000E-01  0.4048953     
 0.4416666E-01  0.3411752     
 0.4583333E-01  0.2968908     
 0.4750000E-01  0.2203289     
 0.4916666E-01  0.1079473     
 0.5083333E-01  0.7680406E-01 
 0.5250000E-01  0.1374940     
 0.5416667E-01  0.1441640     
 0.5583333E-01  0.2223165     
 0.5750000E-01  0.2996831     
 0.5916666E-01  0.3710229     
 0.6083334E-01  0.3597614     
 0.6250000E-01  0.4129366     
 0.6416667E-01  0.3989742     
 0.6583333E-01  0.3230779     
 0.6750000E-01  0.3045236     
 0.6916667E-01  0.1891451     
 0.7083333E-01  0.1096663     
 0.7250000E-01  0.7951306E-01 
 0.7416667E-01  0.1108046     
 0.7583334E-01  0.2006081     
 0.7749999E-01  0.2755308     
 0.7916667E-01  0.3187509     
 0.8083334E-01  0.3658815     
 0.8250000E-01  0.3285606     
 0.8416667E-01  0.3057908     
 0.8583333E-01  0.2115036     
 0.8750000E-01  0.1003017     
 0.8916666E-01  0.7391052E-01 
 0.9083333E-01  0.1330446     
 0.9250000E-01  0.2321402     
 0.9416667E-01  0.2932045     
 0.9583333E-01  0.3039784     
 0.9750000E-01  0.2639834     
 0.9916665E-01  0.2352161     
 0.1008333      0.1118186     
 0.1025000      0.6581634E-01 
 0.1041667      0.1271356     
 0.1058333      0.2125172     
 0.1075000      0.2344139     
 0.1091667      0.2465605     
 0.1108333      0.2073211     
 0.1125000      0.1478147     
 0.1141667      0.8661147E-01 
 0.1158333      0.9114011E-01 
 0.1175000      0.1581423     
 0.1191667      0.1893873     
 0.1208333      0.1635744     
 0.1225000      0.1443002     
 0.1241667      0.8283986E-01 
 0.1258333      0.8489731E-01 
 0.1275000      0.1015311     
 0.1291667      0.1591773     
 0.1308333      0.1720575     
 0.1325000      0.1774238     
 0.1341667      0.1014864     
 0.1358333      0.6052645E-01 
 0.1375000      0.1180680     
 0.1391667      0.1133097     
 0.1408333      0.1485678     
 0.1425000      0.1138726     
 0.1441667      0.9241240E-01 
 0.1458333      0.7887163E-01 
 0.1475000      0.7496034E-01 
 0.1491667      0.1215789     
 0.1508333      0.1280537     
 0.1525000      0.9983997E-01 
 0.1541667      0.8633508E-01 
 0.1558333      0.8752701E-01 
 0.1575000      0.1317517     
 0.1591667      0.9154806E-01 
 0.1608333      0.8975392E-01 
 0.1625000      0.7256815E-01 
 0.1641667      0.1041886     
 0.1658333      0.1203585     
