# SumMovie FRC for input stack : stack11.mrc
# Number of micrographs: 1
# Number of frames per movie: 50
# Pixel size (A): 3.0000
# 1/(A)          FRC
# -----------------------
# 
# Micrograph 1 of 1. Score: .577
 0.8333334E-03  0.9999998     
 0.2500000E-02  0.8506378     
 0.4166666E-02  0.8709506     
 0.5833333E-02  0.8516172     
 0.7499999E-02  0.8579698     
 0.9166666E-02  0.7376201     
 0.1083333E-01  0.6257740     
 0.1250000E-01  0.8540003     
 0.1416667E-01  0.9155211     
 0.1583333E-01  0.9441697     
 0.1750000E-01  0.9083322     
 0.1916667E-01  0.6542577     
 0.2083333E-01  0.7417561     
 0.2250000E-01  0.8761507     
 0.2416667E-01  0.9249229     
 0.2583333E-01  0.8933473     
 0.2750000E-01  0.7466890     
 0.2916667E-01  0.6523538     
 0.3083333E-01  0.7207317     
 0.3250000E-01  0.7782646     
 0.3416666E-01  0.7323415     
 0.3583334E-01  0.5954022     
 0.3750000E-01  0.5330985     
 0.3916667E-01  0.5113693     
 0.4083334E-01  0.5214997     
 0.4250000E-01  0.4078926     
 0.4416666E-01  0.3425393     
 0.4583333E-01  0.3002314     
 0.4750000E-01  0.2176951     
 0.4916666E-01  0.1029572     
 0.5083333E-01  0.7459626E-01 
 0.5250000E-01  0.1386807     
 0.5416667E-01  0.1444827     
 0.5583333E-01  0.2168639     
 0.5750000E-01  0.2998847     
 0.5916666E-01  0.3848814     
 0.6083334E-01  0.3616458     
 0.6250000E-01  0.4236802     
 0.6416667E-01  0.4059856     
 0.6583333E-01  0.3284098     
 0.6750000E-01  0.3034925     
 0.6916667E-01  0.1817099     
 0.7083333E-01  0.1066797     
 0.7250000E-01  0.6269268E-01 
 0.7416667E-01  0.1091766     
 0.7583334E-01  0.2007979     
 0.7749999E-01  0.2846849     
 0.7916667E-01  0.3249461     
 0.8083334E-01  0.3796827     
 0.8250000E-01  0.3377171     
 0.8416667E-01  0.3176937     
 0.8583333E-01  0.2067538     
 0.8750000E-01  0.1008044     
 0.8916666E-01  0.6554306E-01 
 0.9083333E-01  0.1336413     
 0.9250000E-01  0.2400688     
 0.9416667E-01  0.2902958     
 0.9583333E-01  0.2967891     
 0.9750000E-01  0.2678269     
 0.9916665E-01  0.2166274     
 0.1008333      0.1047556     
 0.1025000      0.3699639E-01 
 0.1041667      0.1098369     
 0.1058333      0.1873266     
 0.1075000      0.2364096     
 0.1091667      0.2340941     
 0.1108333      0.1975022     
 0.1125000      0.1288333     
 0.1141667      0.5898630E-01 
 0.1158333      0.7994826E-01 
 0.1175000      0.1378250     
 0.1191667      0.1690539     
 0.1208333      0.1617563     
 0.1225000      0.1310159     
 0.1241667      0.7247911E-01 
 0.1258333      0.6105481E-01 
 0.1275000      0.8821368E-01 
 0.1291667      0.1411334     
 0.1308333      0.1666375     
 0.1325000      0.1608674     
 0.1341667      0.8553766E-01 
 0.1358333      0.4795709E-01 
 0.1375000      0.8808023E-01 
 0.1391667      0.9828477E-01 
 0.1408333      0.1274025     
 0.1425000      0.9888621E-01 
 0.1441667      0.6631081E-01 
 0.1458333      0.4163721E-01 
 0.1475000      0.5594200E-01 
 0.1491667      0.1100264     
 0.1508333      0.9786927E-01 
 0.1525000      0.7890262E-01 
 0.1541667      0.6219244E-01 
 0.1558333      0.6035591E-01 
 0.1575000      0.1131259     
 0.1591667      0.6906623E-01 
 0.1608333      0.6006167E-01 
 0.1625000      0.5643912E-01 
 0.1641667      0.6805443E-01 
 0.1658333      0.9121419E-01 
