# SumMovie FRC for input stack : stack6.mrc
# Number of micrographs: 1
# Number of frames per movie: 50
# Pixel size (A): 3.0000
# 1/(A)          FRC
# -----------------------
# 
# Micrograph 1 of 1. Score: .581
 0.8333334E-03  0.9999999     
 0.2500000E-02  0.9513984     
 0.4166666E-02  0.9316744     
 0.5833333E-02  0.8462939     
 0.7499999E-02  0.8654532     
 0.9166666E-02  0.6741216     
 0.1083333E-01  0.6559327     
 0.1250000E-01  0.8465471     
 0.1416667E-01  0.8844731     
 0.1583333E-01  0.9321446     
 0.1750000E-01  0.8919176     
 0.1916667E-01  0.6010913     
 0.2083333E-01  0.6636652     
 0.2250000E-01  0.8315020     
 0.2416667E-01  0.8942569     
 0.2583333E-01  0.8474454     
 0.2750000E-01  0.7241900     
 0.2916667E-01  0.6205775     
 0.3083333E-01  0.6816961     
 0.3250000E-01  0.7231669     
 0.3416666E-01  0.6891366     
 0.3583334E-01  0.5828662     
 0.3750000E-01  0.5319039     
 0.3916667E-01  0.5153921     
 0.4083334E-01  0.5515077     
 0.4250000E-01  0.4436938     
 0.4416666E-01  0.3741100     
 0.4583333E-01  0.3482473     
 0.4750000E-01  0.2917215     
 0.4916666E-01  0.2174443     
 0.5083333E-01  0.1186599     
 0.5250000E-01  0.1344440     
 0.5416667E-01  0.8187597E-01 
 0.5583333E-01  0.1199089     
 0.5750000E-01  0.1288596     
 0.5916666E-01  0.2128512     
 0.6083334E-01  0.2740621     
 0.6250000E-01  0.2913317     
 0.6416667E-01  0.3427619     
 0.6583333E-01  0.3424205     
 0.6750000E-01  0.3407549     
 0.6916667E-01  0.3194702     
 0.7083333E-01  0.2781816     
 0.7250000E-01  0.2177014     
 0.7416667E-01  0.1375095     
 0.7583334E-01  0.9780289E-01 
 0.7749999E-01  0.8749608E-01 
 0.7916667E-01  0.8560517E-01 
 0.8083334E-01  0.1753348     
 0.8250000E-01  0.2150061     
 0.8416667E-01  0.2717634     
 0.8583333E-01  0.2861178     
 0.8750000E-01  0.2691616     
 0.8916666E-01  0.2444764     
 0.9083333E-01  0.1412878     
 0.9250000E-01  0.1163821     
 0.9416667E-01  0.7070110E-01 
 0.9583333E-01  0.1135948     
 0.9750000E-01  0.1111774     
 0.9916665E-01  0.1552463     
 0.1008333      0.1969601     
 0.1025000      0.2255794     
 0.1041667      0.1816843     
 0.1058333      0.1457280     
 0.1075000      0.9405634E-01 
 0.1091667      0.4855412E-01 
 0.1108333      0.7276028E-01 
 0.1125000      0.1114779     
 0.1141667      0.1676501     
 0.1158333      0.1891313     
 0.1175000      0.1486120     
 0.1191667      0.1369046     
 0.1208333      0.7262860E-01 
 0.1225000      0.5501034E-01 
 0.1241667      0.5453537E-01 
 0.1258333      0.8946137E-01 
 0.1275000      0.1346461     
 0.1291667      0.1311827     
 0.1308333      0.1182781     
 0.1325000      0.5547756E-01 
 0.1341667      0.4421654E-01 
 0.1358333      0.9279678E-01 
 0.1375000      0.7231956E-01 
 0.1391667      0.8167415E-01 
 0.1408333      0.1060841     
 0.1425000      0.9359780E-01 
 0.1441667      0.7050993E-01 
 0.1458333      0.5610432E-01 
 0.1475000      0.7235999E-01 
 0.1491667      0.9310330E-01 
 0.1508333      0.1069354     
 0.1525000      0.7549477E-01 
 0.1541667      0.4560617E-01 
 0.1558333      0.7172298E-01 
 0.1575000      0.6935725E-01 
 0.1591667      0.9000981E-01 
 0.1608333      0.8525684E-01 
 0.1625000      0.6731994E-01 
 0.1641667      0.7659093E-01 
 0.1658333      0.3850287E-01 
