# SumMovie FRC for input stack : stack6.mrc
# Number of micrographs: 1
# Number of frames per movie: 50
# Pixel size (A): 3.0000
# 1/(A)          FRC
# -----------------------
# 
# Micrograph 1 of 1. Score: .592
 0.8333334E-03  0.9999999     
 0.2500000E-02  0.9512955     
 0.4166666E-02  0.9319350     
 0.5833333E-02  0.8474729     
 0.7499999E-02  0.8653626     
 0.9166666E-02  0.6783302     
 0.1083333E-01  0.6580674     
 0.1250000E-01  0.8497968     
 0.1416667E-01  0.8879878     
 0.1583333E-01  0.9352097     
 0.1750000E-01  0.8939150     
 0.1916667E-01  0.6007908     
 0.2083333E-01  0.6728804     
 0.2250000E-01  0.8431154     
 0.2416667E-01  0.9025605     
 0.2583333E-01  0.8573761     
 0.2750000E-01  0.7352627     
 0.2916667E-01  0.6259546     
 0.3083333E-01  0.6978594     
 0.3250000E-01  0.7292096     
 0.3416666E-01  0.7026064     
 0.3583334E-01  0.6006893     
 0.3750000E-01  0.5388424     
 0.3916667E-01  0.5312086     
 0.4083334E-01  0.5749602     
 0.4250000E-01  0.4584564     
 0.4416666E-01  0.3962587     
 0.4583333E-01  0.3659521     
 0.4750000E-01  0.3035719     
 0.4916666E-01  0.2231774     
 0.5083333E-01  0.1350185     
 0.5250000E-01  0.1180331     
 0.5416667E-01  0.6225580E-01 
 0.5583333E-01  0.9964091E-01 
 0.5750000E-01  0.1217110     
 0.5916666E-01  0.1987516     
 0.6083334E-01  0.2711489     
 0.6250000E-01  0.2924835     
 0.6416667E-01  0.3452508     
 0.6583333E-01  0.3736217     
 0.6750000E-01  0.3487678     
 0.6916667E-01  0.3468285     
 0.7083333E-01  0.2922228     
 0.7250000E-01  0.2233981     
 0.7416667E-01  0.1255507     
 0.7583334E-01  0.7734025E-01 
 0.7749999E-01  0.6942002E-01 
 0.7916667E-01  0.7783129E-01 
 0.8083334E-01  0.1854371     
 0.8250000E-01  0.2302097     
 0.8416667E-01  0.2964009     
 0.8583333E-01  0.3109736     
 0.8750000E-01  0.2921810     
 0.8916666E-01  0.2440789     
 0.9083333E-01  0.1626137     
 0.9250000E-01  0.8659067E-01 
 0.9416667E-01  0.4882808E-01 
 0.9583333E-01  0.8663930E-01 
 0.9750000E-01  0.8842929E-01 
 0.9916665E-01  0.1428559     
 0.1008333      0.2189068     
 0.1025000      0.2413801     
 0.1041667      0.1719409     
 0.1058333      0.1504919     
 0.1075000      0.8121707E-01 
 0.1091667      0.7571350E-01 
 0.1108333      0.4437466E-01 
 0.1125000      0.8658625E-01 
 0.1141667      0.1420842     
 0.1158333      0.1921920     
 0.1175000      0.1705531     
 0.1191667      0.1304491     
 0.1208333      0.4298873E-01 
 0.1225000      0.4433179E-01 
 0.1241667      0.3602254E-01 
 0.1258333      0.1043088     
 0.1275000      0.1233019     
 0.1291667      0.1274920     
 0.1308333      0.1151461     
 0.1325000      0.5897488E-01 
 0.1341667      0.4794433E-01 
 0.1358333      0.7421239E-01 
 0.1375000      0.7003085E-01 
 0.1391667      0.1021887     
 0.1408333      0.9052418E-01 
 0.1425000      0.7023042E-01 
 0.1441667      0.5898153E-01 
 0.1458333      0.3964947E-01 
 0.1475000      0.5043318E-01 
 0.1491667      0.7539064E-01 
 0.1508333      0.9324698E-01 
 0.1525000      0.6835414E-01 
 0.1541667      0.4677781E-01 
 0.1558333      0.3654859E-01 
 0.1575000      0.7297270E-01 
 0.1591667      0.8334558E-01 
 0.1608333      0.7611548E-01 
 0.1625000      0.7708109E-01 
 0.1641667      0.5976536E-01 
 0.1658333      0.3052960E-01 
