# SumMovie FRC for input stack : stack1.mrc
# Number of micrographs: 1
# Number of frames per movie: 50
# Pixel size (A): 3.0000
# 1/(A)          FRC
# -----------------------
# 
# Micrograph 1 of 1. Score: .521
 0.8333334E-03  0.9999990     
 0.2500000E-02  0.9744974     
 0.4166666E-02  0.9568021     
 0.5833333E-02  0.9214402     
 0.7499999E-02  0.9028990     
 0.9166666E-02  0.7464086     
 0.1083333E-01  0.7149484     
 0.1250000E-01  0.8453132     
 0.1416667E-01  0.9139725     
 0.1583333E-01  0.9169441     
 0.1750000E-01  0.8657183     
 0.1916667E-01  0.6578720     
 0.2083333E-01  0.7464583     
 0.2250000E-01  0.8571259     
 0.2416667E-01  0.8933751     
 0.2583333E-01  0.8570134     
 0.2750000E-01  0.7158433     
 0.2916667E-01  0.5999131     
 0.3083333E-01  0.6825768     
 0.3250000E-01  0.7031323     
 0.3416666E-01  0.6483938     
 0.3583334E-01  0.5117614     
 0.3750000E-01  0.4459398     
 0.3916667E-01  0.4168356     
 0.4083334E-01  0.4192208     
 0.4250000E-01  0.3612130     
 0.4416666E-01  0.2218036     
 0.4583333E-01  0.1275975     
 0.4750000E-01  0.1882397     
 0.4916666E-01  0.9232494E-01 
 0.5083333E-01  0.8609331E-01 
 0.5250000E-01  0.7849158E-01 
 0.5416667E-01  0.1033631     
 0.5583333E-01  0.1737334     
 0.5750000E-01  0.2082255     
 0.5916666E-01  0.2849468     
 0.6083334E-01  0.3010431     
 0.6250000E-01  0.2615251     
 0.6416667E-01  0.2257332     
 0.6583333E-01  0.2275675     
 0.6750000E-01  0.1344508     
 0.6916667E-01  0.1199545     
 0.7083333E-01  0.9648745E-01 
 0.7250000E-01  0.5461630E-01 
 0.7416667E-01  0.6793080E-01 
 0.7583334E-01  0.1302110     
 0.7749999E-01  0.1841561     
 0.7916667E-01  0.2429462     
 0.8083334E-01  0.2354677     
 0.8250000E-01  0.2113039     
 0.8416667E-01  0.1457766     
 0.8583333E-01  0.8946899E-01 
 0.8750000E-01  0.6287494E-01 
 0.8916666E-01  0.2429411E-01 
 0.9083333E-01  0.7953447E-01 
 0.9250000E-01  0.1293206     
 0.9416667E-01  0.1847888     
 0.9583333E-01  0.2075419     
 0.9750000E-01  0.1483906     
 0.9916665E-01  0.9241650E-01 
 0.1008333      0.6279322E-01 
 0.1025000      0.2944462E-01 
 0.1041667      0.7522905E-01 
 0.1058333      0.1405627     
 0.1075000      0.1629084     
 0.1091667      0.1371351     
 0.1108333      0.1156652     
 0.1125000      0.1180485     
 0.1141667      0.5919681E-01 
 0.1158333      0.4341732E-01 
 0.1175000      0.8826523E-01 
 0.1191667      0.1092930     
 0.1208333      0.8171177E-01 
 0.1225000      0.9061059E-01 
 0.1241667      0.6212826E-01 
 0.1258333      0.3975121E-01 
 0.1275000      0.3805269E-01 
 0.1291667      0.1106647     
 0.1308333      0.7688561E-01 
 0.1325000      0.5797904E-01 
 0.1341667      0.3971523E-01 
 0.1358333      0.2730082E-01 
 0.1375000      0.4984335E-01 
 0.1391667      0.7377499E-01 
 0.1408333      0.8281739E-01 
 0.1425000      0.5492068E-01 
 0.1441667      0.4282856E-01 
 0.1458333      0.3939148E-01 
 0.1475000      0.6798393E-01 
 0.1491667      0.5989389E-01 
 0.1508333      0.6981014E-01 
 0.1525000      0.2846071E-01 
 0.1541667      0.4687901E-01 
 0.1558333      0.7057893E-01 
 0.1575000      0.4125960E-01 
 0.1591667      0.2120707E-01 
 0.1608333      0.3229469E-01 
 0.1625000      0.5673617E-01 
 0.1641667      0.5272752E-01 
 0.1658333      0.2849079E-01 
