# SumMovie FRC for input stack : stack11.mrc
# Number of micrographs: 1
# Number of frames per movie: 50
# Pixel size (A): 3.0000
# 1/(A)          FRC
# -----------------------
# 
# Micrograph 1 of 1. Score: .574
 0.8333334E-03  0.9999998     
 0.2500000E-02  0.8503908     
 0.4166666E-02  0.8704776     
 0.5833333E-02  0.8518813     
 0.7499999E-02  0.8575392     
 0.9166666E-02  0.7371553     
 0.1083333E-01  0.6259384     
 0.1250000E-01  0.8527563     
 0.1416667E-01  0.9145243     
 0.1583333E-01  0.9439853     
 0.1750000E-01  0.9075723     
 0.1916667E-01  0.6575968     
 0.2083333E-01  0.7404558     
 0.2250000E-01  0.8757659     
 0.2416667E-01  0.9228473     
 0.2583333E-01  0.8929849     
 0.2750000E-01  0.7439395     
 0.2916667E-01  0.6455477     
 0.3083333E-01  0.7139665     
 0.3250000E-01  0.7739077     
 0.3416666E-01  0.7240848     
 0.3583334E-01  0.5918288     
 0.3750000E-01  0.5272883     
 0.3916667E-01  0.5034171     
 0.4083334E-01  0.5195385     
 0.4250000E-01  0.4038870     
 0.4416666E-01  0.3401521     
 0.4583333E-01  0.2950138     
 0.4750000E-01  0.2205144     
 0.4916666E-01  0.1082981     
 0.5083333E-01  0.7666545E-01 
 0.5250000E-01  0.1377085     
 0.5416667E-01  0.1425930     
 0.5583333E-01  0.2225125     
 0.5750000E-01  0.2991339     
 0.5916666E-01  0.3678467     
 0.6083334E-01  0.3584872     
 0.6250000E-01  0.4100556     
 0.6416667E-01  0.3961598     
 0.6583333E-01  0.3198598     
 0.6750000E-01  0.3032864     
 0.6916667E-01  0.1900830     
 0.7083333E-01  0.1104838     
 0.7250000E-01  0.8149730E-01 
 0.7416667E-01  0.1107231     
 0.7583334E-01  0.2005602     
 0.7749999E-01  0.2731559     
 0.7916667E-01  0.3171012     
 0.8083334E-01  0.3621031     
 0.8250000E-01  0.3258136     
 0.8416667E-01  0.3024792     
 0.8583333E-01  0.2106610     
 0.8750000E-01  0.9944083E-01 
 0.8916666E-01  0.7511988E-01 
 0.9083333E-01  0.1322019     
 0.9250000E-01  0.2292933     
 0.9416667E-01  0.2925170     
 0.9583333E-01  0.3035321     
 0.9750000E-01  0.2614779     
 0.9916665E-01  0.2369006     
 0.1008333      0.1119979     
 0.1025000      0.7124262E-01 
 0.1041667      0.1308723     
 0.1058333      0.2148600     
 0.1075000      0.2300703     
 0.1091667      0.2484995     
 0.1108333      0.2077097     
 0.1125000      0.1498564     
 0.1141667      0.9071270E-01 
 0.1158333      0.9292925E-01 
 0.1175000      0.1606441     
 0.1191667      0.1909185     
 0.1208333      0.1635904     
 0.1225000      0.1459533     
 0.1241667      0.8691449E-01 
 0.1258333      0.8982412E-01 
 0.1275000      0.1038532     
 0.1291667      0.1623967     
 0.1308333      0.1700791     
 0.1325000      0.1795981     
 0.1341667      0.1043057     
 0.1358333      0.6344616E-01 
 0.1375000      0.1234272     
 0.1391667      0.1149608     
 0.1408333      0.1518757     
 0.1425000      0.1157340     
 0.1441667      0.9898302E-01 
 0.1458333      0.8628612E-01 
 0.1475000      0.8094040E-01 
 0.1491667      0.1211431     
 0.1508333      0.1345724     
 0.1525000      0.1031672     
 0.1541667      0.9007021E-01 
 0.1558333      0.9482827E-01 
 0.1575000      0.1356784     
 0.1591667      0.9554778E-01 
 0.1608333      0.9663267E-01 
 0.1625000      0.7928334E-01 
 0.1641667      0.1109767     
 0.1658333      0.1271451     
