# SumMovie FRC for input stack : stack1.mrc
# Number of micrographs: 1
# Number of frames per movie: 50
# Pixel size (A): 3.0000
# 1/(A)          FRC
# -----------------------
# 
# Micrograph 1 of 1. Score: .535
 0.8333334E-03  0.9999990     
 0.2500000E-02  0.9744329     
 0.4166666E-02  0.9567625     
 0.5833333E-02  0.9213772     
 0.7499999E-02  0.9030549     
 0.9166666E-02  0.7489098     
 0.1083333E-01  0.7186656     
 0.1250000E-01  0.8496135     
 0.1416667E-01  0.9168091     
 0.1583333E-01  0.9193439     
 0.1750000E-01  0.8706805     
 0.1916667E-01  0.6683012     
 0.2083333E-01  0.7559218     
 0.2250000E-01  0.8648356     
 0.2416667E-01  0.9002264     
 0.2583333E-01  0.8677299     
 0.2750000E-01  0.7349531     
 0.2916667E-01  0.6296429     
 0.3083333E-01  0.7013131     
 0.3250000E-01  0.7291919     
 0.3416666E-01  0.6745017     
 0.3583334E-01  0.5344754     
 0.3750000E-01  0.4674335     
 0.3916667E-01  0.4416744     
 0.4083334E-01  0.4463856     
 0.4250000E-01  0.3806047     
 0.4416666E-01  0.2380514     
 0.4583333E-01  0.1433313     
 0.4750000E-01  0.1738135     
 0.4916666E-01  0.8876729E-01 
 0.5083333E-01  0.6219171E-01 
 0.5250000E-01  0.7378095E-01 
 0.5416667E-01  0.1034351     
 0.5583333E-01  0.1850523     
 0.5750000E-01  0.2291797     
 0.5916666E-01  0.3228315     
 0.6083334E-01  0.3257526     
 0.6250000E-01  0.3103974     
 0.6416667E-01  0.2693447     
 0.6583333E-01  0.2570935     
 0.6750000E-01  0.1537161     
 0.6916667E-01  0.1113287     
 0.7083333E-01  0.7926824E-01 
 0.7250000E-01  0.5921870E-01 
 0.7416667E-01  0.9149271E-01 
 0.7583334E-01  0.1468591     
 0.7749999E-01  0.2386369     
 0.7916667E-01  0.2891029     
 0.8083334E-01  0.2769112     
 0.8250000E-01  0.2738314     
 0.8416667E-01  0.2024650     
 0.8583333E-01  0.1107831     
 0.8750000E-01  0.4676657E-01 
 0.8916666E-01  0.4503175E-01 
 0.9083333E-01  0.1186845     
 0.9250000E-01  0.1708640     
 0.9416667E-01  0.2218727     
 0.9583333E-01  0.2320528     
 0.9750000E-01  0.1846134     
 0.9916665E-01  0.1161598     
 0.1008333      0.6404586E-01 
 0.1025000      0.5735278E-01 
 0.1041667      0.9965637E-01 
 0.1058333      0.1450521     
 0.1075000      0.1547712     
 0.1091667      0.1594476     
 0.1108333      0.1052525     
 0.1125000      0.1229029     
 0.1141667      0.4682377E-01 
 0.1158333      0.4044516E-01 
 0.1175000      0.8924260E-01 
 0.1191667      0.1076196     
 0.1208333      0.1036467     
 0.1225000      0.9895012E-01 
 0.1241667      0.4188576E-01 
 0.1258333      0.3637541E-01 
 0.1275000      0.5205027E-01 
 0.1291667      0.9930091E-01 
 0.1308333      0.1158072     
 0.1325000      0.5990645E-01 
 0.1341667      0.4467041E-01 
 0.1358333      0.3515149E-01 
 0.1375000      0.7429768E-01 
 0.1391667      0.6529135E-01 
 0.1408333      0.7830939E-01 
 0.1425000      0.6116962E-01 
 0.1441667      0.1919491E-01 
 0.1458333      0.4581561E-01 
 0.1475000      0.7684130E-01 
 0.1491667      0.6901774E-01 
 0.1508333      0.6244591E-01 
 0.1525000      0.5007992E-01 
 0.1541667      0.4543655E-01 
 0.1558333      0.6681187E-01 
 0.1575000      0.3589632E-01 
 0.1591667      0.2796074E-01 
 0.1608333      0.3283050E-01 
 0.1625000      0.5439229E-01 
 0.1641667      0.4560523E-01 
 0.1658333      0.2602359E-01 
