# SumMovie FRC for input stack : stack6.mrc
# Number of micrographs: 1
# Number of frames per movie: 50
# Pixel size (A): 3.0000
# 1/(A)          FRC
# -----------------------
# 
# Micrograph 1 of 1. Score: .588
 0.8333334E-03  0.9999999     
 0.2500000E-02  0.9514147     
 0.4166666E-02  0.9317518     
 0.5833333E-02  0.8465666     
 0.7499999E-02  0.8659261     
 0.9166666E-02  0.6758878     
 0.1083333E-01  0.6580034     
 0.1250000E-01  0.8475520     
 0.1416667E-01  0.8859918     
 0.1583333E-01  0.9337113     
 0.1750000E-01  0.8935132     
 0.1916667E-01  0.6006114     
 0.2083333E-01  0.6659011     
 0.2250000E-01  0.8356851     
 0.2416667E-01  0.8985557     
 0.2583333E-01  0.8522081     
 0.2750000E-01  0.7285130     
 0.2916667E-01  0.6267549     
 0.3083333E-01  0.6907782     
 0.3250000E-01  0.7282030     
 0.3416666E-01  0.6972573     
 0.3583334E-01  0.5945292     
 0.3750000E-01  0.5428941     
 0.3916667E-01  0.5242757     
 0.4083334E-01  0.5680559     
 0.4250000E-01  0.4529808     
 0.4416666E-01  0.3838314     
 0.4583333E-01  0.3575550     
 0.4750000E-01  0.3000367     
 0.4916666E-01  0.2230427     
 0.5083333E-01  0.1231379     
 0.5250000E-01  0.1238443     
 0.5416667E-01  0.7377227E-01 
 0.5583333E-01  0.1060527     
 0.5750000E-01  0.1298375     
 0.5916666E-01  0.2078326     
 0.6083334E-01  0.2748768     
 0.6250000E-01  0.2973047     
 0.6416667E-01  0.3513090     
 0.6583333E-01  0.3604354     
 0.6750000E-01  0.3488348     
 0.6916667E-01  0.3312351     
 0.7083333E-01  0.2843472     
 0.7250000E-01  0.2234215     
 0.7416667E-01  0.1313330     
 0.7583334E-01  0.9621225E-01 
 0.7749999E-01  0.7485090E-01 
 0.7916667E-01  0.7915799E-01 
 0.8083334E-01  0.1852538     
 0.8250000E-01  0.2282048     
 0.8416667E-01  0.2799218     
 0.8583333E-01  0.3001357     
 0.8750000E-01  0.2864860     
 0.8916666E-01  0.2483643     
 0.9083333E-01  0.1601105     
 0.9250000E-01  0.9768525E-01 
 0.9416667E-01  0.4978835E-01 
 0.9583333E-01  0.9719154E-01 
 0.9750000E-01  0.9442665E-01 
 0.9916665E-01  0.1557242     
 0.1008333      0.2074844     
 0.1025000      0.2385873     
 0.1041667      0.1765120     
 0.1058333      0.1491695     
 0.1075000      0.9051599E-01 
 0.1091667      0.6435428E-01 
 0.1108333      0.6130921E-01 
 0.1125000      0.9400634E-01 
 0.1141667      0.1578565     
 0.1158333      0.1875155     
 0.1175000      0.1685035     
 0.1191667      0.1413428     
 0.1208333      0.5700628E-01 
 0.1225000      0.4829684E-01 
 0.1241667      0.3740529E-01 
 0.1258333      0.1053108     
 0.1275000      0.1356433     
 0.1291667      0.1313156     
 0.1308333      0.1192790     
 0.1325000      0.6482424E-01 
 0.1341667      0.6706421E-01 
 0.1358333      0.8046558E-01 
 0.1375000      0.6702512E-01 
 0.1391667      0.1007930     
 0.1408333      0.1008826     
 0.1425000      0.8762337E-01 
 0.1441667      0.7584170E-01 
 0.1458333      0.4674028E-01 
 0.1475000      0.6684679E-01 
 0.1491667      0.7710619E-01 
 0.1508333      0.9892704E-01 
 0.1525000      0.7009072E-01 
 0.1541667      0.5200681E-01 
 0.1558333      0.6090983E-01 
 0.1575000      0.7657376E-01 
 0.1591667      0.9132481E-01 
 0.1608333      0.8011613E-01 
 0.1625000      0.7849950E-01 
 0.1641667      0.6287737E-01 
 0.1658333      0.3526474E-01 
