# SumMovie FRC for input stack : stack11.mrc
# Number of micrographs: 1
# Number of frames per movie: 50
# Pixel size (A): 3.0000
# 1/(A)          FRC
# -----------------------
# 
# Micrograph 1 of 1. Score: .577
 0.8333334E-03  0.9999998     
 0.2500000E-02  0.8505594     
 0.4166666E-02  0.8707862     
 0.5833333E-02  0.8517066     
 0.7499999E-02  0.8578204     
 0.9166666E-02  0.7372666     
 0.1083333E-01  0.6258699     
 0.1250000E-01  0.8536155     
 0.1416667E-01  0.9152878     
 0.1583333E-01  0.9441412     
 0.1750000E-01  0.9081764     
 0.1916667E-01  0.6554843     
 0.2083333E-01  0.7416437     
 0.2250000E-01  0.8761666     
 0.2416667E-01  0.9243673     
 0.2583333E-01  0.8935295     
 0.2750000E-01  0.7461216     
 0.2916667E-01  0.6507797     
 0.3083333E-01  0.7186693     
 0.3250000E-01  0.7769772     
 0.3416666E-01  0.7299658     
 0.3583334E-01  0.5948811     
 0.3750000E-01  0.5321500     
 0.3916667E-01  0.5100797     
 0.4083334E-01  0.5219589     
 0.4250000E-01  0.4078207     
 0.4416666E-01  0.3428544     
 0.4583333E-01  0.2995736     
 0.4750000E-01  0.2188372     
 0.4916666E-01  0.1053252     
 0.5083333E-01  0.7475649E-01 
 0.5250000E-01  0.1384475     
 0.5416667E-01  0.1455863     
 0.5583333E-01  0.2189725     
 0.5750000E-01  0.3003585     
 0.5916666E-01  0.3800904     
 0.6083334E-01  0.3615177     
 0.6250000E-01  0.4213096     
 0.6416667E-01  0.4042147     
 0.6583333E-01  0.3281803     
 0.6750000E-01  0.3063147     
 0.6916667E-01  0.1875953     
 0.7083333E-01  0.1088529     
 0.7250000E-01  0.7023566E-01 
 0.7416667E-01  0.1121695     
 0.7583334E-01  0.2016264     
 0.7749999E-01  0.2828788     
 0.7916667E-01  0.3242514     
 0.8083334E-01  0.3764150     
 0.8250000E-01  0.3363682     
 0.8416667E-01  0.3156902     
 0.8583333E-01  0.2107943     
 0.8750000E-01  0.1026331     
 0.8916666E-01  0.6931037E-01 
 0.9083333E-01  0.1362232     
 0.9250000E-01  0.2388557     
 0.9416667E-01  0.2950040     
 0.9583333E-01  0.3014595     
 0.9750000E-01  0.2701541     
 0.9916665E-01  0.2292599     
 0.1008333      0.1080661     
 0.1025000      0.4906417E-01 
 0.1041667      0.1171864     
 0.1058333      0.2016031     
 0.1075000      0.2398600     
 0.1091667      0.2420433     
 0.1108333      0.2042886     
 0.1125000      0.1385887     
 0.1141667      0.7099748E-01 
 0.1158333      0.8389127E-01 
 0.1175000      0.1478568     
 0.1191667      0.1785636     
 0.1208333      0.1656824     
 0.1225000      0.1381267     
 0.1241667      0.7598700E-01 
 0.1258333      0.7156299E-01 
 0.1275000      0.9174708E-01 
 0.1291667      0.1507777     
 0.1308333      0.1719555     
 0.1325000      0.1683938     
 0.1341667      0.9257138E-01 
 0.1358333      0.5572514E-01 
 0.1375000      0.1013924     
 0.1391667      0.1071400     
 0.1408333      0.1389547     
 0.1425000      0.1075046     
 0.1441667      0.7636005E-01 
 0.1458333      0.5557796E-01 
 0.1475000      0.6013930E-01 
 0.1491667      0.1159597     
 0.1508333      0.1111140     
 0.1525000      0.8788139E-01 
 0.1541667      0.7096159E-01 
 0.1558333      0.7189747E-01 
 0.1575000      0.1215601     
 0.1591667      0.7672523E-01 
 0.1608333      0.7127225E-01 
 0.1625000      0.5908411E-01 
 0.1641667      0.8321773E-01 
 0.1658333      0.1056366     
