# SumMovie FRC for input stack : stack11.mrc
# Number of micrographs: 1
# Number of frames per movie: 50
# Pixel size (A): 3.0000
# 1/(A)          FRC
# -----------------------
# 
# Micrograph 1 of 1. Score: .574
 0.8333334E-03  0.9999998     
 0.2500000E-02  0.8503309     
 0.4166666E-02  0.8703939     
 0.5833333E-02  0.8518969     
 0.7499999E-02  0.8575268     
 0.9166666E-02  0.7370623     
 0.1083333E-01  0.6259632     
 0.1250000E-01  0.8526610     
 0.1416667E-01  0.9144997     
 0.1583333E-01  0.9439653     
 0.1750000E-01  0.9074929     
 0.1916667E-01  0.6578582     
 0.2083333E-01  0.7403589     
 0.2250000E-01  0.8756524     
 0.2416667E-01  0.9226670     
 0.2583333E-01  0.8929029     
 0.2750000E-01  0.7436988     
 0.2916667E-01  0.6449525     
 0.3083333E-01  0.7132736     
 0.3250000E-01  0.7733374     
 0.3416666E-01  0.7233917     
 0.3583334E-01  0.5913307     
 0.3750000E-01  0.5264896     
 0.3916667E-01  0.5028601     
 0.4083334E-01  0.5189498     
 0.4250000E-01  0.4036879     
 0.4416666E-01  0.3394727     
 0.4583333E-01  0.2943240     
 0.4750000E-01  0.2203978     
 0.4916666E-01  0.1081296     
 0.5083333E-01  0.7626922E-01 
 0.5250000E-01  0.1376879     
 0.5416667E-01  0.1424814     
 0.5583333E-01  0.2225634     
 0.5750000E-01  0.2981490     
 0.5916666E-01  0.3662864     
 0.6083334E-01  0.3583913     
 0.6250000E-01  0.4081426     
 0.6416667E-01  0.3950448     
 0.6583333E-01  0.3178136     
 0.6750000E-01  0.3030050     
 0.6916667E-01  0.1905847     
 0.7083333E-01  0.1106682     
 0.7250000E-01  0.8243471E-01 
 0.7416667E-01  0.1115548     
 0.7583334E-01  0.1995595     
 0.7749999E-01  0.2724600     
 0.7916667E-01  0.3165284     
 0.8083334E-01  0.3602112     
 0.8250000E-01  0.3258883     
 0.8416667E-01  0.3022314     
 0.8583333E-01  0.2100749     
 0.8750000E-01  0.9919154E-01 
 0.8916666E-01  0.7463132E-01 
 0.9083333E-01  0.1325843     
 0.9250000E-01  0.2286971     
 0.9416667E-01  0.2911597     
 0.9583333E-01  0.3047684     
 0.9750000E-01  0.2623580     
 0.9916665E-01  0.2374441     
 0.1008333      0.1125620     
 0.1025000      0.7309310E-01 
 0.1041667      0.1320823     
 0.1058333      0.2162840     
 0.1075000      0.2303994     
 0.1091667      0.2495379     
 0.1108333      0.2104796     
 0.1125000      0.1512939     
 0.1141667      0.9251850E-01 
 0.1158333      0.9184960E-01 
 0.1175000      0.1632966     
 0.1191667      0.1918118     
 0.1208333      0.1648152     
 0.1225000      0.1469358     
 0.1241667      0.8700765E-01 
 0.1258333      0.9196667E-01 
 0.1275000      0.1048744     
 0.1291667      0.1635752     
 0.1308333      0.1714707     
 0.1325000      0.1808880     
 0.1341667      0.1056238     
 0.1358333      0.6502343E-01 
 0.1375000      0.1241731     
 0.1391667      0.1161361     
 0.1408333      0.1534321     
 0.1425000      0.1169021     
 0.1441667      0.1016620     
 0.1458333      0.8835502E-01 
 0.1475000      0.8530535E-01 
 0.1491667      0.1222531     
 0.1508333      0.1372319     
 0.1525000      0.1052316     
 0.1541667      0.9310513E-01 
 0.1558333      0.9839007E-01 
 0.1575000      0.1370237     
 0.1591667      0.9895210E-01 
 0.1608333      0.1009239     
 0.1625000      0.8174314E-01 
 0.1641667      0.1140548     
 0.1658333      0.1303370     
