# SumMovie FRC for input stack : stack11.mrc
# Number of micrographs: 1
# Number of frames per movie: 50
# Pixel size (A): 3.0000
# 1/(A)          FRC
# -----------------------
# 
# Micrograph 1 of 1. Score: .569
 0.8333334E-03  0.9999998     
 0.2500000E-02  0.8500378     
 0.4166666E-02  0.8701216     
 0.5833333E-02  0.8519577     
 0.7499999E-02  0.8572298     
 0.9166666E-02  0.7363238     
 0.1083333E-01  0.6257108     
 0.1250000E-01  0.8515716     
 0.1416667E-01  0.9136984     
 0.1583333E-01  0.9436324     
 0.1750000E-01  0.9065751     
 0.1916667E-01  0.6586470     
 0.2083333E-01  0.7378469     
 0.2250000E-01  0.8742688     
 0.2416667E-01  0.9205663     
 0.2583333E-01  0.8913727     
 0.2750000E-01  0.7393751     
 0.2916667E-01  0.6362538     
 0.3083333E-01  0.7065752     
 0.3250000E-01  0.7679955     
 0.3416666E-01  0.7151577     
 0.3583334E-01  0.5854945     
 0.3750000E-01  0.5176825     
 0.3916667E-01  0.4929318     
 0.4083334E-01  0.5119655     
 0.4250000E-01  0.3972254     
 0.4416666E-01  0.3324300     
 0.4583333E-01  0.2833933     
 0.4750000E-01  0.2195086     
 0.4916666E-01  0.1069750     
 0.5083333E-01  0.7546244E-01 
 0.5250000E-01  0.1357490     
 0.5416667E-01  0.1337064     
 0.5583333E-01  0.2209231     
 0.5750000E-01  0.2920549     
 0.5916666E-01  0.3513726     
 0.6083334E-01  0.3501965     
 0.6250000E-01  0.3896540     
 0.6416667E-01  0.3812580     
 0.6583333E-01  0.2979657     
 0.6750000E-01  0.2914048     
 0.6916667E-01  0.1874664     
 0.7083333E-01  0.1107048     
 0.7250000E-01  0.8717050E-01 
 0.7416667E-01  0.1083733     
 0.7583334E-01  0.1920414     
 0.7749999E-01  0.2585298     
 0.7916667E-01  0.3041956     
 0.8083334E-01  0.3408011     
 0.8250000E-01  0.3106453     
 0.8416667E-01  0.2853405     
 0.8583333E-01  0.1990793     
 0.8750000E-01  0.9104934E-01 
 0.8916666E-01  0.7694545E-01 
 0.9083333E-01  0.1282777     
 0.9250000E-01  0.2142029     
 0.9416667E-01  0.2757609     
 0.9583333E-01  0.3003815     
 0.9750000E-01  0.2480938     
 0.9916665E-01  0.2284587     
 0.1008333      0.1132372     
 0.1025000      0.8494561E-01 
 0.1041667      0.1425813     
 0.1058333      0.2147000     
 0.1075000      0.2079717     
 0.1091667      0.2449581     
 0.1108333      0.2072589     
 0.1125000      0.1529094     
 0.1141667      0.1016876     
 0.1158333      0.9206679E-01 
 0.1175000      0.1627439     
 0.1191667      0.1916064     
 0.1208333      0.1653531     
 0.1225000      0.1453369     
 0.1241667      0.9281990E-01 
 0.1258333      0.1046356     
 0.1275000      0.1130978     
 0.1291667      0.1647720     
 0.1308333      0.1575751     
 0.1325000      0.1845867     
 0.1341667      0.1109737     
 0.1358333      0.7157014E-01 
 0.1375000      0.1316442     
 0.1391667      0.1139362     
 0.1408333      0.1478043     
 0.1425000      0.1139629     
 0.1441667      0.1170980     
 0.1458333      0.1031652     
 0.1475000      0.1043355     
 0.1491667      0.1164513     
 0.1508333      0.1505720     
 0.1525000      0.1068490     
 0.1541667      0.9606909E-01 
 0.1558333      0.1154667     
 0.1575000      0.1460921     
 0.1591667      0.1074869     
 0.1608333      0.1203310     
 0.1625000      0.9930044E-01 
 0.1641667      0.1240206     
 0.1658333      0.1460223     
