# SumMovie FRC for input stack : stack11.mrc
# Number of micrographs: 1
# Number of frames per movie: 50
# Pixel size (A): 3.0000
# 1/(A)          FRC
# -----------------------
# 
# Micrograph 1 of 1. Score: .575
 0.8333334E-03  0.9999998     
 0.2500000E-02  0.8504378     
 0.4166666E-02  0.8705427     
 0.5833333E-02  0.8518552     
 0.7499999E-02  0.8576346     
 0.9166666E-02  0.7373679     
 0.1083333E-01  0.6260087     
 0.1250000E-01  0.8530326     
 0.1416667E-01  0.9147570     
 0.1583333E-01  0.9440686     
 0.1750000E-01  0.9077714     
 0.1916667E-01  0.6573531     
 0.2083333E-01  0.7409586     
 0.2250000E-01  0.8759822     
 0.2416667E-01  0.9233606     
 0.2583333E-01  0.8932251     
 0.2750000E-01  0.7450296     
 0.2916667E-01  0.6476507     
 0.3083333E-01  0.7154815     
 0.3250000E-01  0.7750732     
 0.3416666E-01  0.7260944     
 0.3583334E-01  0.5930296     
 0.3750000E-01  0.5288352     
 0.3916667E-01  0.5055568     
 0.4083334E-01  0.5200580     
 0.4250000E-01  0.4048973     
 0.4416666E-01  0.3412682     
 0.4583333E-01  0.2970338     
 0.4750000E-01  0.2204991     
 0.4916666E-01  0.1080007     
 0.5083333E-01  0.7693117E-01 
 0.5250000E-01  0.1375761     
 0.5416667E-01  0.1443305     
 0.5583333E-01  0.2223730     
 0.5750000E-01  0.2999196     
 0.5916666E-01  0.3714872     
 0.6083334E-01  0.3599215     
 0.6250000E-01  0.4133994     
 0.6416667E-01  0.3993345     
 0.6583333E-01  0.3232693     
 0.6750000E-01  0.3045431     
 0.6916667E-01  0.1888815     
 0.7083333E-01  0.1096607     
 0.7250000E-01  0.7925276E-01 
 0.7416667E-01  0.1106335     
 0.7583334E-01  0.2008667     
 0.7749999E-01  0.2756904     
 0.7916667E-01  0.3188462     
 0.8083334E-01  0.3663430     
 0.8250000E-01  0.3286880     
 0.8416667E-01  0.3061154     
 0.8583333E-01  0.2116074     
 0.8750000E-01  0.1003053     
 0.8916666E-01  0.7414199E-01 
 0.9083333E-01  0.1331007     
 0.9250000E-01  0.2322889     
 0.9416667E-01  0.2931973     
 0.9583333E-01  0.3037709     
 0.9750000E-01  0.2641894     
 0.9916665E-01  0.2349380     
 0.1008333      0.1118413     
 0.1025000      0.6530871E-01 
 0.1041667      0.1269052     
 0.1058333      0.2121680     
 0.1075000      0.2346373     
 0.1091667      0.2464114     
 0.1108333      0.2070668     
 0.1125000      0.1473490     
 0.1141667      0.8625039E-01 
 0.1158333      0.9120270E-01 
 0.1175000      0.1577760     
 0.1191667      0.1893360     
 0.1208333      0.1635796     
 0.1225000      0.1437271     
 0.1241667      0.8264066E-01 
 0.1258333      0.8445071E-01 
 0.1275000      0.1016456     
 0.1291667      0.1589053     
 0.1308333      0.1718274     
 0.1325000      0.1773220     
 0.1341667      0.1012135     
 0.1358333      0.6030180E-01 
 0.1375000      0.1178134     
 0.1391667      0.1128463     
 0.1408333      0.1480396     
 0.1425000      0.1136886     
 0.1441667      0.9190549E-01 
 0.1458333      0.7832386E-01 
 0.1475000      0.7392848E-01 
 0.1491667      0.1215284     
 0.1508333      0.1274348     
 0.1525000      0.9929220E-01 
 0.1541667      0.8551124E-01 
 0.1558333      0.8677979E-01 
 0.1575000      0.1313779     
 0.1591667      0.9061129E-01 
 0.1608333      0.8910167E-01 
 0.1625000      0.7211093E-01 
 0.1641667      0.1033358     
 0.1658333      0.1192658     
