# SumMovie FRC for input stack : stack16.mrc
# Number of micrographs: 1
# Number of frames per movie: 50
# Pixel size (A): 3.0000
# 1/(A)          FRC
# -----------------------
# 
# Micrograph 1 of 1. Score: .529
 0.8333334E-03  0.9999994     
 0.2500000E-02  0.9670136     
 0.4166666E-02  0.9459112     
 0.5833333E-02  0.9110338     
 0.7499999E-02  0.8943616     
 0.9166666E-02  0.8413123     
 0.1083333E-01  0.7718822     
 0.1250000E-01  0.8787132     
 0.1416667E-01  0.9334265     
 0.1583333E-01  0.9638914     
 0.1750000E-01  0.9437480     
 0.1916667E-01  0.7653674     
 0.2083333E-01  0.8005590     
 0.2250000E-01  0.8934368     
 0.2416667E-01  0.9348176     
 0.2583333E-01  0.9258592     
 0.2750000E-01  0.8154952     
 0.2916667E-01  0.6817291     
 0.3083333E-01  0.7328080     
 0.3250000E-01  0.7789397     
 0.3416666E-01  0.7001277     
 0.3583334E-01  0.5620396     
 0.3750000E-01  0.4267706     
 0.3916667E-01  0.3597625     
 0.4083334E-01  0.2959534     
 0.4250000E-01  0.1139088     
 0.4416666E-01  0.1228626     
 0.4583333E-01  0.1052638     
 0.4750000E-01  0.1361557     
 0.4916666E-01  0.2717592     
 0.5083333E-01  0.3331900     
 0.5250000E-01  0.3621925     
 0.5416667E-01  0.3610552     
 0.5583333E-01  0.4086992     
 0.5750000E-01  0.3478273     
 0.5916666E-01  0.2649431     
 0.6083334E-01  0.1773655     
 0.6250000E-01  0.9071972E-01 
 0.6416667E-01  0.1127612     
 0.6583333E-01  0.1433237     
 0.6750000E-01  0.1953282     
 0.6916667E-01  0.3026741     
 0.7083333E-01  0.3942528     
 0.7250000E-01  0.3357208     
 0.7416667E-01  0.2738522     
 0.7583334E-01  0.1669075     
 0.7749999E-01  0.1108091     
 0.7916667E-01  0.9249078E-01 
 0.8083334E-01  0.2474850     
 0.8250000E-01  0.2527785     
 0.8416667E-01  0.3307756     
 0.8583333E-01  0.2822170     
 0.8750000E-01  0.1857545     
 0.8916666E-01  0.1163298     
 0.9083333E-01  0.9707952E-01 
 0.9250000E-01  0.1831440     
 0.9416667E-01  0.2443077     
 0.9583333E-01  0.2606175     
 0.9750000E-01  0.2096999     
 0.9916665E-01  0.1234197     
 0.1008333      0.1016570     
 0.1025000      0.1337277     
 0.1041667      0.1905104     
 0.1058333      0.2326576     
 0.1075000      0.1893739     
 0.1091667      0.1301647     
 0.1108333      0.6723990E-01 
 0.1125000      0.1526550     
 0.1141667      0.1824505     
 0.1158333      0.1735887     
 0.1175000      0.1316613     
 0.1191667      0.9129389E-01 
 0.1208333      0.1123942     
 0.1225000      0.1491221     
 0.1241667      0.1700241     
 0.1258333      0.1266069     
 0.1275000      0.8737209E-01 
 0.1291667      0.1029299     
 0.1308333      0.1383533     
 0.1325000      0.1347161     
 0.1341667      0.1070101     
 0.1358333      0.6153848E-01 
 0.1375000      0.1152571     
 0.1391667      0.1346756     
 0.1408333      0.1323795     
 0.1425000      0.8713655E-01 
 0.1441667      0.1141682     
 0.1458333      0.1189404     
 0.1475000      0.1138948     
 0.1491667      0.1127710     
 0.1508333      0.9941836E-01 
 0.1525000      0.1172563     
 0.1541667      0.1097789     
 0.1558333      0.8628689E-01 
 0.1575000      0.8846267E-01 
 0.1591667      0.1085374     
 0.1608333      0.1116258     
 0.1625000      0.7139058E-01 
 0.1641667      0.8985399E-01 
 0.1658333      0.1370102     
