# SumMovie FRC for input stack : stack11.mrc
# Number of micrographs: 1
# Number of frames per movie: 50
# Pixel size (A): 3.0000
# 1/(A)          FRC
# -----------------------
# 
# Micrograph 1 of 1. Score: .577
 0.8333334E-03  0.9999998     
 0.2500000E-02  0.8506604     
 0.4166666E-02  0.8709693     
 0.5833333E-02  0.8515974     
 0.7499999E-02  0.8579918     
 0.9166666E-02  0.7377949     
 0.1083333E-01  0.6256769     
 0.1250000E-01  0.8541053     
 0.1416667E-01  0.9155756     
 0.1583333E-01  0.9441679     
 0.1750000E-01  0.9083734     
 0.1916667E-01  0.6540703     
 0.2083333E-01  0.7417964     
 0.2250000E-01  0.8760844     
 0.2416667E-01  0.9250394     
 0.2583333E-01  0.8931914     
 0.2750000E-01  0.7469006     
 0.2916667E-01  0.6526445     
 0.3083333E-01  0.7212410     
 0.3250000E-01  0.7785160     
 0.3416666E-01  0.7326933     
 0.3583334E-01  0.5952793     
 0.3750000E-01  0.5331554     
 0.3916667E-01  0.5113695     
 0.4083334E-01  0.5212727     
 0.4250000E-01  0.4073464     
 0.4416666E-01  0.3419624     
 0.4583333E-01  0.3002644     
 0.4750000E-01  0.2172181     
 0.4916666E-01  0.1022555     
 0.5083333E-01  0.7528117E-01 
 0.5250000E-01  0.1382706     
 0.5416667E-01  0.1442328     
 0.5583333E-01  0.2169336     
 0.5750000E-01  0.2991638     
 0.5916666E-01  0.3854210     
 0.6083334E-01  0.3620332     
 0.6250000E-01  0.4230811     
 0.6416667E-01  0.4064616     
 0.6583333E-01  0.3273948     
 0.6750000E-01  0.3018869     
 0.6916667E-01  0.1789348     
 0.7083333E-01  0.1051325     
 0.7250000E-01  0.6091573E-01 
 0.7416667E-01  0.1079599     
 0.7583334E-01  0.2005092     
 0.7749999E-01  0.2843867     
 0.7916667E-01  0.3238592     
 0.8083334E-01  0.3794483     
 0.8250000E-01  0.3381849     
 0.8416667E-01  0.3180412     
 0.8583333E-01  0.2055260     
 0.8750000E-01  0.9972918E-01 
 0.8916666E-01  0.6474978E-01 
 0.9083333E-01  0.1324775     
 0.9250000E-01  0.2396347     
 0.9416667E-01  0.2884168     
 0.9583333E-01  0.2953402     
 0.9750000E-01  0.2669486     
 0.9916665E-01  0.2124429     
 0.1008333      0.1040621     
 0.1025000      0.3469243E-01 
 0.1041667      0.1084777     
 0.1058333      0.1841923     
 0.1075000      0.2346445     
 0.1091667      0.2317232     
 0.1108333      0.1962828     
 0.1125000      0.1267635     
 0.1141667      0.5630896E-01 
 0.1158333      0.7845041E-01 
 0.1175000      0.1354840     
 0.1191667      0.1674343     
 0.1208333      0.1601393     
 0.1225000      0.1287299     
 0.1241667      0.7258201E-01 
 0.1258333      0.5849036E-01 
 0.1275000      0.8825585E-01 
 0.1291667      0.1383412     
 0.1308333      0.1642031     
 0.1325000      0.1582800     
 0.1341667      0.8313029E-01 
 0.1358333      0.4454355E-01 
 0.1375000      0.8502454E-01 
 0.1391667      0.9600059E-01 
 0.1408333      0.1231292     
 0.1425000      0.9777790E-01 
 0.1441667      0.6441820E-01 
 0.1458333      0.3879358E-01 
 0.1475000      0.5695458E-01 
 0.1491667      0.1086440     
 0.1508333      0.9657130E-01 
 0.1525000      0.7663064E-01 
 0.1541667      0.6058588E-01 
 0.1558333      0.5838042E-01 
 0.1575000      0.1105946     
 0.1591667      0.6670165E-01 
 0.1608333      0.5806665E-01 
 0.1625000      0.5701097E-01 
 0.1641667      0.6445199E-01 
 0.1658333      0.8700029E-01 
