# SumMovie FRC for input stack : stack11.mrc
# Number of micrographs: 1
# Number of frames per movie: 50
# Pixel size (A): 3.0000
# 1/(A)          FRC
# -----------------------
# 
# Micrograph 1 of 1. Score: .572
 0.8333334E-03  0.9999998     
 0.2500000E-02  0.8502060     
 0.4166666E-02  0.8702937     
 0.5833333E-02  0.8519254     
 0.7499999E-02  0.8573921     
 0.9166666E-02  0.7368131     
 0.1083333E-01  0.6259700     
 0.1250000E-01  0.8522000     
 0.1416667E-01  0.9141171     
 0.1583333E-01  0.9438642     
 0.1750000E-01  0.9071527     
 0.1916667E-01  0.6584195     
 0.2083333E-01  0.7393870     
 0.2250000E-01  0.8751208     
 0.2416667E-01  0.9217995     
 0.2583333E-01  0.8923308     
 0.2750000E-01  0.7421153     
 0.2916667E-01  0.6416508     
 0.3083333E-01  0.7105837     
 0.3250000E-01  0.7711909     
 0.3416666E-01  0.7200567     
 0.3583334E-01  0.5889456     
 0.3750000E-01  0.5228926     
 0.3916667E-01  0.4987286     
 0.4083334E-01  0.5165114     
 0.4250000E-01  0.4011627     
 0.4416666E-01  0.3368481     
 0.4583333E-01  0.2906533     
 0.4750000E-01  0.2201611     
 0.4916666E-01  0.1080150     
 0.5083333E-01  0.7638029E-01 
 0.5250000E-01  0.1369873     
 0.5416667E-01  0.1393211     
 0.5583333E-01  0.2220224     
 0.5750000E-01  0.2958822     
 0.5916666E-01  0.3596714     
 0.6083334E-01  0.3550848     
 0.6250000E-01  0.4005018     
 0.6416667E-01  0.3895105     
 0.6583333E-01  0.3106959     
 0.6750000E-01  0.2984450     
 0.6916667E-01  0.1898542     
 0.7083333E-01  0.1109890     
 0.7250000E-01  0.8510109E-01 
 0.7416667E-01  0.1097270     
 0.7583334E-01  0.1967414     
 0.7749999E-01  0.2664018     
 0.7916667E-01  0.3115002     
 0.8083334E-01  0.3517672     
 0.8250000E-01  0.3192531     
 0.8416667E-01  0.2943681     
 0.8583333E-01  0.2057739     
 0.8750000E-01  0.9636085E-01 
 0.8916666E-01  0.7642930E-01 
 0.9083333E-01  0.1300310     
 0.9250000E-01  0.2233956     
 0.9416667E-01  0.2857485     
 0.9583333E-01  0.3027033     
 0.9750000E-01  0.2549778     
 0.9916665E-01  0.2356704     
 0.1008333      0.1127623     
 0.1025000      0.7981783E-01 
 0.1041667      0.1374258     
 0.1058333      0.2177443     
 0.1075000      0.2206443     
 0.1091667      0.2484119     
 0.1108333      0.2091601     
 0.1125000      0.1530047     
 0.1141667      0.9812764E-01 
 0.1158333      0.9313328E-01 
 0.1175000      0.1641773     
 0.1191667      0.1928469     
 0.1208333      0.1636708     
 0.1225000      0.1470489     
 0.1241667      0.9067046E-01 
 0.1258333      0.9832086E-01 
 0.1275000      0.1089147     
 0.1291667      0.1652113     
 0.1308333      0.1668548     
 0.1325000      0.1829330     
 0.1341667      0.1086298     
 0.1358333      0.6835660E-01 
 0.1375000      0.1293415     
 0.1391667      0.1166501     
 0.1408333      0.1535592     
 0.1425000      0.1157428     
 0.1441667      0.1100503     
 0.1458333      0.9824379E-01 
 0.1475000      0.9517188E-01 
 0.1491667      0.1215419     
 0.1508333      0.1445101     
 0.1525000      0.1078740     
 0.1541667      0.9714997E-01 
 0.1558333      0.1067978     
 0.1575000      0.1424931     
 0.1591667      0.1037593     
 0.1608333      0.1114336     
 0.1625000      0.9069130E-01 
 0.1641667      0.1227105     
 0.1658333      0.1382296     
