# SumMovie FRC for input stack : stack6.mrc
# Number of micrographs: 1
# Number of frames per movie: 50
# Pixel size (A): 3.0000
# 1/(A)          FRC
# -----------------------
# 
# Micrograph 1 of 1. Score: .570
 0.8333334E-03  0.9999999     
 0.2500000E-02  0.9513291     
 0.4166666E-02  0.9316459     
 0.5833333E-02  0.8460948     
 0.7499999E-02  0.8646551     
 0.9166666E-02  0.6716871     
 0.1083333E-01  0.6531915     
 0.1250000E-01  0.8454119     
 0.1416667E-01  0.8820059     
 0.1583333E-01  0.9302413     
 0.1750000E-01  0.8897634     
 0.1916667E-01  0.5993208     
 0.2083333E-01  0.6582201     
 0.2250000E-01  0.8250978     
 0.2416667E-01  0.8889011     
 0.2583333E-01  0.8401631     
 0.2750000E-01  0.7164260     
 0.2916667E-01  0.6086810     
 0.3083333E-01  0.6677261     
 0.3250000E-01  0.7107792     
 0.3416666E-01  0.6778717     
 0.3583334E-01  0.5681796     
 0.3750000E-01  0.5139132     
 0.3916667E-01  0.4968887     
 0.4083334E-01  0.5259361     
 0.4250000E-01  0.4295980     
 0.4416666E-01  0.3638882     
 0.4583333E-01  0.3285900     
 0.4750000E-01  0.2806885     
 0.4916666E-01  0.2078301     
 0.5083333E-01  0.1186926     
 0.5250000E-01  0.1457219     
 0.5416667E-01  0.9203012E-01 
 0.5583333E-01  0.1332743     
 0.5750000E-01  0.1297662     
 0.5916666E-01  0.2037495     
 0.6083334E-01  0.2625552     
 0.6250000E-01  0.2855140     
 0.6416667E-01  0.3214125     
 0.6583333E-01  0.3200492     
 0.6750000E-01  0.3277388     
 0.6916667E-01  0.3129334     
 0.7083333E-01  0.2610655     
 0.7250000E-01  0.2107366     
 0.7416667E-01  0.1459972     
 0.7583334E-01  0.1027661     
 0.7749999E-01  0.8900150E-01 
 0.7916667E-01  0.1000306     
 0.8083334E-01  0.1710460     
 0.8250000E-01  0.2084329     
 0.8416667E-01  0.2611105     
 0.8583333E-01  0.2823776     
 0.8750000E-01  0.2590151     
 0.8916666E-01  0.2564017     
 0.9083333E-01  0.1295773     
 0.9250000E-01  0.1323256     
 0.9416667E-01  0.8870707E-01 
 0.9583333E-01  0.1321896     
 0.9750000E-01  0.1349412     
 0.9916665E-01  0.1702065     
 0.1008333      0.1894808     
 0.1025000      0.2052964     
 0.1041667      0.2000174     
 0.1058333      0.1422875     
 0.1075000      0.1123232     
 0.1091667      0.6313613E-01 
 0.1108333      0.8568711E-01 
 0.1125000      0.1437633     
 0.1141667      0.1706360     
 0.1158333      0.1978061     
 0.1175000      0.1644448     
 0.1191667      0.1444460     
 0.1208333      0.1070398     
 0.1225000      0.7849926E-01 
 0.1241667      0.1044086     
 0.1258333      0.1041610     
 0.1275000      0.1570111     
 0.1291667      0.1430742     
 0.1308333      0.1456070     
 0.1325000      0.7318353E-01 
 0.1341667      0.6431127E-01 
 0.1358333      0.1178502     
 0.1375000      0.1001121     
 0.1391667      0.1033803     
 0.1408333      0.1269679     
 0.1425000      0.1085690     
 0.1441667      0.8915777E-01 
 0.1458333      0.9026437E-01 
 0.1475000      0.1020578     
 0.1491667      0.1278076     
 0.1508333      0.1369304     
 0.1525000      0.1117248     
 0.1541667      0.7480828E-01 
 0.1558333      0.1054265     
 0.1575000      0.9334714E-01 
 0.1591667      0.1078325     
 0.1608333      0.1308761     
 0.1625000      0.9789334E-01 
 0.1641667      0.8923956E-01 
 0.1658333      0.7192533E-01 
