# SumMovie FRC for input stack : stack6.mrc
# Number of micrographs: 1
# Number of frames per movie: 50
# Pixel size (A): 3.0000
# 1/(A)          FRC
# -----------------------
# 
# Micrograph 1 of 1. Score: .592
 0.8333334E-03  0.9999999     
 0.2500000E-02  0.9512827     
 0.4166666E-02  0.9319329     
 0.5833333E-02  0.8475053     
 0.7499999E-02  0.8653432     
 0.9166666E-02  0.6784285     
 0.1083333E-01  0.6580134     
 0.1250000E-01  0.8498483     
 0.1416667E-01  0.8880213     
 0.1583333E-01  0.9352604     
 0.1750000E-01  0.8939002     
 0.1916667E-01  0.6006570     
 0.2083333E-01  0.6727890     
 0.2250000E-01  0.8433221     
 0.2416667E-01  0.9026366     
 0.2583333E-01  0.8573700     
 0.2750000E-01  0.7353333     
 0.2916667E-01  0.6257417     
 0.3083333E-01  0.6980705     
 0.3250000E-01  0.7291672     
 0.3416666E-01  0.7026026     
 0.3583334E-01  0.6010263     
 0.3750000E-01  0.5387555     
 0.3916667E-01  0.5310171     
 0.4083334E-01  0.5750341     
 0.4250000E-01  0.4583393     
 0.4416666E-01  0.3963985     
 0.4583333E-01  0.3655791     
 0.4750000E-01  0.3044225     
 0.4916666E-01  0.2230904     
 0.5083333E-01  0.1349114     
 0.5250000E-01  0.1175227     
 0.5416667E-01  0.6136310E-01 
 0.5583333E-01  0.9936286E-01 
 0.5750000E-01  0.1215174     
 0.5916666E-01  0.1981005     
 0.6083334E-01  0.2708330     
 0.6250000E-01  0.2913454     
 0.6416667E-01  0.3451061     
 0.6583333E-01  0.3743325     
 0.6750000E-01  0.3486267     
 0.6916667E-01  0.3463086     
 0.7083333E-01  0.2919914     
 0.7250000E-01  0.2231713     
 0.7416667E-01  0.1239750     
 0.7583334E-01  0.7661940E-01 
 0.7749999E-01  0.6802240E-01 
 0.7916667E-01  0.7787152E-01 
 0.8083334E-01  0.1850396     
 0.8250000E-01  0.2307726     
 0.8416667E-01  0.2958340     
 0.8583333E-01  0.3109856     
 0.8750000E-01  0.2917230     
 0.8916666E-01  0.2438357     
 0.9083333E-01  0.1629307     
 0.9250000E-01  0.8656453E-01 
 0.9416667E-01  0.4730876E-01 
 0.9583333E-01  0.8664294E-01 
 0.9750000E-01  0.8761792E-01 
 0.9916665E-01  0.1430814     
 0.1008333      0.2191097     
 0.1025000      0.2403590     
 0.1041667      0.1721285     
 0.1058333      0.1488936     
 0.1075000      0.8086871E-01 
 0.1091667      0.7689892E-01 
 0.1108333      0.4370331E-01 
 0.1125000      0.8749142E-01 
 0.1141667      0.1419673     
 0.1158333      0.1921670     
 0.1175000      0.1704704     
 0.1191667      0.1295485     
 0.1208333      0.4280304E-01 
 0.1225000      0.4383961E-01 
 0.1241667      0.3714349E-01 
 0.1258333      0.1042305     
 0.1275000      0.1218773     
 0.1291667      0.1267440     
 0.1308333      0.1128151     
 0.1325000      0.5722019E-01 
 0.1341667      0.4682683E-01 
 0.1358333      0.7388772E-01 
 0.1375000      0.7104097E-01 
 0.1391667      0.1017534     
 0.1408333      0.9030404E-01 
 0.1425000      0.6979179E-01 
 0.1441667      0.5743371E-01 
 0.1458333      0.3964386E-01 
 0.1475000      0.4820524E-01 
 0.1491667      0.7626086E-01 
 0.1508333      0.9328069E-01 
 0.1525000      0.6867219E-01 
 0.1541667      0.4654390E-01 
 0.1558333      0.3611715E-01 
 0.1575000      0.7375691E-01 
 0.1591667      0.8250809E-01 
 0.1608333      0.7754209E-01 
 0.1625000      0.7676958E-01 
 0.1641667      0.6123607E-01 
 0.1658333      0.2944054E-01 
