# SumMovie FRC for input stack : stack6.mrc
# Number of micrographs: 1
# Number of frames per movie: 50
# Pixel size (A): 3.0000
# 1/(A)          FRC
# -----------------------
# 
# Micrograph 1 of 1. Score: .592
 0.8333334E-03  0.9999999     
 0.2500000E-02  0.9512808     
 0.4166666E-02  0.9319285     
 0.5833333E-02  0.8475179     
 0.7499999E-02  0.8653444     
 0.9166666E-02  0.6784146     
 0.1083333E-01  0.6579190     
 0.1250000E-01  0.8498473     
 0.1416667E-01  0.8880510     
 0.1583333E-01  0.9352677     
 0.1750000E-01  0.8938395     
 0.1916667E-01  0.6006721     
 0.2083333E-01  0.6728057     
 0.2250000E-01  0.8433759     
 0.2416667E-01  0.9026456     
 0.2583333E-01  0.8573765     
 0.2750000E-01  0.7353038     
 0.2916667E-01  0.6257474     
 0.3083333E-01  0.6980812     
 0.3250000E-01  0.7291134     
 0.3416666E-01  0.7025598     
 0.3583334E-01  0.6010673     
 0.3750000E-01  0.5386811     
 0.3916667E-01  0.5308789     
 0.4083334E-01  0.5750004     
 0.4250000E-01  0.4583581     
 0.4416666E-01  0.3963176     
 0.4583333E-01  0.3655739     
 0.4750000E-01  0.3045145     
 0.4916666E-01  0.2230339     
 0.5083333E-01  0.1347368     
 0.5250000E-01  0.1169213     
 0.5416667E-01  0.6094350E-01 
 0.5583333E-01  0.9899835E-01 
 0.5750000E-01  0.1213877     
 0.5916666E-01  0.1975549     
 0.6083334E-01  0.2705415     
 0.6250000E-01  0.2909294     
 0.6416667E-01  0.3448096     
 0.6583333E-01  0.3742726     
 0.6750000E-01  0.3481020     
 0.6916667E-01  0.3460609     
 0.7083333E-01  0.2918297     
 0.7250000E-01  0.2232071     
 0.7416667E-01  0.1237516     
 0.7583334E-01  0.7614818E-01 
 0.7749999E-01  0.6755152E-01 
 0.7916667E-01  0.7752092E-01 
 0.8083334E-01  0.1846564     
 0.8250000E-01  0.2308517     
 0.8416667E-01  0.2952990     
 0.8583333E-01  0.3109122     
 0.8750000E-01  0.2916770     
 0.8916666E-01  0.2434380     
 0.9083333E-01  0.1629505     
 0.9250000E-01  0.8642299E-01 
 0.9416667E-01  0.4729769E-01 
 0.9583333E-01  0.8597989E-01 
 0.9750000E-01  0.8707035E-01 
 0.9916665E-01  0.1427822     
 0.1008333      0.2196941     
 0.1025000      0.2399029     
 0.1041667      0.1719156     
 0.1058333      0.1488619     
 0.1075000      0.8047110E-01 
 0.1091667      0.7722723E-01 
 0.1108333      0.4303796E-01 
 0.1125000      0.8744651E-01 
 0.1141667      0.1414546     
 0.1158333      0.1923339     
 0.1175000      0.1698178     
 0.1191667      0.1291918     
 0.1208333      0.4223460E-01 
 0.1225000      0.4406058E-01 
 0.1241667      0.3660174E-01 
 0.1258333      0.1038725     
 0.1275000      0.1208558     
 0.1291667      0.1266412     
 0.1308333      0.1124132     
 0.1325000      0.5714623E-01 
 0.1341667      0.4602796E-01 
 0.1358333      0.7342952E-01 
 0.1375000      0.7072947E-01 
 0.1391667      0.1012257     
 0.1408333      0.8973666E-01 
 0.1425000      0.6951174E-01 
 0.1441667      0.5678280E-01 
 0.1458333      0.3912598E-01 
 0.1475000      0.4769560E-01 
 0.1491667      0.7550383E-01 
 0.1508333      0.9254365E-01 
 0.1525000      0.6881484E-01 
 0.1541667      0.4604664E-01 
 0.1558333      0.3546787E-01 
 0.1575000      0.7310688E-01 
 0.1591667      0.8204124E-01 
 0.1608333      0.7772450E-01 
 0.1625000      0.7662347E-01 
 0.1641667      0.6077290E-01 
 0.1658333      0.2935958E-01 
