# SumMovie FRC for input stack : stack11.mrc
# Number of micrographs: 1
# Number of frames per movie: 50
# Pixel size (A): 3.0000
# 1/(A)          FRC
# -----------------------
# 
# Micrograph 1 of 1. Score: .577
 0.8333334E-03  0.9999998     
 0.2500000E-02  0.8506091     
 0.4166666E-02  0.8709015     
 0.5833333E-02  0.8516579     
 0.7499999E-02  0.8579274     
 0.9166666E-02  0.7376330     
 0.1083333E-01  0.6257680     
 0.1250000E-01  0.8539008     
 0.1416667E-01  0.9154583     
 0.1583333E-01  0.9441944     
 0.1750000E-01  0.9082975     
 0.1916667E-01  0.6545361     
 0.2083333E-01  0.7417321     
 0.2250000E-01  0.8761627     
 0.2416667E-01  0.9247955     
 0.2583333E-01  0.8933946     
 0.2750000E-01  0.7466936     
 0.2916667E-01  0.6520779     
 0.3083333E-01  0.7204600     
 0.3250000E-01  0.7781847     
 0.3416666E-01  0.7318981     
 0.3583334E-01  0.5954757     
 0.3750000E-01  0.5330135     
 0.3916667E-01  0.5112965     
 0.4083334E-01  0.5214207     
 0.4250000E-01  0.4079206     
 0.4416666E-01  0.3423347     
 0.4583333E-01  0.3000104     
 0.4750000E-01  0.2182167     
 0.4916666E-01  0.1034703     
 0.5083333E-01  0.7593424E-01 
 0.5250000E-01  0.1387576     
 0.5416667E-01  0.1448565     
 0.5583333E-01  0.2176880     
 0.5750000E-01  0.3000162     
 0.5916666E-01  0.3838105     
 0.6083334E-01  0.3614037     
 0.6250000E-01  0.4230658     
 0.6416667E-01  0.4054478     
 0.6583333E-01  0.3286012     
 0.6750000E-01  0.3044633     
 0.6916667E-01  0.1823322     
 0.7083333E-01  0.1067274     
 0.7250000E-01  0.6495047E-01 
 0.7416667E-01  0.1089496     
 0.7583334E-01  0.2013852     
 0.7749999E-01  0.2839206     
 0.7916667E-01  0.3237709     
 0.8083334E-01  0.3784420     
 0.8250000E-01  0.3371710     
 0.8416667E-01  0.3167601     
 0.8583333E-01  0.2086686     
 0.8750000E-01  0.1003083     
 0.8916666E-01  0.6660201E-01 
 0.9083333E-01  0.1340588     
 0.9250000E-01  0.2392750     
 0.9416667E-01  0.2909780     
 0.9583333E-01  0.2975399     
 0.9750000E-01  0.2675029     
 0.9916665E-01  0.2191504     
 0.1008333      0.1048055     
 0.1025000      0.3979543E-01 
 0.1041667      0.1124682     
 0.1058333      0.1893598     
 0.1075000      0.2370522     
 0.1091667      0.2355530     
 0.1108333      0.1980555     
 0.1125000      0.1311825     
 0.1141667      0.6168790E-01 
 0.1158333      0.8172000E-01 
 0.1175000      0.1394186     
 0.1191667      0.1715373     
 0.1208333      0.1622004     
 0.1225000      0.1318214     
 0.1241667      0.7281570E-01 
 0.1258333      0.6311359E-01 
 0.1275000      0.8965825E-01 
 0.1291667      0.1433374     
 0.1308333      0.1673091     
 0.1325000      0.1626776     
 0.1341667      0.8725849E-01 
 0.1358333      0.4952535E-01 
 0.1375000      0.9128829E-01 
 0.1391667      0.1004130     
 0.1408333      0.1285290     
 0.1425000      0.1006898     
 0.1441667      0.6821639E-01 
 0.1458333      0.4415284E-01 
 0.1475000      0.5639207E-01 
 0.1491667      0.1111053     
 0.1508333      0.1007665     
 0.1525000      0.8073604E-01 
 0.1541667      0.6421726E-01 
 0.1558333      0.6224191E-01 
 0.1575000      0.1150534     
 0.1591667      0.7100146E-01 
 0.1608333      0.6193588E-01 
 0.1625000      0.5792560E-01 
 0.1641667      0.7112844E-01 
 0.1658333      0.9222621E-01 
