# SumMovie FRC for input stack : stack11.mrc
# Number of micrographs: 1
# Number of frames per movie: 50
# Pixel size (A): 3.0000
# 1/(A)          FRC
# -----------------------
# 
# Micrograph 1 of 1. Score: .577
 0.8333334E-03  0.9999998     
 0.2500000E-02  0.8506573     
 0.4166666E-02  0.8709667     
 0.5833333E-02  0.8516008     
 0.7499999E-02  0.8579822     
 0.9166666E-02  0.7377526     
 0.1083333E-01  0.6257161     
 0.1250000E-01  0.8540825     
 0.1416667E-01  0.9155632     
 0.1583333E-01  0.9441659     
 0.1750000E-01  0.9083610     
 0.1916667E-01  0.6540954     
 0.2083333E-01  0.7417814     
 0.2250000E-01  0.8760924     
 0.2416667E-01  0.9250131     
 0.2583333E-01  0.8932301     
 0.2750000E-01  0.7468513     
 0.2916667E-01  0.6525323     
 0.3083333E-01  0.7211277     
 0.3250000E-01  0.7784697     
 0.3416666E-01  0.7326329     
 0.3583334E-01  0.5952985     
 0.3750000E-01  0.5330635     
 0.3916667E-01  0.5113842     
 0.4083334E-01  0.5213135     
 0.4250000E-01  0.4074617     
 0.4416666E-01  0.3421459     
 0.4583333E-01  0.3002384     
 0.4750000E-01  0.2173616     
 0.4916666E-01  0.1024936     
 0.5083333E-01  0.7505538E-01 
 0.5250000E-01  0.1384105     
 0.5416667E-01  0.1443408     
 0.5583333E-01  0.2169474     
 0.5750000E-01  0.2993319     
 0.5916666E-01  0.3853098     
 0.6083334E-01  0.3619709     
 0.6250000E-01  0.4232828     
 0.6416667E-01  0.4063323     
 0.6583333E-01  0.3276823     
 0.6750000E-01  0.3022017     
 0.6916667E-01  0.1794702     
 0.7083333E-01  0.1055355     
 0.7250000E-01  0.6126973E-01 
 0.7416667E-01  0.1082254     
 0.7583334E-01  0.2006133     
 0.7749999E-01  0.2845058     
 0.7916667E-01  0.3241750     
 0.8083334E-01  0.3794796     
 0.8250000E-01  0.3380499     
 0.8416667E-01  0.3179481     
 0.8583333E-01  0.2056962     
 0.8750000E-01  0.9997693E-01 
 0.8916666E-01  0.6486716E-01 
 0.9083333E-01  0.1326897     
 0.9250000E-01  0.2396483     
 0.9416667E-01  0.2887950     
 0.9583333E-01  0.2956058     
 0.9750000E-01  0.2670528     
 0.9916665E-01  0.2134866     
 0.1008333      0.1042753     
 0.1025000      0.3509438E-01 
 0.1041667      0.1087637     
 0.1058333      0.1849844     
 0.1075000      0.2350883     
 0.1091667      0.2321891     
 0.1108333      0.1966859     
 0.1125000      0.1272786     
 0.1141667      0.5682968E-01 
 0.1158333      0.7880428E-01 
 0.1175000      0.1360553     
 0.1191667      0.1677981     
 0.1208333      0.1605235     
 0.1225000      0.1292463     
 0.1241667      0.7252295E-01 
 0.1258333      0.5899615E-01 
 0.1275000      0.8828878E-01 
 0.1291667      0.1390206     
 0.1308333      0.1648005     
 0.1325000      0.1588843     
 0.1341667      0.8372586E-01 
 0.1358333      0.4528079E-01 
 0.1375000      0.8562943E-01 
 0.1391667      0.9655320E-01 
 0.1408333      0.1240236     
 0.1425000      0.9800537E-01 
 0.1441667      0.6487934E-01 
 0.1458333      0.3941291E-01 
 0.1475000      0.5650076E-01 
 0.1491667      0.1089785     
 0.1508333      0.9680129E-01 
 0.1525000      0.7715955E-01 
 0.1541667      0.6088609E-01 
 0.1558333      0.5868432E-01 
 0.1575000      0.1112025     
 0.1591667      0.6723840E-01 
 0.1608333      0.5861842E-01 
 0.1625000      0.5682158E-01 
 0.1641667      0.6531937E-01 
 0.1658333      0.8797839E-01 
