# SumMovie FRC for input stack : stack6.mrc
# Number of micrographs: 1
# Number of frames per movie: 50
# Pixel size (A): 3.0000
# 1/(A)          FRC
# -----------------------
# 
# Micrograph 1 of 1. Score: .592
 0.8333334E-03  0.9999999     
 0.2500000E-02  0.9512816     
 0.4166666E-02  0.9319522     
 0.5833333E-02  0.8475253     
 0.7499999E-02  0.8653185     
 0.9166666E-02  0.6785440     
 0.1083333E-01  0.6580063     
 0.1250000E-01  0.8499169     
 0.1416667E-01  0.8880823     
 0.1583333E-01  0.9352994     
 0.1750000E-01  0.8938370     
 0.1916667E-01  0.6007069     
 0.2083333E-01  0.6729850     
 0.2250000E-01  0.8435690     
 0.2416667E-01  0.9027328     
 0.2583333E-01  0.8573642     
 0.2750000E-01  0.7354704     
 0.2916667E-01  0.6256720     
 0.3083333E-01  0.6983657     
 0.3250000E-01  0.7290968     
 0.3416666E-01  0.7027690     
 0.3583334E-01  0.6012053     
 0.3750000E-01  0.5382715     
 0.3916667E-01  0.5309626     
 0.4083334E-01  0.5749665     
 0.4250000E-01  0.4581865     
 0.4416666E-01  0.3962490     
 0.4583333E-01  0.3650356     
 0.4750000E-01  0.3046135     
 0.4916666E-01  0.2232372     
 0.5083333E-01  0.1343478     
 0.5250000E-01  0.1164720     
 0.5416667E-01  0.6075223E-01 
 0.5583333E-01  0.9921825E-01 
 0.5750000E-01  0.1219438     
 0.5916666E-01  0.1968372     
 0.6083334E-01  0.2700411     
 0.6250000E-01  0.2901411     
 0.6416667E-01  0.3452028     
 0.6583333E-01  0.3744311     
 0.6750000E-01  0.3480251     
 0.6916667E-01  0.3456414     
 0.7083333E-01  0.2919199     
 0.7250000E-01  0.2226993     
 0.7416667E-01  0.1225899     
 0.7583334E-01  0.7657155E-01 
 0.7749999E-01  0.6594572E-01 
 0.7916667E-01  0.7762089E-01 
 0.8083334E-01  0.1842555     
 0.8250000E-01  0.2324158     
 0.8416667E-01  0.2955252     
 0.8583333E-01  0.3105449     
 0.8750000E-01  0.2916490     
 0.8916666E-01  0.2428261     
 0.9083333E-01  0.1631765     
 0.9250000E-01  0.8645953E-01 
 0.9416667E-01  0.4548950E-01 
 0.9583333E-01  0.8614528E-01 
 0.9750000E-01  0.8666154E-01 
 0.9916665E-01  0.1441388     
 0.1008333      0.2200408     
 0.1025000      0.2394321     
 0.1041667      0.1716265     
 0.1058333      0.1472057     
 0.1075000      0.7952622E-01 
 0.1091667      0.7873009E-01 
 0.1108333      0.4308992E-01 
 0.1125000      0.8879489E-01 
 0.1141667      0.1415410     
 0.1158333      0.1922063     
 0.1175000      0.1706458     
 0.1191667      0.1292123     
 0.1208333      0.4176572E-01 
 0.1225000      0.4454079E-01 
 0.1241667      0.3842055E-01 
 0.1258333      0.1041554     
 0.1275000      0.1215967     
 0.1291667      0.1263155     
 0.1308333      0.1109734     
 0.1325000      0.5615227E-01 
 0.1341667      0.4539590E-01 
 0.1358333      0.7362974E-01 
 0.1375000      0.7109820E-01 
 0.1391667      0.1014687     
 0.1408333      0.9061978E-01 
 0.1425000      0.6891799E-01 
 0.1441667      0.5618792E-01 
 0.1458333      0.3970238E-01 
 0.1475000      0.4738319E-01 
 0.1491667      0.7711148E-01 
 0.1508333      0.9296981E-01 
 0.1525000      0.6870920E-01 
 0.1541667      0.4527673E-01 
 0.1558333      0.3439603E-01 
 0.1575000      0.7314681E-01 
 0.1591667      0.8161929E-01 
 0.1608333      0.7809280E-01 
 0.1625000      0.7613951E-01 
 0.1641667      0.6307471E-01 
 0.1658333      0.2840421E-01 
