# SumMovie FRC for input stack : stack6.mrc
# Number of micrographs: 1
# Number of frames per movie: 50
# Pixel size (A): 3.0000
# 1/(A)          FRC
# -----------------------
# 
# Micrograph 1 of 1. Score: .590
 0.8333334E-03  0.9999999     
 0.2500000E-02  0.9514034     
 0.4166666E-02  0.9317797     
 0.5833333E-02  0.8468010     
 0.7499999E-02  0.8659250     
 0.9166666E-02  0.6768305     
 0.1083333E-01  0.6587656     
 0.1250000E-01  0.8481893     
 0.1416667E-01  0.8867313     
 0.1583333E-01  0.9343798     
 0.1750000E-01  0.8939596     
 0.1916667E-01  0.5999950     
 0.2083333E-01  0.6678004     
 0.2250000E-01  0.8377610     
 0.2416667E-01  0.9002100     
 0.2583333E-01  0.8540823     
 0.2750000E-01  0.7302164     
 0.2916667E-01  0.6274514     
 0.3083333E-01  0.6935015     
 0.3250000E-01  0.7284594     
 0.3416666E-01  0.6992947     
 0.3583334E-01  0.5973723     
 0.3750000E-01  0.5433163     
 0.3916667E-01  0.5277237     
 0.4083334E-01  0.5711473     
 0.4250000E-01  0.4548302     
 0.4416666E-01  0.3881842     
 0.4583333E-01  0.3610388     
 0.4750000E-01  0.3001490     
 0.4916666E-01  0.2245189     
 0.5083333E-01  0.1292700     
 0.5250000E-01  0.1176033     
 0.5416667E-01  0.6945802E-01 
 0.5583333E-01  0.1003284     
 0.5750000E-01  0.1289082     
 0.5916666E-01  0.2027391     
 0.6083334E-01  0.2713964     
 0.6250000E-01  0.2966098     
 0.6416667E-01  0.3477999     
 0.6583333E-01  0.3661871     
 0.6750000E-01  0.3482410     
 0.6916667E-01  0.3365970     
 0.7083333E-01  0.2836755     
 0.7250000E-01  0.2248234     
 0.7416667E-01  0.1318165     
 0.7583334E-01  0.9157573E-01 
 0.7749999E-01  0.7039008E-01 
 0.7916667E-01  0.7662778E-01 
 0.8083334E-01  0.1891204     
 0.8250000E-01  0.2270701     
 0.8416667E-01  0.2858700     
 0.8583333E-01  0.3043911     
 0.8750000E-01  0.2882839     
 0.8916666E-01  0.2491297     
 0.9083333E-01  0.1682771     
 0.9250000E-01  0.8879191E-01 
 0.9416667E-01  0.4684354E-01 
 0.9583333E-01  0.8957347E-01 
 0.9750000E-01  0.8934325E-01 
 0.9916665E-01  0.1547168     
 0.1008333      0.2063073     
 0.1025000      0.2337576     
 0.1041667      0.1790721     
 0.1058333      0.1469889     
 0.1075000      0.8372024E-01 
 0.1091667      0.7166050E-01 
 0.1108333      0.5633580E-01 
 0.1125000      0.9061851E-01 
 0.1141667      0.1504220     
 0.1158333      0.1860668     
 0.1175000      0.1796429     
 0.1191667      0.1464431     
 0.1208333      0.5263561E-01 
 0.1225000      0.4616085E-01 
 0.1241667      0.4394939E-01 
 0.1258333      0.1112342     
 0.1275000      0.1366006     
 0.1291667      0.1312125     
 0.1308333      0.1140738     
 0.1325000      0.6751398E-01 
 0.1341667      0.6308424E-01 
 0.1358333      0.7796481E-01 
 0.1375000      0.6989671E-01 
 0.1391667      0.1077714     
 0.1408333      0.9678207E-01 
 0.1425000      0.8011841E-01 
 0.1441667      0.6765958E-01 
 0.1458333      0.4572361E-01 
 0.1475000      0.5226257E-01 
 0.1491667      0.7895428E-01 
 0.1508333      0.9907227E-01 
 0.1525000      0.6705803E-01 
 0.1541667      0.5453328E-01 
 0.1558333      0.5449964E-01 
 0.1575000      0.7553637E-01 
 0.1591667      0.8407300E-01 
 0.1608333      0.7795460E-01 
 0.1625000      0.8304793E-01 
 0.1641667      0.5464655E-01 
 0.1658333      0.3435545E-01 
