# SumMovie FRC for input stack : stack16.mrc
# Number of micrographs: 1
# Number of frames per movie: 50
# Pixel size (A): 3.0000
# 1/(A)          FRC
# -----------------------
# 
# Micrograph 1 of 1. Score: .531
 0.8333334E-03  0.9999994     
 0.2500000E-02  0.9670725     
 0.4166666E-02  0.9459330     
 0.5833333E-02  0.9112257     
 0.7499999E-02  0.8945405     
 0.9166666E-02  0.8415620     
 0.1083333E-01  0.7726712     
 0.1250000E-01  0.8794435     
 0.1416667E-01  0.9336916     
 0.1583333E-01  0.9643214     
 0.1750000E-01  0.9443547     
 0.1916667E-01  0.7672092     
 0.2083333E-01  0.8020460     
 0.2250000E-01  0.8957226     
 0.2416667E-01  0.9364201     
 0.2583333E-01  0.9278628     
 0.2750000E-01  0.8195438     
 0.2916667E-01  0.6866111     
 0.3083333E-01  0.7367291     
 0.3250000E-01  0.7834244     
 0.3416666E-01  0.7055703     
 0.3583334E-01  0.5731253     
 0.3750000E-01  0.4293506     
 0.3916667E-01  0.3599509     
 0.4083334E-01  0.2973097     
 0.4250000E-01  0.1122574     
 0.4416666E-01  0.1228434     
 0.4583333E-01  0.1020816     
 0.4750000E-01  0.1348695     
 0.4916666E-01  0.2724441     
 0.5083333E-01  0.3383411     
 0.5250000E-01  0.3692958     
 0.5416667E-01  0.3655168     
 0.5583333E-01  0.4135741     
 0.5750000E-01  0.3546498     
 0.5916666E-01  0.2675433     
 0.6083334E-01  0.1845953     
 0.6250000E-01  0.9003778E-01 
 0.6416667E-01  0.1050482     
 0.6583333E-01  0.1433633     
 0.6750000E-01  0.2042860     
 0.6916667E-01  0.3092345     
 0.7083333E-01  0.4026186     
 0.7250000E-01  0.3423080     
 0.7416667E-01  0.2796417     
 0.7583334E-01  0.1702357     
 0.7749999E-01  0.1087549     
 0.7916667E-01  0.9291644E-01 
 0.8083334E-01  0.2482148     
 0.8250000E-01  0.2628928     
 0.8416667E-01  0.3402687     
 0.8583333E-01  0.2882782     
 0.8750000E-01  0.1861471     
 0.8916666E-01  0.1120011     
 0.9083333E-01  0.8655082E-01 
 0.9250000E-01  0.1795877     
 0.9416667E-01  0.2445908     
 0.9583333E-01  0.2700243     
 0.9750000E-01  0.2151581     
 0.9916665E-01  0.1132572     
 0.1008333      0.8505531E-01 
 0.1025000      0.1271219     
 0.1041667      0.1879885     
 0.1058333      0.2353658     
 0.1075000      0.1894974     
 0.1091667      0.1266290     
 0.1108333      0.5575928E-01 
 0.1125000      0.1493725     
 0.1141667      0.1776525     
 0.1158333      0.1748168     
 0.1175000      0.1170609     
 0.1191667      0.8538009E-01 
 0.1208333      0.9847048E-01 
 0.1225000      0.1464070     
 0.1241667      0.1610531     
 0.1258333      0.1201438     
 0.1275000      0.7839958E-01 
 0.1291667      0.8887262E-01 
 0.1308333      0.1401019     
 0.1325000      0.1343942     
 0.1341667      0.9586158E-01 
 0.1358333      0.4852068E-01 
 0.1375000      0.1017875     
 0.1391667      0.1275795     
 0.1408333      0.1180370     
 0.1425000      0.7378507E-01 
 0.1441667      0.9617364E-01 
 0.1458333      0.1133168     
 0.1475000      0.1058428     
 0.1491667      0.9153055E-01 
 0.1508333      0.9205212E-01 
 0.1525000      0.1041088     
 0.1541667      0.9210327E-01 
 0.1558333      0.7894368E-01 
 0.1575000      0.6645364E-01 
 0.1591667      0.9881584E-01 
 0.1608333      0.1008060     
 0.1625000      0.5951626E-01 
 0.1641667      0.6765225E-01 
 0.1658333      0.1394132     
