# SumMovie FRC for input stack : stack1.mrc
# Number of micrographs: 1
# Number of frames per movie: 50
# Pixel size (A): 3.0000
# 1/(A)          FRC
# -----------------------
# 
# Micrograph 1 of 1. Score: .516
 0.8333334E-03  0.9999990     
 0.2500000E-02  0.9745049     
 0.4166666E-02  0.9567865     
 0.5833333E-02  0.9214120     
 0.7499999E-02  0.9027506     
 0.9166666E-02  0.7451096     
 0.1083333E-01  0.7133142     
 0.1250000E-01  0.8433110     
 0.1416667E-01  0.9125475     
 0.1583333E-01  0.9158239     
 0.1750000E-01  0.8631740     
 0.1916667E-01  0.6525176     
 0.2083333E-01  0.7420046     
 0.2250000E-01  0.8536045     
 0.2416667E-01  0.8902922     
 0.2583333E-01  0.8521427     
 0.2750000E-01  0.7076227     
 0.2916667E-01  0.5869584     
 0.3083333E-01  0.6739914     
 0.3250000E-01  0.6905703     
 0.3416666E-01  0.6343937     
 0.3583334E-01  0.5024459     
 0.3750000E-01  0.4390670     
 0.3916667E-01  0.4048451     
 0.4083334E-01  0.4061475     
 0.4250000E-01  0.3541268     
 0.4416666E-01  0.2192111     
 0.4583333E-01  0.1290982     
 0.4750000E-01  0.1913436     
 0.4916666E-01  0.9722274E-01 
 0.5083333E-01  0.9207796E-01 
 0.5250000E-01  0.8498655E-01 
 0.5416667E-01  0.1073916     
 0.5583333E-01  0.1708833     
 0.5750000E-01  0.2098147     
 0.5916666E-01  0.2697529     
 0.6083334E-01  0.2928137     
 0.6250000E-01  0.2498637     
 0.6416667E-01  0.2226519     
 0.6583333E-01  0.2241645     
 0.6750000E-01  0.1345047     
 0.6916667E-01  0.1316063     
 0.7083333E-01  0.1060265     
 0.7250000E-01  0.5870038E-01 
 0.7416667E-01  0.7173714E-01 
 0.7583334E-01  0.1296043     
 0.7749999E-01  0.1800154     
 0.7916667E-01  0.2238033     
 0.8083334E-01  0.2236581     
 0.8250000E-01  0.2008084     
 0.8416667E-01  0.1438081     
 0.8583333E-01  0.8885306E-01 
 0.8750000E-01  0.6102926E-01 
 0.8916666E-01  0.1519050E-01 
 0.9083333E-01  0.7643376E-01 
 0.9250000E-01  0.1200339     
 0.9416667E-01  0.1737611     
 0.9583333E-01  0.1983703     
 0.9750000E-01  0.1454364     
 0.9916665E-01  0.8547033E-01 
 0.1008333      0.6325216E-01 
 0.1025000      0.2324853E-01 
 0.1041667      0.9164176E-01 
 0.1058333      0.1398366     
 0.1075000      0.1571339     
 0.1091667      0.1340030     
 0.1108333      0.1163086     
 0.1125000      0.1138830     
 0.1141667      0.5885892E-01 
 0.1158333      0.4368722E-01 
 0.1175000      0.8288467E-01 
 0.1191667      0.1130765     
 0.1208333      0.8016732E-01 
 0.1225000      0.7747650E-01 
 0.1241667      0.5930964E-01 
 0.1258333      0.3990686E-01 
 0.1275000      0.2504797E-01 
 0.1291667      0.1161916     
 0.1308333      0.7632536E-01 
 0.1325000      0.6449995E-01 
 0.1341667      0.3122465E-01 
 0.1358333      0.3720734E-01 
 0.1375000      0.5387536E-01 
 0.1391667      0.7248694E-01 
 0.1408333      0.8034498E-01 
 0.1425000      0.6881086E-01 
 0.1441667      0.4017560E-01 
 0.1458333      0.4063323E-01 
 0.1475000      0.7400693E-01 
 0.1491667      0.6206818E-01 
 0.1508333      0.5698647E-01 
 0.1525000      0.3597379E-01 
 0.1541667      0.5769626E-01 
 0.1558333      0.6352458E-01 
 0.1575000      0.4044938E-01 
 0.1591667      0.2128792E-01 
 0.1608333      0.3667678E-01 
 0.1625000      0.5895043E-01 
 0.1641667      0.6728541E-01 
 0.1658333      0.4099879E-01 
