# SumMovie FRC for input stack : stack11.mrc
# Number of micrographs: 1
# Number of frames per movie: 50
# Pixel size (A): 3.0000
# 1/(A)          FRC
# -----------------------
# 
# Micrograph 1 of 1. Score: .577
 0.8333334E-03  0.9999998     
 0.2500000E-02  0.8505596     
 0.4166666E-02  0.8707861     
 0.5833333E-02  0.8517708     
 0.7499999E-02  0.8578367     
 0.9166666E-02  0.7377395     
 0.1083333E-01  0.6259486     
 0.1250000E-01  0.8536239     
 0.1416667E-01  0.9152086     
 0.1583333E-01  0.9441889     
 0.1750000E-01  0.9081677     
 0.1916667E-01  0.6559396     
 0.2083333E-01  0.7416579     
 0.2250000E-01  0.8762546     
 0.2416667E-01  0.9243733     
 0.2583333E-01  0.8934106     
 0.2750000E-01  0.7463353     
 0.2916667E-01  0.6510257     
 0.3083333E-01  0.7187139     
 0.3250000E-01  0.7772090     
 0.3416666E-01  0.7302207     
 0.3583334E-01  0.5951231     
 0.3750000E-01  0.5320331     
 0.3916667E-01  0.5097015     
 0.4083334E-01  0.5215243     
 0.4250000E-01  0.4066632     
 0.4416666E-01  0.3424982     
 0.4583333E-01  0.2998587     
 0.4750000E-01  0.2194229     
 0.4916666E-01  0.1059318     
 0.5083333E-01  0.7625808E-01 
 0.5250000E-01  0.1383020     
 0.5416667E-01  0.1456498     
 0.5583333E-01  0.2205489     
 0.5750000E-01  0.3003946     
 0.5916666E-01  0.3800481     
 0.6083334E-01  0.3613880     
 0.6250000E-01  0.4204664     
 0.6416667E-01  0.4042116     
 0.6583333E-01  0.3275297     
 0.6750000E-01  0.3052464     
 0.6916667E-01  0.1847439     
 0.7083333E-01  0.1071881     
 0.7250000E-01  0.7060120E-01 
 0.7416667E-01  0.1095917     
 0.7583334E-01  0.2028203     
 0.7749999E-01  0.2818240     
 0.7916667E-01  0.3223270     
 0.8083334E-01  0.3752592     
 0.8250000E-01  0.3344129     
 0.8416667E-01  0.3134660     
 0.8583333E-01  0.2114232     
 0.8750000E-01  0.1019694     
 0.8916666E-01  0.7046317E-01 
 0.9083333E-01  0.1345467     
 0.9250000E-01  0.2364706     
 0.9416667E-01  0.2940305     
 0.9583333E-01  0.3015714     
 0.9750000E-01  0.2676042     
 0.9916665E-01  0.2263889     
 0.1008333      0.1085085     
 0.1025000      0.5027002E-01 
 0.1041667      0.1177402     
 0.1058333      0.2004895     
 0.1075000      0.2378844     
 0.1091667      0.2399569     
 0.1108333      0.2018703     
 0.1125000      0.1381892     
 0.1141667      0.7189541E-01 
 0.1158333      0.8615441E-01 
 0.1175000      0.1463465     
 0.1191667      0.1814310     
 0.1208333      0.1643820     
 0.1225000      0.1362084     
 0.1241667      0.7643610E-01 
 0.1258333      0.7161556E-01 
 0.1275000      0.9467607E-01 
 0.1291667      0.1486375     
 0.1308333      0.1693391     
 0.1325000      0.1683979     
 0.1341667      0.9221704E-01 
 0.1358333      0.5182224E-01 
 0.1375000      0.1030571     
 0.1391667      0.1053719     
 0.1408333      0.1357775     
 0.1425000      0.1070139     
 0.1441667      0.7631547E-01 
 0.1458333      0.5675680E-01 
 0.1475000      0.5916475E-01 
 0.1491667      0.1175481     
 0.1508333      0.1107936     
 0.1525000      0.8768104E-01 
 0.1541667      0.7177031E-01 
 0.1558333      0.7023559E-01 
 0.1575000      0.1213664     
 0.1591667      0.7768625E-01 
 0.1608333      0.7127752E-01 
 0.1625000      0.6072433E-01 
 0.1641667      0.8228558E-01 
 0.1658333      0.1014832     
