# SumMovie FRC for input stack : stack16.mrc
# Number of micrographs: 1
# Number of frames per movie: 50
# Pixel size (A): 3.0000
# 1/(A)          FRC
# -----------------------
# 
# Micrograph 1 of 1. Score: .529
 0.8333334E-03  0.9999994     
 0.2500000E-02  0.9670163     
 0.4166666E-02  0.9459316     
 0.5833333E-02  0.9110162     
 0.7499999E-02  0.8943399     
 0.9166666E-02  0.8412207     
 0.1083333E-01  0.7718070     
 0.1250000E-01  0.8787440     
 0.1416667E-01  0.9334111     
 0.1583333E-01  0.9638558     
 0.1750000E-01  0.9437572     
 0.1916667E-01  0.7653202     
 0.2083333E-01  0.8004578     
 0.2250000E-01  0.8934537     
 0.2416667E-01  0.9348698     
 0.2583333E-01  0.9259439     
 0.2750000E-01  0.8155206     
 0.2916667E-01  0.6814125     
 0.3083333E-01  0.7331071     
 0.3250000E-01  0.7786633     
 0.3416666E-01  0.6999710     
 0.3583334E-01  0.5621490     
 0.3750000E-01  0.4268262     
 0.3916667E-01  0.3590656     
 0.4083334E-01  0.2965212     
 0.4250000E-01  0.1134870     
 0.4416666E-01  0.1226387     
 0.4583333E-01  0.1047257     
 0.4750000E-01  0.1361385     
 0.4916666E-01  0.2715944     
 0.5083333E-01  0.3332871     
 0.5250000E-01  0.3624866     
 0.5416667E-01  0.3601726     
 0.5583333E-01  0.4082804     
 0.5750000E-01  0.3480202     
 0.5916666E-01  0.2651226     
 0.6083334E-01  0.1786603     
 0.6250000E-01  0.9105774E-01 
 0.6416667E-01  0.1107825     
 0.6583333E-01  0.1425957     
 0.6750000E-01  0.1949900     
 0.6916667E-01  0.3028921     
 0.7083333E-01  0.3950970     
 0.7250000E-01  0.3358594     
 0.7416667E-01  0.2735314     
 0.7583334E-01  0.1655733     
 0.7749999E-01  0.1117969     
 0.7916667E-01  0.9351873E-01 
 0.8083334E-01  0.2474117     
 0.8250000E-01  0.2530775     
 0.8416667E-01  0.3307315     
 0.8583333E-01  0.2822865     
 0.8750000E-01  0.1854182     
 0.8916666E-01  0.1163404     
 0.9083333E-01  0.9664315E-01 
 0.9250000E-01  0.1818535     
 0.9416667E-01  0.2421683     
 0.9583333E-01  0.2604529     
 0.9750000E-01  0.2093579     
 0.9916665E-01  0.1234680     
 0.1008333      0.9961277E-01 
 0.1025000      0.1330876     
 0.1041667      0.1903366     
 0.1058333      0.2311387     
 0.1075000      0.1878795     
 0.1091667      0.1302887     
 0.1108333      0.6639367E-01 
 0.1125000      0.1520954     
 0.1141667      0.1810158     
 0.1158333      0.1718177     
 0.1175000      0.1306792     
 0.1191667      0.9136657E-01 
 0.1208333      0.1116889     
 0.1225000      0.1484514     
 0.1241667      0.1671885     
 0.1258333      0.1285342     
 0.1275000      0.8629575E-01 
 0.1291667      0.1019922     
 0.1308333      0.1395832     
 0.1325000      0.1345235     
 0.1341667      0.1055567     
 0.1358333      0.5857566E-01 
 0.1375000      0.1148063     
 0.1391667      0.1325824     
 0.1408333      0.1288495     
 0.1425000      0.8446484E-01 
 0.1441667      0.1113649     
 0.1458333      0.1181299     
 0.1475000      0.1119208     
 0.1491667      0.1133794     
 0.1508333      0.9882113E-01 
 0.1525000      0.1157564     
 0.1541667      0.1077458     
 0.1558333      0.8559362E-01 
 0.1575000      0.8688868E-01 
 0.1591667      0.1071082     
 0.1608333      0.1086215     
 0.1625000      0.6692772E-01 
 0.1641667      0.8720084E-01 
 0.1658333      0.1366751     
