# SumMovie FRC for input stack : stack6.mrc
# Number of micrographs: 1
# Number of frames per movie: 50
# Pixel size (A): 3.0000
# 1/(A)          FRC
# -----------------------
# 
# Micrograph 1 of 1. Score: .572
 0.8333334E-03  0.9999999     
 0.2500000E-02  0.9513423     
 0.4166666E-02  0.9316558     
 0.5833333E-02  0.8461441     
 0.7499999E-02  0.8648469     
 0.9166666E-02  0.6722593     
 0.1083333E-01  0.6538507     
 0.1250000E-01  0.8456987     
 0.1416667E-01  0.8825443     
 0.1583333E-01  0.9306582     
 0.1750000E-01  0.8902718     
 0.1916667E-01  0.5997599     
 0.2083333E-01  0.6594204     
 0.2250000E-01  0.8265306     
 0.2416667E-01  0.8901007     
 0.2583333E-01  0.8417727     
 0.2750000E-01  0.7183083     
 0.2916667E-01  0.6114985     
 0.3083333E-01  0.6709705     
 0.3250000E-01  0.7141241     
 0.3416666E-01  0.6806161     
 0.3583334E-01  0.5715705     
 0.3750000E-01  0.5183290     
 0.3916667E-01  0.5011553     
 0.4083334E-01  0.5320603     
 0.4250000E-01  0.4326235     
 0.4416666E-01  0.3660573     
 0.4583333E-01  0.3328422     
 0.4750000E-01  0.2830588     
 0.4916666E-01  0.2105286     
 0.5083333E-01  0.1186666     
 0.5250000E-01  0.1442684     
 0.5416667E-01  0.9095509E-01 
 0.5583333E-01  0.1311941     
 0.5750000E-01  0.1297972     
 0.5916666E-01  0.2068472     
 0.6083334E-01  0.2663855     
 0.6250000E-01  0.2871614     
 0.6416667E-01  0.3268149     
 0.6583333E-01  0.3251324     
 0.6750000E-01  0.3314850     
 0.6916667E-01  0.3151907     
 0.7083333E-01  0.2652216     
 0.7250000E-01  0.2124207     
 0.7416667E-01  0.1452014     
 0.7583334E-01  0.1024147     
 0.7749999E-01  0.8930203E-01 
 0.7916667E-01  0.9711551E-01 
 0.8083334E-01  0.1714006     
 0.8250000E-01  0.2099328     
 0.8416667E-01  0.2650183     
 0.8583333E-01  0.2844142     
 0.8750000E-01  0.2614055     
 0.8916666E-01  0.2546372     
 0.9083333E-01  0.1315163     
 0.9250000E-01  0.1295355     
 0.9416667E-01  0.8649606E-01 
 0.9583333E-01  0.1296817     
 0.9750000E-01  0.1309134     
 0.9916665E-01  0.1680485     
 0.1008333      0.1898215     
 0.1025000      0.2093751     
 0.1041667      0.1978383     
 0.1058333      0.1433293     
 0.1075000      0.1090041     
 0.1091667      0.5823223E-01 
 0.1108333      0.8359519E-01 
 0.1125000      0.1394881     
 0.1141667      0.1725000     
 0.1158333      0.1963692     
 0.1175000      0.1605285     
 0.1191667      0.1413087     
 0.1208333      0.9976292E-01 
 0.1225000      0.7291575E-01 
 0.1241667      0.9684035E-01 
 0.1258333      0.1003326     
 0.1275000      0.1518605     
 0.1291667      0.1403157     
 0.1308333      0.1393673     
 0.1325000      0.6784558E-01 
 0.1341667      0.5817435E-01 
 0.1358333      0.1144458     
 0.1375000      0.9439046E-01 
 0.1391667      0.9810476E-01 
 0.1408333      0.1220174     
 0.1425000      0.1055397     
 0.1441667      0.8307019E-01 
 0.1458333      0.8418623E-01 
 0.1475000      0.9381852E-01 
 0.1491667      0.1213980     
 0.1508333      0.1310259     
 0.1525000      0.1033906     
 0.1541667      0.6870485E-01 
 0.1558333      0.9802891E-01 
 0.1575000      0.8775564E-01 
 0.1591667      0.1010749     
 0.1608333      0.1228189     
 0.1625000      0.9113227E-01 
 0.1641667      0.8454409E-01 
 0.1658333      0.6409461E-01 
