# SumMovie FRC for input stack : stack11.mrc
# Number of micrographs: 1
# Number of frames per movie: 50
# Pixel size (A): 3.0000
# 1/(A)          FRC
# -----------------------
# 
# Micrograph 1 of 1. Score: .570
 0.8333334E-03  0.9999998     
 0.2500000E-02  0.8500900     
 0.4166666E-02  0.8701746     
 0.5833333E-02  0.8519568     
 0.7499999E-02  0.8572992     
 0.9166666E-02  0.7365167     
 0.1083333E-01  0.6257961     
 0.1250000E-01  0.8517936     
 0.1416667E-01  0.9138361     
 0.1583333E-01  0.9437152     
 0.1750000E-01  0.9067658     
 0.1916667E-01  0.6586003     
 0.2083333E-01  0.7383863     
 0.2250000E-01  0.8745914     
 0.2416667E-01  0.9210035     
 0.2583333E-01  0.8917322     
 0.2750000E-01  0.7403534     
 0.2916667E-01  0.6381698     
 0.3083333E-01  0.7079439     
 0.3250000E-01  0.7690938     
 0.3416666E-01  0.7168466     
 0.3583334E-01  0.5867853     
 0.3750000E-01  0.5195187     
 0.3916667E-01  0.4949259     
 0.4083334E-01  0.5136150     
 0.4250000E-01  0.3986416     
 0.4416666E-01  0.3339926     
 0.4583333E-01  0.2857372     
 0.4750000E-01  0.2197245     
 0.4916666E-01  0.1074709     
 0.5083333E-01  0.7584604E-01 
 0.5250000E-01  0.1364729     
 0.5416667E-01  0.1359496     
 0.5583333E-01  0.2212687     
 0.5750000E-01  0.2936386     
 0.5916666E-01  0.3540753     
 0.6083334E-01  0.3518817     
 0.6250000E-01  0.3934413     
 0.6416667E-01  0.3841603     
 0.6583333E-01  0.3024120     
 0.6750000E-01  0.2940031     
 0.6916667E-01  0.1883867     
 0.7083333E-01  0.1109721     
 0.7250000E-01  0.8685278E-01 
 0.7416667E-01  0.1089645     
 0.7583334E-01  0.1938998     
 0.7749999E-01  0.2611578     
 0.7916667E-01  0.3068058     
 0.8083334E-01  0.3445730     
 0.8250000E-01  0.3136701     
 0.8416667E-01  0.2880768     
 0.8583333E-01  0.2016146     
 0.8750000E-01  0.9279680E-01 
 0.8916666E-01  0.7722408E-01 
 0.9083333E-01  0.1286349     
 0.9250000E-01  0.2173039     
 0.9416667E-01  0.2793132     
 0.9583333E-01  0.3014801     
 0.9750000E-01  0.2505987     
 0.9916665E-01  0.2312546     
 0.1008333      0.1130091     
 0.1025000      0.8388984E-01 
 0.1041667      0.1413406     
 0.1058333      0.2162072     
 0.1075000      0.2125751     
 0.1091667      0.2468315     
 0.1108333      0.2081484     
 0.1125000      0.1532269     
 0.1141667      0.1010677     
 0.1158333      0.9302171E-01 
 0.1175000      0.1640387     
 0.1191667      0.1923843     
 0.1208333      0.1645282     
 0.1225000      0.1462739     
 0.1241667      0.9259839E-01 
 0.1258333      0.1033329     
 0.1275000      0.1122456     
 0.1291667      0.1652970     
 0.1308333      0.1606793     
 0.1325000      0.1845322     
 0.1341667      0.1104652     
 0.1358333      0.7084067E-01 
 0.1375000      0.1313319     
 0.1391667      0.1152145     
 0.1408333      0.1507201     
 0.1425000      0.1150177     
 0.1441667      0.1154314     
 0.1458333      0.1026484     
 0.1475000      0.1017726     
 0.1491667      0.1181509     
 0.1508333      0.1490560     
 0.1525000      0.1078619     
 0.1541667      0.9747802E-01 
 0.1558333      0.1136316     
 0.1575000      0.1455064     
 0.1591667      0.1070497     
 0.1608333      0.1186877     
 0.1625000      0.9750662E-01 
 0.1641667      0.1249482     
 0.1658333      0.1436137     
