# SumMovie FRC for input stack : stack6.mrc
# Number of micrographs: 1
# Number of frames per movie: 50
# Pixel size (A): 3.0000
# 1/(A)          FRC
# -----------------------
# 
# Micrograph 1 of 1. Score: .584
 0.8333334E-03  0.9999999     
 0.2500000E-02  0.9514162     
 0.4166666E-02  0.9316885     
 0.5833333E-02  0.8463990     
 0.7499999E-02  0.8656729     
 0.9166666E-02  0.6748571     
 0.1083333E-01  0.6564966     
 0.1250000E-01  0.8468805     
 0.1416667E-01  0.8851730     
 0.1583333E-01  0.9326966     
 0.1750000E-01  0.8924276     
 0.1916667E-01  0.6012313     
 0.2083333E-01  0.6650355     
 0.2250000E-01  0.8332877     
 0.2416667E-01  0.8957923     
 0.2583333E-01  0.8493875     
 0.2750000E-01  0.7260544     
 0.2916667E-01  0.6232868     
 0.3083333E-01  0.6848786     
 0.3250000E-01  0.7257739     
 0.3416666E-01  0.6917506     
 0.3583334E-01  0.5870853     
 0.3750000E-01  0.5361929     
 0.3916667E-01  0.5197125     
 0.4083334E-01  0.5578551     
 0.4250000E-01  0.4478309     
 0.4416666E-01  0.3771302     
 0.4583333E-01  0.3536906     
 0.4750000E-01  0.2939506     
 0.4916666E-01  0.2187046     
 0.5083333E-01  0.1191512     
 0.5250000E-01  0.1298555     
 0.5416667E-01  0.7648991E-01 
 0.5583333E-01  0.1153956     
 0.5750000E-01  0.1274672     
 0.5916666E-01  0.2125894     
 0.6083334E-01  0.2754421     
 0.6250000E-01  0.2921391     
 0.6416667E-01  0.3471900     
 0.6583333E-01  0.3481357     
 0.6750000E-01  0.3433477     
 0.6916667E-01  0.3219072     
 0.7083333E-01  0.2813420     
 0.7250000E-01  0.2197181     
 0.7416667E-01  0.1357537     
 0.7583334E-01  0.9639663E-01 
 0.7749999E-01  0.8513662E-01 
 0.7916667E-01  0.8160038E-01 
 0.8083334E-01  0.1780020     
 0.8250000E-01  0.2178452     
 0.8416667E-01  0.2730680     
 0.8583333E-01  0.2866238     
 0.8750000E-01  0.2732817     
 0.8916666E-01  0.2413666     
 0.9083333E-01  0.1478175     
 0.9250000E-01  0.1106461     
 0.9416667E-01  0.6196261E-01 
 0.9583333E-01  0.1065646     
 0.9750000E-01  0.1029414     
 0.9916665E-01  0.1507578     
 0.1008333      0.2008804     
 0.1025000      0.2327122     
 0.1041667      0.1752107     
 0.1058333      0.1448194     
 0.1075000      0.8985049E-01 
 0.1091667      0.5120847E-01 
 0.1108333      0.6929772E-01 
 0.1125000      0.9907315E-01 
 0.1141667      0.1626831     
 0.1158333      0.1873578     
 0.1175000      0.1496506     
 0.1191667      0.1375396     
 0.1208333      0.6427132E-01 
 0.1225000      0.5076314E-01 
 0.1241667      0.3832810E-01 
 0.1258333      0.9099783E-01 
 0.1275000      0.1303486     
 0.1291667      0.1294905     
 0.1308333      0.1153348     
 0.1325000      0.5523866E-01 
 0.1341667      0.4652941E-01 
 0.1358333      0.8581814E-01 
 0.1375000      0.6921233E-01 
 0.1391667      0.8453890E-01 
 0.1408333      0.1027421     
 0.1425000      0.8968443E-01 
 0.1441667      0.6911687E-01 
 0.1458333      0.4752088E-01 
 0.1475000      0.7091413E-01 
 0.1491667      0.8469096E-01 
 0.1508333      0.1016972     
 0.1525000      0.6843784E-01 
 0.1541667      0.4253231E-01 
 0.1558333      0.6626063E-01 
 0.1575000      0.6721991E-01 
 0.1591667      0.9309227E-01 
 0.1608333      0.7587669E-01 
 0.1625000      0.6779201E-01 
 0.1641667      0.7450563E-01 
 0.1658333      0.3291873E-01 
