# SumMovie FRC for input stack : stack1.mrc
# Number of micrographs: 1
# Number of frames per movie: 50
# Pixel size (A): 3.0000
# 1/(A)          FRC
# -----------------------
# 
# Micrograph 1 of 1. Score: .546
 0.8333334E-03  0.9999993     
 0.2500000E-02  0.9744551     
 0.4166666E-02  0.9570491     
 0.5833333E-02  0.9207107     
 0.7499999E-02  0.9049945     
 0.9166666E-02  0.7494946     
 0.1083333E-01  0.7274129     
 0.1250000E-01  0.8559662     
 0.1416667E-01  0.9223539     
 0.1583333E-01  0.9260787     
 0.1750000E-01  0.8739390     
 0.1916667E-01  0.6743909     
 0.2083333E-01  0.7638045     
 0.2250000E-01  0.8706437     
 0.2416667E-01  0.9032987     
 0.2583333E-01  0.8719279     
 0.2750000E-01  0.7475803     
 0.2916667E-01  0.6430745     
 0.3083333E-01  0.7085442     
 0.3250000E-01  0.7382836     
 0.3416666E-01  0.6846614     
 0.3583334E-01  0.5458277     
 0.3750000E-01  0.4831740     
 0.3916667E-01  0.4597962     
 0.4083334E-01  0.4491277     
 0.4250000E-01  0.3984825     
 0.4416666E-01  0.2569233     
 0.4583333E-01  0.1678220     
 0.4750000E-01  0.1867341     
 0.4916666E-01  0.9348209E-01 
 0.5083333E-01  0.6183634E-01 
 0.5250000E-01  0.6825267E-01 
 0.5416667E-01  0.1237036     
 0.5583333E-01  0.1860024     
 0.5750000E-01  0.2509324     
 0.5916666E-01  0.3166114     
 0.6083334E-01  0.3441036     
 0.6250000E-01  0.3277829     
 0.6416667E-01  0.2993176     
 0.6583333E-01  0.2716934     
 0.6750000E-01  0.1615270     
 0.6916667E-01  0.1330037     
 0.7083333E-01  0.8816914E-01 
 0.7250000E-01  0.6779134E-01 
 0.7416667E-01  0.1061094     
 0.7583334E-01  0.1653906     
 0.7749999E-01  0.2471981     
 0.7916667E-01  0.2973004     
 0.8083334E-01  0.2895981     
 0.8250000E-01  0.2861821     
 0.8416667E-01  0.2275884     
 0.8583333E-01  0.1233501     
 0.8750000E-01  0.6051578E-01 
 0.8916666E-01  0.3383875E-01 
 0.9083333E-01  0.1308870     
 0.9250000E-01  0.1977194     
 0.9416667E-01  0.2377932     
 0.9583333E-01  0.2499952     
 0.9750000E-01  0.1958786     
 0.9916665E-01  0.1121698     
 0.1008333      0.6977332E-01 
 0.1025000      0.4743118E-01 
 0.1041667      0.1206187     
 0.1058333      0.1566651     
 0.1075000      0.1589634     
 0.1091667      0.1750288     
 0.1108333      0.1315600     
 0.1125000      0.1276875     
 0.1141667      0.4381525E-01 
 0.1158333      0.6477857E-01 
 0.1175000      0.1062140     
 0.1191667      0.1144506     
 0.1208333      0.1142880     
 0.1225000      0.9892315E-01 
 0.1241667      0.4874989E-01 
 0.1258333      0.4178678E-01 
 0.1275000      0.5882956E-01 
 0.1291667      0.1175895     
 0.1308333      0.1231243     
 0.1325000      0.7059447E-01 
 0.1341667      0.4626798E-01 
 0.1358333      0.2589635E-01 
 0.1375000      0.1039869     
 0.1391667      0.7161961E-01 
 0.1408333      0.1072104     
 0.1425000      0.6738104E-01 
 0.1441667      0.3825304E-01 
 0.1458333      0.3370086E-01 
 0.1475000      0.7645062E-01 
 0.1491667      0.6368241E-01 
 0.1508333      0.6805308E-01 
 0.1525000      0.2890087E-01 
 0.1541667      0.5753474E-01 
 0.1558333      0.8042069E-01 
 0.1575000      0.4519608E-01 
 0.1591667      0.2365749E-01 
 0.1608333      0.4179685E-01 
 0.1625000      0.5370081E-01 
 0.1641667      0.3385365E-01 
 0.1658333      0.2974004E-01 
