# SumMovie FRC for input stack : stack6.mrc
# Number of micrographs: 1
# Number of frames per movie: 50
# Pixel size (A): 3.0000
# 1/(A)          FRC
# -----------------------
# 
# Micrograph 1 of 1. Score: .557
 0.8333334E-03  0.9999998     
 0.2500000E-02  0.9512604     
 0.4166666E-02  0.9316089     
 0.5833333E-02  0.8459582     
 0.7499999E-02  0.8637925     
 0.9166666E-02  0.6694874     
 0.1083333E-01  0.6503481     
 0.1250000E-01  0.8443038     
 0.1416667E-01  0.8793834     
 0.1583333E-01  0.9283269     
 0.1750000E-01  0.8873785     
 0.1916667E-01  0.5959478     
 0.2083333E-01  0.6514670     
 0.2250000E-01  0.8176813     
 0.2416667E-01  0.8833798     
 0.2583333E-01  0.8321128     
 0.2750000E-01  0.7062016     
 0.2916667E-01  0.5948764     
 0.3083333E-01  0.6518120     
 0.3250000E-01  0.6940333     
 0.3416666E-01  0.6652780     
 0.3583334E-01  0.5531291     
 0.3750000E-01  0.4934150     
 0.3916667E-01  0.4749352     
 0.4083334E-01  0.4973968     
 0.4250000E-01  0.4137137     
 0.4416666E-01  0.3541746     
 0.4583333E-01  0.3081774     
 0.4750000E-01  0.2708534     
 0.4916666E-01  0.1944551     
 0.5083333E-01  0.1178273     
 0.5250000E-01  0.1503410     
 0.5416667E-01  0.9375615E-01 
 0.5583333E-01  0.1415195     
 0.5750000E-01  0.1269012     
 0.5916666E-01  0.1889347     
 0.6083334E-01  0.2407735     
 0.6250000E-01  0.2747041     
 0.6416667E-01  0.2980997     
 0.6583333E-01  0.2976223     
 0.6750000E-01  0.3092678     
 0.6916667E-01  0.3016848     
 0.7083333E-01  0.2417237     
 0.7250000E-01  0.2035314     
 0.7416667E-01  0.1468626     
 0.7583334E-01  0.1010781     
 0.7749999E-01  0.8190965E-01 
 0.7916667E-01  0.1142767     
 0.8083334E-01  0.1659701     
 0.8250000E-01  0.2014328     
 0.8416667E-01  0.2388068     
 0.8583333E-01  0.2668231     
 0.8750000E-01  0.2402163     
 0.8916666E-01  0.2575562     
 0.9083333E-01  0.1276038     
 0.9250000E-01  0.1377307     
 0.9416667E-01  0.9019564E-01 
 0.9583333E-01  0.1363883     
 0.9750000E-01  0.1394849     
 0.9916665E-01  0.1678643     
 0.1008333      0.1825485     
 0.1025000      0.2043170     
 0.1041667      0.1944567     
 0.1058333      0.1292680     
 0.1075000      0.1204598     
 0.1091667      0.8494442E-01 
 0.1108333      0.9347026E-01 
 0.1125000      0.1378928     
 0.1141667      0.1525792     
 0.1158333      0.2011646     
 0.1175000      0.1702267     
 0.1191667      0.1503541     
 0.1208333      0.1289355     
 0.1225000      0.9331833E-01 
 0.1241667      0.1147148     
 0.1258333      0.1153750     
 0.1275000      0.1712869     
 0.1291667      0.1555289     
 0.1308333      0.1677237     
 0.1325000      0.9440348E-01 
 0.1341667      0.8733632E-01 
 0.1358333      0.1200095     
 0.1375000      0.1154044     
 0.1391667      0.1135154     
 0.1408333      0.1444732     
 0.1425000      0.1080405     
 0.1441667      0.1078654     
 0.1458333      0.9847310E-01 
 0.1475000      0.1340007     
 0.1491667      0.1409488     
 0.1508333      0.1475048     
 0.1525000      0.1352535     
 0.1541667      0.8957432E-01 
 0.1558333      0.1202432     
 0.1575000      0.1152483     
 0.1591667      0.1408829     
 0.1608333      0.1411975     
 0.1625000      0.1098507     
 0.1641667      0.1034138     
 0.1658333      0.9543896E-01 
