# SumMovie FRC for input stack : stack1.mrc
# Number of micrographs: 1
# Number of frames per movie: 50
# Pixel size (A): 3.0000
# 1/(A)          FRC
# -----------------------
# 
# Micrograph 1 of 1. Score: .523
 0.8333334E-03  0.9999990     
 0.2500000E-02  0.9744961     
 0.4166666E-02  0.9568069     
 0.5833333E-02  0.9214540     
 0.7499999E-02  0.9029666     
 0.9166666E-02  0.7464662     
 0.1083333E-01  0.7156097     
 0.1250000E-01  0.8458360     
 0.1416667E-01  0.9143601     
 0.1583333E-01  0.9171437     
 0.1750000E-01  0.8663987     
 0.1916667E-01  0.6591506     
 0.2083333E-01  0.7475808     
 0.2250000E-01  0.8582579     
 0.2416667E-01  0.8941385     
 0.2583333E-01  0.8583707     
 0.2750000E-01  0.7186314     
 0.2916667E-01  0.6034433     
 0.3083333E-01  0.6849825     
 0.3250000E-01  0.7065360     
 0.3416666E-01  0.6523890     
 0.3583334E-01  0.5152446     
 0.3750000E-01  0.4493459     
 0.3916667E-01  0.4205939     
 0.4083334E-01  0.4232817     
 0.4250000E-01  0.3632633     
 0.4416666E-01  0.2241548     
 0.4583333E-01  0.1263488     
 0.4750000E-01  0.1871365     
 0.4916666E-01  0.9163726E-01 
 0.5083333E-01  0.8537082E-01 
 0.5250000E-01  0.7686063E-01 
 0.5416667E-01  0.1031069     
 0.5583333E-01  0.1748266     
 0.5750000E-01  0.2112409     
 0.5916666E-01  0.2908531     
 0.6083334E-01  0.3041223     
 0.6250000E-01  0.2659999     
 0.6416667E-01  0.2300706     
 0.6583333E-01  0.2300920     
 0.6750000E-01  0.1353049     
 0.6916667E-01  0.1178619     
 0.7083333E-01  0.9262060E-01 
 0.7250000E-01  0.5404254E-01 
 0.7416667E-01  0.6854491E-01 
 0.7583334E-01  0.1332300     
 0.7749999E-01  0.1881590     
 0.7916667E-01  0.2496307     
 0.8083334E-01  0.2412081     
 0.8250000E-01  0.2174803     
 0.8416667E-01  0.1516962     
 0.8583333E-01  0.9235838E-01 
 0.8750000E-01  0.6421499E-01 
 0.8916666E-01  0.2830140E-01 
 0.9083333E-01  0.8172412E-01 
 0.9250000E-01  0.1347119     
 0.9416667E-01  0.1909909     
 0.9583333E-01  0.2117274     
 0.9750000E-01  0.1515509     
 0.9916665E-01  0.9775347E-01 
 0.1008333      0.6457889E-01 
 0.1025000      0.3367573E-01 
 0.1041667      0.7029071E-01 
 0.1058333      0.1429497     
 0.1075000      0.1642269     
 0.1091667      0.1432671     
 0.1108333      0.1172062     
 0.1125000      0.1208648     
 0.1141667      0.6079081E-01 
 0.1158333      0.4455509E-01 
 0.1175000      0.8960779E-01 
 0.1191667      0.1083008     
 0.1208333      0.8490709E-01 
 0.1225000      0.9591669E-01 
 0.1241667      0.6588104E-01 
 0.1258333      0.4206232E-01 
 0.1275000      0.4432482E-01 
 0.1291667      0.1106130     
 0.1308333      0.8530459E-01 
 0.1325000      0.6313820E-01 
 0.1341667      0.4207126E-01 
 0.1358333      0.2528105E-01 
 0.1375000      0.5401558E-01 
 0.1391667      0.7781800E-01 
 0.1408333      0.8549463E-01 
 0.1425000      0.5223226E-01 
 0.1441667      0.4387261E-01 
 0.1458333      0.4136085E-01 
 0.1475000      0.6871137E-01 
 0.1491667      0.5841981E-01 
 0.1508333      0.7237352E-01 
 0.1525000      0.2842608E-01 
 0.1541667      0.4365223E-01 
 0.1558333      0.7143246E-01 
 0.1575000      0.4446531E-01 
 0.1591667      0.2111103E-01 
 0.1608333      0.3639267E-01 
 0.1625000      0.5383443E-01 
 0.1641667      0.4955463E-01 
 0.1658333      0.2569265E-01 
