# SumMovie FRC for input stack : stack16.mrc
# Number of micrographs: 1
# Number of frames per movie: 50
# Pixel size (A): 3.0000
# 1/(A)          FRC
# -----------------------
# 
# Micrograph 1 of 1. Score: .539
 0.8333334E-03  0.9999994     
 0.2500000E-02  0.9672121     
 0.4166666E-02  0.9454362     
 0.5833333E-02  0.9120464     
 0.7499999E-02  0.8964971     
 0.9166666E-02  0.8416742     
 0.1083333E-01  0.7765769     
 0.1250000E-01  0.8838937     
 0.1416667E-01  0.9355091     
 0.1583333E-01  0.9656502     
 0.1750000E-01  0.9459299     
 0.1916667E-01  0.7766024     
 0.2083333E-01  0.8031398     
 0.2250000E-01  0.9023404     
 0.2416667E-01  0.9432850     
 0.2583333E-01  0.9340862     
 0.2750000E-01  0.8307055     
 0.2916667E-01  0.7049273     
 0.3083333E-01  0.7538223     
 0.3250000E-01  0.7966885     
 0.3416666E-01  0.7329899     
 0.3583334E-01  0.6077532     
 0.3750000E-01  0.4397742     
 0.3916667E-01  0.3796120     
 0.4083334E-01  0.2922601     
 0.4250000E-01  0.1233133     
 0.4416666E-01  0.1204354     
 0.4583333E-01  0.8467978E-01 
 0.4750000E-01  0.1486255     
 0.4916666E-01  0.2693616     
 0.5083333E-01  0.3443974     
 0.5250000E-01  0.3903455     
 0.5416667E-01  0.3821341     
 0.5583333E-01  0.4241777     
 0.5750000E-01  0.3622210     
 0.5916666E-01  0.2787854     
 0.6083334E-01  0.1855241     
 0.6250000E-01  0.8155550E-01 
 0.6416667E-01  0.1047054     
 0.6583333E-01  0.1392789     
 0.6750000E-01  0.2093174     
 0.6916667E-01  0.3148199     
 0.7083333E-01  0.4071707     
 0.7250000E-01  0.3718690     
 0.7416667E-01  0.3066848     
 0.7583334E-01  0.1820765     
 0.7749999E-01  0.1188816     
 0.7916667E-01  0.9472764E-01 
 0.8083334E-01  0.2507558     
 0.8250000E-01  0.2763521     
 0.8416667E-01  0.3613087     
 0.8583333E-01  0.3021168     
 0.8750000E-01  0.1868356     
 0.8916666E-01  0.1189074     
 0.9083333E-01  0.7822578E-01 
 0.9250000E-01  0.1872798     
 0.9416667E-01  0.2604305     
 0.9583333E-01  0.2806576     
 0.9750000E-01  0.2111450     
 0.9916665E-01  0.9789795E-01 
 0.1008333      0.6068130E-01 
 0.1025000      0.1217261     
 0.1041667      0.1916448     
 0.1058333      0.2419245     
 0.1075000      0.1812006     
 0.1091667      0.1102016     
 0.1108333      0.5742762E-01 
 0.1125000      0.1400258     
 0.1141667      0.1982139     
 0.1158333      0.1898325     
 0.1175000      0.1130072     
 0.1191667      0.4812655E-01 
 0.1208333      0.9138246E-01 
 0.1225000      0.1587186     
 0.1241667      0.1744329     
 0.1258333      0.1082415     
 0.1275000      0.6592176E-01 
 0.1291667      0.8881866E-01 
 0.1308333      0.1189294     
 0.1325000      0.1339792     
 0.1341667      0.7039985E-01 
 0.1358333      0.4537292E-01 
 0.1375000      0.1118417     
 0.1391667      0.1363268     
 0.1408333      0.9338226E-01 
 0.1425000      0.7515607E-01 
 0.1441667      0.7568497E-01 
 0.1458333      0.1140657     
 0.1475000      0.9524099E-01 
 0.1491667      0.6275877E-01 
 0.1508333      0.6879513E-01 
 0.1525000      0.9958822E-01 
 0.1541667      0.8380616E-01 
 0.1558333      0.7455952E-01 
 0.1575000      0.4580910E-01 
 0.1591667      0.8414373E-01 
 0.1608333      0.8876101E-01 
 0.1625000      0.4560388E-01 
 0.1641667      0.6344197E-01 
 0.1658333      0.1317869     
