# SumMovie FRC for input stack : stack16.mrc
# Number of micrographs: 1
# Number of frames per movie: 50
# Pixel size (A): 3.0000
# 1/(A)          FRC
# -----------------------
# 
# Micrograph 1 of 1. Score: .533
 0.8333334E-03  0.9999994     
 0.2500000E-02  0.9671189     
 0.4166666E-02  0.9458904     
 0.5833333E-02  0.9114311     
 0.7499999E-02  0.8948612     
 0.9166666E-02  0.8418612     
 0.1083333E-01  0.7735627     
 0.1250000E-01  0.8802210     
 0.1416667E-01  0.9339844     
 0.1583333E-01  0.9647884     
 0.1750000E-01  0.9448397     
 0.1916667E-01  0.7692394     
 0.2083333E-01  0.8032013     
 0.2250000E-01  0.8976507     
 0.2416667E-01  0.9376941     
 0.2583333E-01  0.9293979     
 0.2750000E-01  0.8229308     
 0.2916667E-01  0.6910367     
 0.3083333E-01  0.7395273     
 0.3250000E-01  0.7877188     
 0.3416666E-01  0.7118720     
 0.3583334E-01  0.5824708     
 0.3750000E-01  0.4326577     
 0.3916667E-01  0.3629861     
 0.4083334E-01  0.2959680     
 0.4250000E-01  0.1139930     
 0.4416666E-01  0.1243149     
 0.4583333E-01  0.9998348E-01 
 0.4750000E-01  0.1356487     
 0.4916666E-01  0.2722877     
 0.5083333E-01  0.3404658     
 0.5250000E-01  0.3750141     
 0.5416667E-01  0.3685537     
 0.5583333E-01  0.4154902     
 0.5750000E-01  0.3579402     
 0.5916666E-01  0.2694986     
 0.6083334E-01  0.1892689     
 0.6250000E-01  0.8710977E-01 
 0.6416667E-01  0.1029079     
 0.6583333E-01  0.1421666     
 0.6750000E-01  0.2124593     
 0.6916667E-01  0.3130854     
 0.7083333E-01  0.4030752     
 0.7250000E-01  0.3490236     
 0.7416667E-01  0.2811416     
 0.7583334E-01  0.1749976     
 0.7749999E-01  0.1064534     
 0.7916667E-01  0.9027655E-01 
 0.8083334E-01  0.2454756     
 0.8250000E-01  0.2671319     
 0.8416667E-01  0.3470656     
 0.8583333E-01  0.2899306     
 0.8750000E-01  0.1844204     
 0.8916666E-01  0.1074243     
 0.9083333E-01  0.7625759E-01 
 0.9250000E-01  0.1801975     
 0.9416667E-01  0.2438577     
 0.9583333E-01  0.2764845     
 0.9750000E-01  0.2195372     
 0.9916665E-01  0.1060117     
 0.1008333      0.7902625E-01 
 0.1025000      0.1232529     
 0.1041667      0.1829139     
 0.1058333      0.2338488     
 0.1075000      0.1893981     
 0.1091667      0.1211070     
 0.1108333      0.4563685E-01 
 0.1125000      0.1494063     
 0.1141667      0.1792602     
 0.1158333      0.1806489     
 0.1175000      0.1153369     
 0.1191667      0.7018709E-01 
 0.1208333      0.8953927E-01 
 0.1225000      0.1507902     
 0.1241667      0.1639602     
 0.1258333      0.1150852     
 0.1275000      0.7569011E-01 
 0.1291667      0.8691182E-01 
 0.1308333      0.1432851     
 0.1325000      0.1365048     
 0.1341667      0.9081710E-01 
 0.1358333      0.5165345E-01 
 0.1375000      0.9934654E-01 
 0.1391667      0.1250826     
 0.1408333      0.1133934     
 0.1425000      0.7112177E-01 
 0.1441667      0.8816607E-01 
 0.1458333      0.1109388     
 0.1475000      0.1027612     
 0.1491667      0.8379880E-01 
 0.1508333      0.8522256E-01 
 0.1525000      0.1103801     
 0.1541667      0.9580428E-01 
 0.1558333      0.8049859E-01 
 0.1575000      0.5502770E-01 
 0.1591667      0.9445137E-01 
 0.1608333      0.9923270E-01 
 0.1625000      0.5223761E-01 
 0.1641667      0.5647291E-01 
 0.1658333      0.1387489     
