# SumMovie FRC for input stack : stack11.mrc
# Number of micrographs: 1
# Number of frames per movie: 50
# Pixel size (A): 3.0000
# 1/(A)          FRC
# -----------------------
# 
# Micrograph 1 of 1. Score: .572
 0.8333334E-03  0.9999998     
 0.2500000E-02  0.8502159     
 0.4166666E-02  0.8703288     
 0.5833333E-02  0.8519331     
 0.7499999E-02  0.8574156     
 0.9166666E-02  0.7368527     
 0.1083333E-01  0.6259306     
 0.1250000E-01  0.8522300     
 0.1416667E-01  0.9141276     
 0.1583333E-01  0.9438615     
 0.1750000E-01  0.9071629     
 0.1916667E-01  0.6583951     
 0.2083333E-01  0.7393301     
 0.2250000E-01  0.8751258     
 0.2416667E-01  0.9218318     
 0.2583333E-01  0.8923243     
 0.2750000E-01  0.7421044     
 0.2916667E-01  0.6417459     
 0.3083333E-01  0.7105799     
 0.3250000E-01  0.7712578     
 0.3416666E-01  0.7200356     
 0.3583334E-01  0.5891441     
 0.3750000E-01  0.5228434     
 0.3916667E-01  0.4988540     
 0.4083334E-01  0.5165893     
 0.4250000E-01  0.4011286     
 0.4416666E-01  0.3369437     
 0.4583333E-01  0.2905903     
 0.4750000E-01  0.2205009     
 0.4916666E-01  0.1083004     
 0.5083333E-01  0.7633417E-01 
 0.5250000E-01  0.1372228     
 0.5416667E-01  0.1394923     
 0.5583333E-01  0.2222145     
 0.5750000E-01  0.2963384     
 0.5916666E-01  0.3599059     
 0.6083334E-01  0.3550999     
 0.6250000E-01  0.4009438     
 0.6416667E-01  0.3897713     
 0.6583333E-01  0.3103474     
 0.6750000E-01  0.2984689     
 0.6916667E-01  0.1897536     
 0.7083333E-01  0.1110487     
 0.7250000E-01  0.8474471E-01 
 0.7416667E-01  0.1095988     
 0.7583334E-01  0.1971285     
 0.7749999E-01  0.2663128     
 0.7916667E-01  0.3116370     
 0.8083334E-01  0.3521514     
 0.8250000E-01  0.3193596     
 0.8416667E-01  0.2947385     
 0.8583333E-01  0.2057203     
 0.8750000E-01  0.9642674E-01 
 0.8916666E-01  0.7724450E-01 
 0.9083333E-01  0.1304887     
 0.9250000E-01  0.2231926     
 0.9416667E-01  0.2856976     
 0.9583333E-01  0.3026971     
 0.9750000E-01  0.2555057     
 0.9916665E-01  0.2354411     
 0.1008333      0.1126937     
 0.1025000      0.7994577E-01 
 0.1041667      0.1375505     
 0.1058333      0.2178561     
 0.1075000      0.2207530     
 0.1091667      0.2485697     
 0.1108333      0.2088443     
 0.1125000      0.1527112     
 0.1141667      0.9808696E-01 
 0.1158333      0.9335928E-01 
 0.1175000      0.1641845     
 0.1191667      0.1930349     
 0.1208333      0.1639085     
 0.1225000      0.1464350     
 0.1241667      0.9053900E-01 
 0.1258333      0.9872796E-01 
 0.1275000      0.1096515     
 0.1291667      0.1649664     
 0.1308333      0.1664187     
 0.1325000      0.1829714     
 0.1341667      0.1086017     
 0.1358333      0.6829495E-01 
 0.1375000      0.1295156     
 0.1391667      0.1162140     
 0.1408333      0.1533199     
 0.1425000      0.1160459     
 0.1441667      0.1104250     
 0.1458333      0.9823114E-01 
 0.1475000      0.9490330E-01 
 0.1491667      0.1215110     
 0.1508333      0.1445823     
 0.1525000      0.1078317     
 0.1541667      0.9639509E-01 
 0.1558333      0.1067743     
 0.1575000      0.1425356     
 0.1591667      0.1030120     
 0.1608333      0.1118967     
 0.1625000      0.9080090E-01 
 0.1641667      0.1223856     
 0.1658333      0.1377390     
