# SumMovie FRC for input stack : stack11.mrc
# Number of micrographs: 1
# Number of frames per movie: 50
# Pixel size (A): 3.0000
# 1/(A)          FRC
# -----------------------
# 
# Micrograph 1 of 1. Score: .577
 0.8333334E-03  0.9999998     
 0.2500000E-02  0.8505980     
 0.4166666E-02  0.8708742     
 0.5833333E-02  0.8516477     
 0.7499999E-02  0.8578830     
 0.9166666E-02  0.7372252     
 0.1083333E-01  0.6260964     
 0.1250000E-01  0.8537306     
 0.1416667E-01  0.9154494     
 0.1583333E-01  0.9441454     
 0.1750000E-01  0.9082369     
 0.1916667E-01  0.6548452     
 0.2083333E-01  0.7416945     
 0.2250000E-01  0.8762505     
 0.2416667E-01  0.9246634     
 0.2583333E-01  0.8935733     
 0.2750000E-01  0.7463492     
 0.2916667E-01  0.6515576     
 0.3083333E-01  0.7191671     
 0.3250000E-01  0.7773597     
 0.3416666E-01  0.7309451     
 0.3583334E-01  0.5952818     
 0.3750000E-01  0.5326368     
 0.3916667E-01  0.5110387     
 0.4083334E-01  0.5218983     
 0.4250000E-01  0.4084063     
 0.4416666E-01  0.3433604     
 0.4583333E-01  0.2991538     
 0.4750000E-01  0.2173495     
 0.4916666E-01  0.1046674     
 0.5083333E-01  0.7283095E-01 
 0.5250000E-01  0.1378485     
 0.5416667E-01  0.1455479     
 0.5583333E-01  0.2175411     
 0.5750000E-01  0.3000887     
 0.5916666E-01  0.3813741     
 0.6083334E-01  0.3616512     
 0.6250000E-01  0.4228956     
 0.6416667E-01  0.4048814     
 0.6583333E-01  0.3292533     
 0.6750000E-01  0.3068755     
 0.6916667E-01  0.1861102     
 0.7083333E-01  0.1082790     
 0.7250000E-01  0.6747047E-01 
 0.7416667E-01  0.1124352     
 0.7583334E-01  0.2004199     
 0.7749999E-01  0.2844311     
 0.7916667E-01  0.3259387     
 0.8083334E-01  0.3789510     
 0.8250000E-01  0.3370907     
 0.8416667E-01  0.3166815     
 0.8583333E-01  0.2082371     
 0.8750000E-01  0.1029974     
 0.8916666E-01  0.6654534E-01 
 0.9083333E-01  0.1358480     
 0.9250000E-01  0.2395731     
 0.9416667E-01  0.2938282     
 0.9583333E-01  0.3002420     
 0.9750000E-01  0.2696182     
 0.9916665E-01  0.2256055     
 0.1008333      0.1069931     
 0.1025000      0.4302584E-01 
 0.1041667      0.1124915     
 0.1058333      0.1978900     
 0.1075000      0.2394323     
 0.1091667      0.2390531     
 0.1108333      0.2032734     
 0.1125000      0.1359573     
 0.1141667      0.6589767E-01 
 0.1158333      0.8182146E-01 
 0.1175000      0.1449233     
 0.1191667      0.1739908     
 0.1208333      0.1657688     
 0.1225000      0.1362090     
 0.1241667      0.7361962E-01 
 0.1258333      0.6722500E-01 
 0.1275000      0.8775126E-01 
 0.1291667      0.1466089     
 0.1308333      0.1707971     
 0.1325000      0.1657187     
 0.1341667      0.8834430E-01 
 0.1358333      0.5389311E-01 
 0.1375000      0.9517845E-01 
 0.1391667      0.1043406     
 0.1408333      0.1346502     
 0.1425000      0.1033918     
 0.1441667      0.7097434E-01 
 0.1458333      0.4932679E-01 
 0.1475000      0.5592648E-01 
 0.1491667      0.1136613     
 0.1508333      0.1037114     
 0.1525000      0.8220004E-01 
 0.1541667      0.6686340E-01 
 0.1558333      0.6582706E-01 
 0.1575000      0.1188067     
 0.1591667      0.7326570E-01 
 0.1608333      0.6612314E-01 
 0.1625000      0.5395864E-01 
 0.1641667      0.7683300E-01 
 0.1658333      0.1005224     
