# SumMovie FRC for input stack : stack6.mrc
# Number of micrographs: 1
# Number of frames per movie: 50
# Pixel size (A): 3.0000
# 1/(A)          FRC
# -----------------------
# 
# Micrograph 1 of 1. Score: .577
 0.8333334E-03  0.9999999     
 0.2500000E-02  0.9513813     
 0.4166666E-02  0.9316868     
 0.5833333E-02  0.8462444     
 0.7499999E-02  0.8651809     
 0.9166666E-02  0.6734182     
 0.1083333E-01  0.6550543     
 0.1250000E-01  0.8462303     
 0.1416667E-01  0.8836747     
 0.1583333E-01  0.9315307     
 0.1750000E-01  0.8912919     
 0.1916667E-01  0.6006774     
 0.2083333E-01  0.6621560     
 0.2250000E-01  0.8295783     
 0.2416667E-01  0.8925400     
 0.2583333E-01  0.8452232     
 0.2750000E-01  0.7219796     
 0.2916667E-01  0.6169831     
 0.3083333E-01  0.6774620     
 0.3250000E-01  0.7199320     
 0.3416666E-01  0.6855301     
 0.3583334E-01  0.5782081     
 0.3750000E-01  0.5266140     
 0.3916667E-01  0.5099764     
 0.4083334E-01  0.5437988     
 0.4250000E-01  0.4394575     
 0.4416666E-01  0.3703957     
 0.4583333E-01  0.3421698     
 0.4750000E-01  0.2877903     
 0.4916666E-01  0.2145158     
 0.5083333E-01  0.1183596     
 0.5250000E-01  0.1390718     
 0.5416667E-01  0.8576575E-01 
 0.5583333E-01  0.1249898     
 0.5750000E-01  0.1294517     
 0.5916666E-01  0.2111531     
 0.6083334E-01  0.2723172     
 0.6250000E-01  0.2899280     
 0.6416667E-01  0.3368906     
 0.6583333E-01  0.3351547     
 0.6750000E-01  0.3372172     
 0.6916667E-01  0.3177348     
 0.7083333E-01  0.2731592     
 0.7250000E-01  0.2154273     
 0.7416667E-01  0.1411557     
 0.7583334E-01  0.1004129     
 0.7749999E-01  0.8893626E-01 
 0.7916667E-01  0.9007404E-01 
 0.8083334E-01  0.1732223     
 0.8250000E-01  0.2123382     
 0.8416667E-01  0.2698333     
 0.8583333E-01  0.2855406     
 0.8750000E-01  0.2657203     
 0.8916666E-01  0.2480493     
 0.9083333E-01  0.1362682     
 0.9250000E-01  0.1225376     
 0.9416667E-01  0.7755095E-01 
 0.9583333E-01  0.1212173     
 0.9750000E-01  0.1201443     
 0.9916665E-01  0.1610795     
 0.1008333      0.1930928     
 0.1025000      0.2174979     
 0.1041667      0.1887523     
 0.1058333      0.1452977     
 0.1075000      0.1007356     
 0.1091667      0.5016300E-01 
 0.1108333      0.7696576E-01 
 0.1125000      0.1246468     
 0.1141667      0.1715664     
 0.1158333      0.1927214     
 0.1175000      0.1516639     
 0.1191667      0.1378739     
 0.1208333      0.8380100E-01 
 0.1225000      0.6051206E-01 
 0.1241667      0.7309648E-01 
 0.1258333      0.9128536E-01 
 0.1275000      0.1402405     
 0.1291667      0.1342776     
 0.1308333      0.1253443     
 0.1325000      0.5831861E-01 
 0.1341667      0.4643751E-01 
 0.1358333      0.1021127     
 0.1375000      0.7976095E-01 
 0.1391667      0.8631556E-01 
 0.1408333      0.1111597     
 0.1425000      0.9832172E-01 
 0.1441667      0.7339438E-01 
 0.1458333      0.6699321E-01 
 0.1475000      0.7715031E-01 
 0.1491667      0.1042153     
 0.1508333      0.1159345     
 0.1525000      0.8561328E-01 
 0.1541667      0.5280580E-01 
 0.1558333      0.8048344E-01 
 0.1575000      0.7496590E-01 
 0.1591667      0.9042634E-01 
 0.1608333      0.9960878E-01 
 0.1625000      0.7381571E-01 
 0.1641667      0.7784642E-01 
 0.1658333      0.4749855E-01 
