# SumMovie FRC for input stack : stack6.mrc
# Number of micrographs: 1
# Number of frames per movie: 50
# Pixel size (A): 3.0000
# 1/(A)          FRC
# -----------------------
# 
# Micrograph 1 of 1. Score: .581
 0.8333334E-03  0.9999999     
 0.2500000E-02  0.9513962     
 0.4166666E-02  0.9316723     
 0.5833333E-02  0.8462843     
 0.7499999E-02  0.8654355     
 0.9166666E-02  0.6740567     
 0.1083333E-01  0.6558745     
 0.1250000E-01  0.8465115     
 0.1416667E-01  0.8843941     
 0.1583333E-01  0.9320940     
 0.1750000E-01  0.8918744     
 0.1916667E-01  0.6010425     
 0.2083333E-01  0.6634570     
 0.2250000E-01  0.8313072     
 0.2416667E-01  0.8941085     
 0.2583333E-01  0.8472394     
 0.2750000E-01  0.7240305     
 0.2916667E-01  0.6203027     
 0.3083333E-01  0.6813775     
 0.3250000E-01  0.7229173     
 0.3416666E-01  0.6889477     
 0.3583334E-01  0.5825757     
 0.3750000E-01  0.5316060     
 0.3916667E-01  0.5148891     
 0.4083334E-01  0.5509421     
 0.4250000E-01  0.4432539     
 0.4416666E-01  0.3738944     
 0.4583333E-01  0.3477054     
 0.4750000E-01  0.2915816     
 0.4916666E-01  0.2173257     
 0.5083333E-01  0.1185536     
 0.5250000E-01  0.1351141     
 0.5416667E-01  0.8249148E-01 
 0.5583333E-01  0.1204780     
 0.5750000E-01  0.1290247     
 0.5916666E-01  0.2128779     
 0.6083334E-01  0.2740761     
 0.6250000E-01  0.2913617     
 0.6416667E-01  0.3425184     
 0.6583333E-01  0.3419593     
 0.6750000E-01  0.3407526     
 0.6916667E-01  0.3195941     
 0.7083333E-01  0.2778360     
 0.7250000E-01  0.2176399     
 0.7416667E-01  0.1378993     
 0.7583334E-01  0.9807185E-01 
 0.7749999E-01  0.8763850E-01 
 0.7916667E-01  0.8605916E-01 
 0.8083334E-01  0.1751511     
 0.8250000E-01  0.2149648     
 0.8416667E-01  0.2719685     
 0.8583333E-01  0.2865336     
 0.8750000E-01  0.2690892     
 0.8916666E-01  0.2452304     
 0.9083333E-01  0.1407585     
 0.9250000E-01  0.1170589     
 0.9416667E-01  0.7162509E-01 
 0.9583333E-01  0.1143677     
 0.9750000E-01  0.1120394     
 0.9916665E-01  0.1559708     
 0.1008333      0.1963964     
 0.1025000      0.2251409     
 0.1041667      0.1827013     
 0.1058333      0.1455803     
 0.1075000      0.9457202E-01 
 0.1091667      0.4848157E-01 
 0.1108333      0.7323142E-01 
 0.1125000      0.1128709     
 0.1141667      0.1683611     
 0.1158333      0.1893720     
 0.1175000      0.1490627     
 0.1191667      0.1369384     
 0.1208333      0.7344476E-01 
 0.1225000      0.5546290E-01 
 0.1241667      0.5668824E-01 
 0.1258333      0.8992954E-01 
 0.1275000      0.1353221     
 0.1291667      0.1315474     
 0.1308333      0.1190995     
 0.1325000      0.5561382E-01 
 0.1341667      0.4443767E-01 
 0.1358333      0.9373076E-01 
 0.1375000      0.7321486E-01 
 0.1391667      0.8213530E-01 
 0.1408333      0.1066338     
 0.1425000      0.9422141E-01 
 0.1441667      0.7101192E-01 
 0.1458333      0.5704437E-01 
 0.1475000      0.7267287E-01 
 0.1491667      0.9424517E-01 
 0.1508333      0.1079863     
 0.1525000      0.7644029E-01 
 0.1541667      0.4679728E-01 
 0.1558333      0.7275105E-01 
 0.1575000      0.7035503E-01 
 0.1591667      0.9036890E-01 
 0.1608333      0.8641377E-01 
 0.1625000      0.6790723E-01 
 0.1641667      0.7697809E-01 
 0.1658333      0.3961679E-01 
