# SumMovie FRC for input stack : stack1.mrc
# Number of micrographs: 1
# Number of frames per movie: 50
# Pixel size (A): 3.0000
# 1/(A)          FRC
# -----------------------
# 
# Micrograph 1 of 1. Score: .491
 0.8333334E-03  0.9999990     
 0.2500000E-02  0.9744671     
 0.4166666E-02  0.9565832     
 0.5833333E-02  0.9211795     
 0.7499999E-02  0.9016969     
 0.9166666E-02  0.7384560     
 0.1083333E-01  0.7064298     
 0.1250000E-01  0.8337975     
 0.1416667E-01  0.9050993     
 0.1583333E-01  0.9095508     
 0.1750000E-01  0.8501422     
 0.1916667E-01  0.6236304     
 0.2083333E-01  0.7183763     
 0.2250000E-01  0.8350970     
 0.2416667E-01  0.8735116     
 0.2583333E-01  0.8272592     
 0.2750000E-01  0.6699288     
 0.2916667E-01  0.5285477     
 0.3083333E-01  0.6333761     
 0.3250000E-01  0.6279261     
 0.3416666E-01  0.5726389     
 0.3583334E-01  0.4668606     
 0.3750000E-01  0.4168385     
 0.3916667E-01  0.3523780     
 0.4083334E-01  0.3483674     
 0.4250000E-01  0.3164451     
 0.4416666E-01  0.2084217     
 0.4583333E-01  0.1509235     
 0.4750000E-01  0.1758738     
 0.4916666E-01  0.1193582     
 0.5083333E-01  0.9792740E-01 
 0.5250000E-01  0.1149687     
 0.5416667E-01  0.1142448     
 0.5583333E-01  0.1743836     
 0.5750000E-01  0.2204910     
 0.5916666E-01  0.2330265     
 0.6083334E-01  0.2698281     
 0.6250000E-01  0.2358110     
 0.6416667E-01  0.2460343     
 0.6583333E-01  0.2214527     
 0.6750000E-01  0.1470149     
 0.6916667E-01  0.1547712     
 0.7083333E-01  0.1294380     
 0.7250000E-01  0.8123217E-01 
 0.7416667E-01  0.1091116     
 0.7583334E-01  0.1595196     
 0.7749999E-01  0.2097067     
 0.7916667E-01  0.2103848     
 0.8083334E-01  0.1994340     
 0.8250000E-01  0.2179148     
 0.8416667E-01  0.1801493     
 0.8583333E-01  0.1190636     
 0.8750000E-01  0.7748248E-01 
 0.8916666E-01  0.5839074E-01 
 0.9083333E-01  0.1345945     
 0.9250000E-01  0.1462716     
 0.9416667E-01  0.1794835     
 0.9583333E-01  0.1842933     
 0.9750000E-01  0.1669547     
 0.9916665E-01  0.1209157     
 0.1008333      0.1065118     
 0.1025000      0.6732341E-01 
 0.1041667      0.1070656     
 0.1058333      0.1722312     
 0.1075000      0.1484625     
 0.1091667      0.1493562     
 0.1108333      0.1283883     
 0.1125000      0.1131362     
 0.1141667      0.8694294E-01 
 0.1158333      0.6244531E-01 
 0.1175000      0.1088548     
 0.1191667      0.9328849E-01 
 0.1208333      0.1164502     
 0.1225000      0.9055334E-01 
 0.1241667      0.1024822     
 0.1258333      0.9431072E-01 
 0.1275000      0.8164771E-01 
 0.1291667      0.1189695     
 0.1308333      0.1314970     
 0.1325000      0.1133276     
 0.1341667      0.7159542E-01 
 0.1358333      0.8356992E-01 
 0.1375000      0.9988749E-01 
 0.1391667      0.1019902     
 0.1408333      0.1155230     
 0.1425000      0.7807647E-01 
 0.1441667      0.7714698E-01 
 0.1458333      0.9690222E-01 
 0.1475000      0.1200357     
 0.1491667      0.8324929E-01 
 0.1508333      0.1040019     
 0.1525000      0.8139405E-01 
 0.1541667      0.7941564E-01 
 0.1558333      0.7766528E-01 
 0.1575000      0.9980942E-01 
 0.1591667      0.8476666E-01 
 0.1608333      0.9670215E-01 
 0.1625000      0.7170258E-01 
 0.1641667      0.8014096E-01 
 0.1658333      0.8316967E-01 
