# SumMovie FRC for input stack : stack11.mrc
# Number of micrographs: 1
# Number of frames per movie: 50
# Pixel size (A): 3.0000
# 1/(A)          FRC
# -----------------------
# 
# Micrograph 1 of 1. Score: .570
 0.8333334E-03  0.9999998     
 0.2500000E-02  0.8500661     
 0.4166666E-02  0.8701538     
 0.5833333E-02  0.8519660     
 0.7499999E-02  0.8572606     
 0.9166666E-02  0.7364054     
 0.1083333E-01  0.6257271     
 0.1250000E-01  0.8516695     
 0.1416667E-01  0.9137622     
 0.1583333E-01  0.9436685     
 0.1750000E-01  0.9066555     
 0.1916667E-01  0.6586353     
 0.2083333E-01  0.7380612     
 0.2250000E-01  0.8744159     
 0.2416667E-01  0.9207547     
 0.2583333E-01  0.8915347     
 0.2750000E-01  0.7397639     
 0.2916667E-01  0.6370191     
 0.3083333E-01  0.7071617     
 0.3250000E-01  0.7684689     
 0.3416666E-01  0.7158491     
 0.3583334E-01  0.5860824     
 0.3750000E-01  0.5184481     
 0.3916667E-01  0.4938193     
 0.4083334E-01  0.5127352     
 0.4250000E-01  0.3978562     
 0.4416666E-01  0.3331682     
 0.4583333E-01  0.2843407     
 0.4750000E-01  0.2197524     
 0.4916666E-01  0.1072333     
 0.5083333E-01  0.7565163E-01 
 0.5250000E-01  0.1360961     
 0.5416667E-01  0.1346617     
 0.5583333E-01  0.2212112     
 0.5750000E-01  0.2928134     
 0.5916666E-01  0.3525630     
 0.6083334E-01  0.3509504     
 0.6250000E-01  0.3914439     
 0.6416667E-01  0.3825239     
 0.6583333E-01  0.2997407     
 0.6750000E-01  0.2925651     
 0.6916667E-01  0.1878472     
 0.7083333E-01  0.1109167     
 0.7250000E-01  0.8710138E-01 
 0.7416667E-01  0.1086708     
 0.7583334E-01  0.1928281     
 0.7749999E-01  0.2596607     
 0.7916667E-01  0.3052853     
 0.8083334E-01  0.3424755     
 0.8250000E-01  0.3118821     
 0.8416667E-01  0.2865104     
 0.8583333E-01  0.2000610     
 0.8750000E-01  0.9178389E-01 
 0.8916666E-01  0.7718258E-01 
 0.9083333E-01  0.1284613     
 0.9250000E-01  0.2153647     
 0.9416667E-01  0.2772820     
 0.9583333E-01  0.3009150     
 0.9750000E-01  0.2492992     
 0.9916665E-01  0.2295726     
 0.1008333      0.1131400     
 0.1025000      0.8454514E-01 
 0.1041667      0.1420553     
 0.1058333      0.2154843     
 0.1075000      0.2099772     
 0.1091667      0.2457257     
 0.1108333      0.2076716     
 0.1125000      0.1529397     
 0.1141667      0.1014584     
 0.1158333      0.9259221E-01 
 0.1175000      0.1633548     
 0.1191667      0.1919714     
 0.1208333      0.1650688     
 0.1225000      0.1456872     
 0.1241667      0.9290225E-01 
 0.1258333      0.1041503     
 0.1275000      0.1129553     
 0.1291667      0.1650034     
 0.1308333      0.1586734     
 0.1325000      0.1845656     
 0.1341667      0.1109837     
 0.1358333      0.7118938E-01 
 0.1375000      0.1316305     
 0.1391667      0.1142880     
 0.1408333      0.1492112     
 0.1425000      0.1144864     
 0.1441667      0.1165764     
 0.1458333      0.1029631     
 0.1475000      0.1031944     
 0.1491667      0.1171722     
 0.1508333      0.1501252     
 0.1525000      0.1071784     
 0.1541667      0.9656679E-01 
 0.1558333      0.1148158     
 0.1575000      0.1460603     
 0.1591667      0.1072855     
 0.1608333      0.1199564     
 0.1625000      0.9868026E-01 
 0.1641667      0.1245172     
 0.1658333      0.1450655     
