# SumMovie FRC for input stack : stack1.mrc
# Number of micrographs: 1
# Number of frames per movie: 50
# Pixel size (A): 3.0000
# 1/(A)          FRC
# -----------------------
# 
# Micrograph 1 of 1. Score: .538
 0.8333334E-03  0.9999990     
 0.2500000E-02  0.9743813     
 0.4166666E-02  0.9567762     
 0.5833333E-02  0.9214230     
 0.7499999E-02  0.9032359     
 0.9166666E-02  0.7482362     
 0.1083333E-01  0.7199978     
 0.1250000E-01  0.8504491     
 0.1416667E-01  0.9170856     
 0.1583333E-01  0.9191807     
 0.1750000E-01  0.8713880     
 0.1916667E-01  0.6675053     
 0.2083333E-01  0.7584195     
 0.2250000E-01  0.8663296     
 0.2416667E-01  0.9009314     
 0.2583333E-01  0.8693879     
 0.2750000E-01  0.7377058     
 0.2916667E-01  0.6332369     
 0.3083333E-01  0.7032588     
 0.3250000E-01  0.7316477     
 0.3416666E-01  0.6766213     
 0.3583334E-01  0.5402383     
 0.3750000E-01  0.4756117     
 0.3916667E-01  0.4466010     
 0.4083334E-01  0.4492819     
 0.4250000E-01  0.3831741     
 0.4416666E-01  0.2477240     
 0.4583333E-01  0.1503543     
 0.4750000E-01  0.1700874     
 0.4916666E-01  0.8798647E-01 
 0.5083333E-01  0.5730028E-01 
 0.5250000E-01  0.7700934E-01 
 0.5416667E-01  0.1045306     
 0.5583333E-01  0.1866398     
 0.5750000E-01  0.2414153     
 0.5916666E-01  0.3275252     
 0.6083334E-01  0.3360052     
 0.6250000E-01  0.3188642     
 0.6416667E-01  0.2884149     
 0.6583333E-01  0.2696404     
 0.6750000E-01  0.1621048     
 0.6916667E-01  0.1219861     
 0.7083333E-01  0.8074678E-01 
 0.7250000E-01  0.6622082E-01 
 0.7416667E-01  0.1016693     
 0.7583334E-01  0.1585567     
 0.7749999E-01  0.2486360     
 0.7916667E-01  0.2891161     
 0.8083334E-01  0.2860493     
 0.8250000E-01  0.2891167     
 0.8416667E-01  0.2264374     
 0.8583333E-01  0.1183715     
 0.8750000E-01  0.4758849E-01 
 0.8916666E-01  0.4223925E-01 
 0.9083333E-01  0.1351988     
 0.9250000E-01  0.1845122     
 0.9416667E-01  0.2326117     
 0.9583333E-01  0.2411322     
 0.9750000E-01  0.1934377     
 0.9916665E-01  0.1179510     
 0.1008333      0.7364239E-01 
 0.1025000      0.5929215E-01 
 0.1041667      0.1198644     
 0.1058333      0.1578237     
 0.1075000      0.1601077     
 0.1091667      0.1727530     
 0.1108333      0.1217583     
 0.1125000      0.1208362     
 0.1141667      0.3879814E-01 
 0.1158333      0.6074495E-01 
 0.1175000      0.1053276     
 0.1191667      0.1199219     
 0.1208333      0.1097667     
 0.1225000      0.1021126     
 0.1241667      0.3655264E-01 
 0.1258333      0.4497174E-01 
 0.1275000      0.5900476E-01 
 0.1291667      0.1220486     
 0.1308333      0.1234078     
 0.1325000      0.6889873E-01 
 0.1341667      0.5171169E-01 
 0.1358333      0.3164484E-01 
 0.1375000      0.9419928E-01 
 0.1391667      0.7586871E-01 
 0.1408333      0.9763051E-01 
 0.1425000      0.6627589E-01 
 0.1441667      0.4412160E-01 
 0.1458333      0.4630372E-01 
 0.1475000      0.8282929E-01 
 0.1491667      0.7323989E-01 
 0.1508333      0.6349488E-01 
 0.1525000      0.3278528E-01 
 0.1541667      0.6149811E-01 
 0.1558333      0.6342429E-01 
 0.1575000      0.3736106E-01 
 0.1591667      0.2719122E-01 
 0.1608333      0.5933337E-01 
 0.1625000      0.5941346E-01 
 0.1641667      0.4722663E-01 
 0.1658333      0.3399483E-01 
