# SumMovie FRC for input stack : stack1.mrc
# Number of micrographs: 1
# Number of frames per movie: 50
# Pixel size (A): 3.0000
# 1/(A)          FRC
# -----------------------
# 
# Micrograph 1 of 1. Score: .503
 0.8333334E-03  0.9999990     
 0.2500000E-02  0.9744900     
 0.4166666E-02  0.9566867     
 0.5833333E-02  0.9213414     
 0.7499999E-02  0.9022252     
 0.9166666E-02  0.7415511     
 0.1083333E-01  0.7096663     
 0.1250000E-01  0.8382408     
 0.1416667E-01  0.9085798     
 0.1583333E-01  0.9125763     
 0.1750000E-01  0.8563715     
 0.1916667E-01  0.6375930     
 0.2083333E-01  0.7299032     
 0.2250000E-01  0.8439523     
 0.2416667E-01  0.8816094     
 0.2583333E-01  0.8392572     
 0.2750000E-01  0.6872312     
 0.2916667E-01  0.5545273     
 0.3083333E-01  0.6520268     
 0.3250000E-01  0.6568862     
 0.3416666E-01  0.6001504     
 0.3583334E-01  0.4820700     
 0.3750000E-01  0.4261858     
 0.3916667E-01  0.3756093     
 0.4083334E-01  0.3727071     
 0.4250000E-01  0.3352475     
 0.4416666E-01  0.2140573     
 0.4583333E-01  0.1413388     
 0.4750000E-01  0.1874435     
 0.4916666E-01  0.1117435     
 0.5083333E-01  0.9672203E-01 
 0.5250000E-01  0.1028425     
 0.5416667E-01  0.1144427     
 0.5583333E-01  0.1695750     
 0.5750000E-01  0.2197149     
 0.5916666E-01  0.2442651     
 0.6083334E-01  0.2804518     
 0.6250000E-01  0.2386990     
 0.6416667E-01  0.2370288     
 0.6583333E-01  0.2244152     
 0.6750000E-01  0.1422643     
 0.6916667E-01  0.1542860     
 0.7083333E-01  0.1246817     
 0.7250000E-01  0.7406807E-01 
 0.7416667E-01  0.9404480E-01 
 0.7583334E-01  0.1429319     
 0.7749999E-01  0.1946589     
 0.7916667E-01  0.2075185     
 0.8083334E-01  0.2083072     
 0.8250000E-01  0.2058145     
 0.8416667E-01  0.1661204     
 0.8583333E-01  0.1067844     
 0.8750000E-01  0.6400824E-01 
 0.8916666E-01  0.2962101E-01 
 0.9083333E-01  0.1050908     
 0.9250000E-01  0.1301231     
 0.9416667E-01  0.1775020     
 0.9583333E-01  0.1839543     
 0.9750000E-01  0.1571170     
 0.9916665E-01  0.1004865     
 0.1008333      0.9009180E-01 
 0.1025000      0.4332446E-01 
 0.1041667      0.1117275     
 0.1058333      0.1542671     
 0.1075000      0.1394020     
 0.1091667      0.1414036     
 0.1108333      0.1095655     
 0.1125000      0.1147546     
 0.1141667      0.7637054E-01 
 0.1158333      0.4972980E-01 
 0.1175000      0.7788744E-01 
 0.1191667      0.1017434     
 0.1208333      0.1049999     
 0.1225000      0.6345855E-01 
 0.1241667      0.8294093E-01 
 0.1258333      0.5616181E-01 
 0.1275000      0.4398590E-01 
 0.1291667      0.1189137     
 0.1308333      0.9869163E-01 
 0.1325000      0.8763768E-01 
 0.1341667      0.3562979E-01 
 0.1358333      0.6423663E-01 
 0.1375000      0.7143265E-01 
 0.1391667      0.7804539E-01 
 0.1408333      0.9661178E-01 
 0.1425000      0.5610133E-01 
 0.1441667      0.4582382E-01 
 0.1458333      0.7105946E-01 
 0.1475000      0.9318764E-01 
 0.1491667      0.5765933E-01 
 0.1508333      0.5659660E-01 
 0.1525000      0.4181968E-01 
 0.1541667      0.4609943E-01 
 0.1558333      0.5067581E-01 
 0.1575000      0.6890393E-01 
 0.1591667      0.3241326E-01 
 0.1608333      0.7257429E-01 
 0.1625000      0.4395213E-01 
 0.1641667      0.6801552E-01 
 0.1658333      0.4875039E-01 
