# SumMovie FRC for input stack : stack1.mrc
# Number of micrographs: 1
# Number of frames per movie: 50
# Pixel size (A): 3.0000
# 1/(A)          FRC
# -----------------------
# 
# Micrograph 1 of 1. Score: .503
 0.8333334E-03  0.9999990     
 0.2500000E-02  0.9744921     
 0.4166666E-02  0.9566911     
 0.5833333E-02  0.9213440     
 0.7499999E-02  0.9022346     
 0.9166666E-02  0.7416965     
 0.1083333E-01  0.7097831     
 0.1250000E-01  0.8384013     
 0.1416667E-01  0.9087155     
 0.1583333E-01  0.9127017     
 0.1750000E-01  0.8566068     
 0.1916667E-01  0.6381652     
 0.2083333E-01  0.7303367     
 0.2250000E-01  0.8442596     
 0.2416667E-01  0.8819070     
 0.2583333E-01  0.8396838     
 0.2750000E-01  0.6878672     
 0.2916667E-01  0.5556423     
 0.3083333E-01  0.6527750     
 0.3250000E-01  0.6580267     
 0.3416666E-01  0.6011814     
 0.3583334E-01  0.4826023     
 0.3750000E-01  0.4264912     
 0.3916667E-01  0.3765903     
 0.4083334E-01  0.3738235     
 0.4250000E-01  0.3359500     
 0.4416666E-01  0.2143166     
 0.4583333E-01  0.1409052     
 0.4750000E-01  0.1878122     
 0.4916666E-01  0.1114140     
 0.5083333E-01  0.9660436E-01 
 0.5250000E-01  0.1021499     
 0.5416667E-01  0.1143986     
 0.5583333E-01  0.1694104     
 0.5750000E-01  0.2193915     
 0.5916666E-01  0.2447001     
 0.6083334E-01  0.2808464     
 0.6250000E-01  0.2388410     
 0.6416667E-01  0.2364370     
 0.6583333E-01  0.2244305     
 0.6750000E-01  0.1420250     
 0.6916667E-01  0.1538368     
 0.7083333E-01  0.1241904     
 0.7250000E-01  0.7345431E-01 
 0.7416667E-01  0.9317826E-01 
 0.7583334E-01  0.1422043     
 0.7749999E-01  0.1940103     
 0.7916667E-01  0.2076508     
 0.8083334E-01  0.2086896     
 0.8250000E-01  0.2055205     
 0.8416667E-01  0.1650357     
 0.8583333E-01  0.1062120     
 0.8750000E-01  0.6343612E-01 
 0.8916666E-01  0.2843689E-01 
 0.9083333E-01  0.1037685     
 0.9250000E-01  0.1292662     
 0.9416667E-01  0.1769881     
 0.9583333E-01  0.1840969     
 0.9750000E-01  0.1565617     
 0.9916665E-01  0.9940790E-01 
 0.1008333      0.8890266E-01 
 0.1025000      0.4218030E-01 
 0.1041667      0.1116065     
 0.1058333      0.1532698     
 0.1075000      0.1391893     
 0.1091667      0.1407252     
 0.1108333      0.1089149     
 0.1125000      0.1146053     
 0.1141667      0.7574694E-01 
 0.1158333      0.4894958E-01 
 0.1175000      0.7692559E-01 
 0.1191667      0.1022678     
 0.1208333      0.1042739     
 0.1225000      0.6308919E-01 
 0.1241667      0.8175673E-01 
 0.1258333      0.5456649E-01 
 0.1275000      0.4225531E-01 
 0.1291667      0.1184874     
 0.1308333      0.9740849E-01 
 0.1325000      0.8647360E-01 
 0.1341667      0.3424984E-01 
 0.1358333      0.6341466E-01 
 0.1375000      0.6991909E-01 
 0.1391667      0.7723472E-01 
 0.1408333      0.9573703E-01 
 0.1425000      0.5628084E-01 
 0.1441667      0.4454569E-01 
 0.1458333      0.6940425E-01 
 0.1475000      0.9209450E-01 
 0.1491667      0.5699811E-01 
 0.1508333      0.5507732E-01 
 0.1525000      0.4110764E-01 
 0.1541667      0.4563259E-01 
 0.1558333      0.5006962E-01 
 0.1575000      0.6705175E-01 
 0.1591667      0.3045424E-01 
 0.1608333      0.7101436E-01 
 0.1625000      0.4380916E-01 
 0.1641667      0.6824259E-01 
 0.1658333      0.4742682E-01 
