# SumMovie FRC for input stack : stack1.mrc
# Number of micrographs: 1
# Number of frames per movie: 50
# Pixel size (A): 3.0000
# 1/(A)          FRC
# -----------------------
# 
# Micrograph 1 of 1. Score: .499
 0.8333334E-03  0.9999990     
 0.2500000E-02  0.9744850     
 0.4166666E-02  0.9566572     
 0.5833333E-02  0.9212987     
 0.7499999E-02  0.9020407     
 0.9166666E-02  0.7406458     
 0.1083333E-01  0.7087169     
 0.1250000E-01  0.8368781     
 0.1416667E-01  0.9075393     
 0.1583333E-01  0.9116980     
 0.1750000E-01  0.8544971     
 0.1916667E-01  0.6335666     
 0.2083333E-01  0.7265474     
 0.2250000E-01  0.8413032     
 0.2416667E-01  0.8792198     
 0.2583333E-01  0.8356507     
 0.2750000E-01  0.6818495     
 0.2916667E-01  0.5464152     
 0.3083333E-01  0.6463088     
 0.3250000E-01  0.6479384     
 0.3416666E-01  0.5914736     
 0.3583334E-01  0.4772767     
 0.3750000E-01  0.4230902     
 0.3916667E-01  0.3683348     
 0.4083334E-01  0.3650194     
 0.4250000E-01  0.3297228     
 0.4416666E-01  0.2126974     
 0.4583333E-01  0.1442802     
 0.4750000E-01  0.1845931     
 0.4916666E-01  0.1149727     
 0.5083333E-01  0.9735300E-01 
 0.5250000E-01  0.1068102     
 0.5416667E-01  0.1149310     
 0.5583333E-01  0.1706763     
 0.5750000E-01  0.2206021     
 0.5916666E-01  0.2392543     
 0.6083334E-01  0.2774240     
 0.6250000E-01  0.2373994     
 0.6416667E-01  0.2407473     
 0.6583333E-01  0.2238950     
 0.6750000E-01  0.1441596     
 0.6916667E-01  0.1558522     
 0.7083333E-01  0.1270554     
 0.7250000E-01  0.7702170E-01 
 0.7416667E-01  0.9901781E-01 
 0.7583334E-01  0.1481576     
 0.7749999E-01  0.1996985     
 0.7916667E-01  0.2081748     
 0.8083334E-01  0.2058028     
 0.8250000E-01  0.2102862     
 0.8416667E-01  0.1712624     
 0.8583333E-01  0.1118012     
 0.8750000E-01  0.6745802E-01 
 0.8916666E-01  0.3803765E-01 
 0.9083333E-01  0.1153481     
 0.9250000E-01  0.1355813     
 0.9416667E-01  0.1788863     
 0.9583333E-01  0.1828800     
 0.9750000E-01  0.1608230     
 0.9916665E-01  0.1077218     
 0.1008333      0.9648320E-01 
 0.1025000      0.5107179E-01 
 0.1041667      0.1114479     
 0.1058333      0.1599613     
 0.1075000      0.1393337     
 0.1091667      0.1439142     
 0.1108333      0.1124509     
 0.1125000      0.1147768     
 0.1141667      0.8051354E-01 
 0.1158333      0.5341290E-01 
 0.1175000      0.8545415E-01 
 0.1191667      0.9728444E-01 
 0.1208333      0.1110269     
 0.1225000      0.6933282E-01 
 0.1241667      0.9094684E-01 
 0.1258333      0.6580354E-01 
 0.1275000      0.5597695E-01 
 0.1291667      0.1191540     
 0.1308333      0.1077335     
 0.1325000      0.9441036E-01 
 0.1341667      0.4585370E-01 
 0.1358333      0.6962187E-01 
 0.1375000      0.7998426E-01 
 0.1391667      0.8395427E-01 
 0.1408333      0.1033275     
 0.1425000      0.5879784E-01 
 0.1441667      0.5439445E-01 
 0.1458333      0.8135942E-01 
 0.1475000      0.1021935     
 0.1491667      0.6408188E-01 
 0.1508333      0.7062322E-01 
 0.1525000      0.4978328E-01 
 0.1541667      0.5248342E-01 
 0.1558333      0.5760817E-01 
 0.1575000      0.7773318E-01 
 0.1591667      0.4821157E-01 
 0.1608333      0.7962088E-01 
 0.1625000      0.4734007E-01 
 0.1641667      0.6854592E-01 
 0.1658333      0.5680989E-01 
