# SumMovie FRC for input stack : stack16.mrc
# Number of micrographs: 1
# Number of frames per movie: 50
# Pixel size (A): 3.0000
# 1/(A)          FRC
# -----------------------
# 
# Micrograph 1 of 1. Score: .538
 0.8333334E-03  0.9999994     
 0.2500000E-02  0.9672225     
 0.4166666E-02  0.9454260     
 0.5833333E-02  0.9120679     
 0.7499999E-02  0.8965070     
 0.9166666E-02  0.8416178     
 0.1083333E-01  0.7768105     
 0.1250000E-01  0.8840632     
 0.1416667E-01  0.9355224     
 0.1583333E-01  0.9656268     
 0.1750000E-01  0.9458970     
 0.1916667E-01  0.7765210     
 0.2083333E-01  0.8028851     
 0.2250000E-01  0.9024544     
 0.2416667E-01  0.9435377     
 0.2583333E-01  0.9341210     
 0.2750000E-01  0.8305645     
 0.2916667E-01  0.7051390     
 0.3083333E-01  0.7543654     
 0.3250000E-01  0.7965927     
 0.3416666E-01  0.7330170     
 0.3583334E-01  0.6088241     
 0.3750000E-01  0.4390586     
 0.3916667E-01  0.3788960     
 0.4083334E-01  0.2913747     
 0.4250000E-01  0.1223271     
 0.4416666E-01  0.1175355     
 0.4583333E-01  0.8292287E-01 
 0.4750000E-01  0.1473399     
 0.4916666E-01  0.2680489     
 0.5083333E-01  0.3445121     
 0.5250000E-01  0.3891090     
 0.5416667E-01  0.3825021     
 0.5583333E-01  0.4240261     
 0.5750000E-01  0.3620828     
 0.5916666E-01  0.2762510     
 0.6083334E-01  0.1854921     
 0.6250000E-01  0.7816582E-01 
 0.6416667E-01  0.1021046     
 0.6583333E-01  0.1377863     
 0.6750000E-01  0.2073916     
 0.6916667E-01  0.3151175     
 0.7083333E-01  0.4056423     
 0.7250000E-01  0.3729934     
 0.7416667E-01  0.3075326     
 0.7583334E-01  0.1804695     
 0.7749999E-01  0.1180643     
 0.7916667E-01  0.9217899E-01 
 0.8083334E-01  0.2480412     
 0.8250000E-01  0.2749783     
 0.8416667E-01  0.3589755     
 0.8583333E-01  0.3011518     
 0.8750000E-01  0.1826736     
 0.8916666E-01  0.1195752     
 0.9083333E-01  0.7783975E-01 
 0.9250000E-01  0.1835700     
 0.9416667E-01  0.2607323     
 0.9583333E-01  0.2797403     
 0.9750000E-01  0.2064605     
 0.9916665E-01  0.9484173E-01 
 0.1008333      0.5603179E-01 
 0.1025000      0.1191520     
 0.1041667      0.1911171     
 0.1058333      0.2390223     
 0.1075000      0.1771904     
 0.1091667      0.1089714     
 0.1108333      0.5522763E-01 
 0.1125000      0.1371614     
 0.1141667      0.1961573     
 0.1158333      0.1875848     
 0.1175000      0.1103664     
 0.1191667      0.4678601E-01 
 0.1208333      0.8805888E-01 
 0.1225000      0.1545643     
 0.1241667      0.1735234     
 0.1258333      0.1070177     
 0.1275000      0.6492296E-01 
 0.1291667      0.8625606E-01 
 0.1308333      0.1197998     
 0.1325000      0.1340544     
 0.1341667      0.6296994E-01 
 0.1358333      0.4350069E-01 
 0.1375000      0.1119314     
 0.1391667      0.1341118     
 0.1408333      0.9247128E-01 
 0.1425000      0.7434428E-01 
 0.1441667      0.7272832E-01 
 0.1458333      0.1131903     
 0.1475000      0.9222748E-01 
 0.1491667      0.6235413E-01 
 0.1508333      0.7184496E-01 
 0.1525000      0.1005171     
 0.1541667      0.8446214E-01 
 0.1558333      0.7541825E-01 
 0.1575000      0.4225620E-01 
 0.1591667      0.8256681E-01 
 0.1608333      0.8454651E-01 
 0.1625000      0.4165628E-01 
 0.1641667      0.6374593E-01 
 0.1658333      0.1286516     
