# SumMovie FRC for input stack : stack16.mrc
# Number of micrographs: 1
# Number of frames per movie: 50
# Pixel size (A): 3.0000
# 1/(A)          FRC
# -----------------------
# 
# Micrograph 1 of 1. Score: .529
 0.8333334E-03  0.9999994     
 0.2500000E-02  0.9670182     
 0.4166666E-02  0.9459331     
 0.5833333E-02  0.9110230     
 0.7499999E-02  0.8943447     
 0.9166666E-02  0.8412278     
 0.1083333E-01  0.7718293     
 0.1250000E-01  0.8787658     
 0.1416667E-01  0.9334189     
 0.1583333E-01  0.9638683     
 0.1750000E-01  0.9437758     
 0.1916667E-01  0.7653763     
 0.2083333E-01  0.8005056     
 0.2250000E-01  0.8935251     
 0.2416667E-01  0.9349231     
 0.2583333E-01  0.9260118     
 0.2750000E-01  0.8156540     
 0.2916667E-01  0.6815717     
 0.3083333E-01  0.7332277     
 0.3250000E-01  0.7788080     
 0.3416666E-01  0.7001272     
 0.3583334E-01  0.5624900     
 0.3750000E-01  0.4268940     
 0.3916667E-01  0.3590724     
 0.4083334E-01  0.2966159     
 0.4250000E-01  0.1134020     
 0.4416666E-01  0.1226316     
 0.4583333E-01  0.1045926     
 0.4750000E-01  0.1360947     
 0.4916666E-01  0.2716290     
 0.5083333E-01  0.3334940     
 0.5250000E-01  0.3627369     
 0.5416667E-01  0.3603246     
 0.5583333E-01  0.4084786     
 0.5750000E-01  0.3482768     
 0.5916666E-01  0.2652210     
 0.6083334E-01  0.1789682     
 0.6250000E-01  0.9103573E-01 
 0.6416667E-01  0.1104993     
 0.6583333E-01  0.1426491     
 0.6750000E-01  0.1952793     
 0.6916667E-01  0.3031248     
 0.7083333E-01  0.3954565     
 0.7250000E-01  0.3360530     
 0.7416667E-01  0.2737726     
 0.7583334E-01  0.1656974     
 0.7749999E-01  0.1117395     
 0.7916667E-01  0.9356906E-01 
 0.8083334E-01  0.2475465     
 0.8250000E-01  0.2534631     
 0.8416667E-01  0.3310682     
 0.8583333E-01  0.2825103     
 0.8750000E-01  0.1854746     
 0.8916666E-01  0.1162342     
 0.9083333E-01  0.9643459E-01 
 0.9250000E-01  0.1817493     
 0.9416667E-01  0.2422251     
 0.9583333E-01  0.2607878     
 0.9750000E-01  0.2095383     
 0.9916665E-01  0.1231567     
 0.1008333      0.9903830E-01 
 0.1025000      0.1329528     
 0.1041667      0.1903206     
 0.1058333      0.2313320     
 0.1075000      0.1878902     
 0.1091667      0.1302631     
 0.1108333      0.6619255E-01 
 0.1125000      0.1519444     
 0.1141667      0.1808426     
 0.1158333      0.1717781     
 0.1175000      0.1302959     
 0.1191667      0.9136683E-01 
 0.1208333      0.1112810     
 0.1225000      0.1483406     
 0.1241667      0.1668635     
 0.1258333      0.1284280     
 0.1275000      0.8597385E-01 
 0.1291667      0.1014725     
 0.1308333      0.1396192     
 0.1325000      0.1344377     
 0.1341667      0.1052215     
 0.1358333      0.5799760E-01 
 0.1375000      0.1142269     
 0.1391667      0.1323154     
 0.1408333      0.1282817     
 0.1425000      0.8390231E-01 
 0.1441667      0.1107639     
 0.1458333      0.1179884     
 0.1475000      0.1115786     
 0.1491667      0.1127234     
 0.1508333      0.9870686E-01 
 0.1525000      0.1150933     
 0.1541667      0.1071644     
 0.1558333      0.8511700E-01 
 0.1575000      0.8630599E-01 
 0.1591667      0.1069118     
 0.1608333      0.1080915     
 0.1625000      0.6649277E-01 
 0.1641667      0.8662085E-01 
 0.1658333      0.1366931     
