# SumMovie FRC for input stack : stack16.mrc
# Number of micrographs: 1
# Number of frames per movie: 50
# Pixel size (A): 3.0000
# 1/(A)          FRC
# -----------------------
# 
# Micrograph 1 of 1. Score: .538
 0.8333334E-03  0.9999994     
 0.2500000E-02  0.9672216     
 0.4166666E-02  0.9454293     
 0.5833333E-02  0.9120587     
 0.7499999E-02  0.8965181     
 0.9166666E-02  0.8416134     
 0.1083333E-01  0.7767079     
 0.1250000E-01  0.8840089     
 0.1416667E-01  0.9355297     
 0.1583333E-01  0.9656295     
 0.1750000E-01  0.9459135     
 0.1916667E-01  0.7766270     
 0.2083333E-01  0.8029267     
 0.2250000E-01  0.9023746     
 0.2416667E-01  0.9434420     
 0.2583333E-01  0.9341044     
 0.2750000E-01  0.8306405     
 0.2916667E-01  0.7051445     
 0.3083333E-01  0.7541602     
 0.3250000E-01  0.7966475     
 0.3416666E-01  0.7330918     
 0.3583334E-01  0.6082603     
 0.3750000E-01  0.4394343     
 0.3916667E-01  0.3793202     
 0.4083334E-01  0.2921311     
 0.4250000E-01  0.1228750     
 0.4416666E-01  0.1188652     
 0.4583333E-01  0.8346951E-01 
 0.4750000E-01  0.1478563     
 0.4916666E-01  0.2689215     
 0.5083333E-01  0.3445960     
 0.5250000E-01  0.3903320     
 0.5416667E-01  0.3825993     
 0.5583333E-01  0.4240190     
 0.5750000E-01  0.3621696     
 0.5916666E-01  0.2776219     
 0.6083334E-01  0.1854183     
 0.6250000E-01  0.7989878E-01 
 0.6416667E-01  0.1033489     
 0.6583333E-01  0.1390586     
 0.6750000E-01  0.2088660     
 0.6916667E-01  0.3147368     
 0.7083333E-01  0.4063207     
 0.7250000E-01  0.3726984     
 0.7416667E-01  0.3078431     
 0.7583334E-01  0.1812939     
 0.7749999E-01  0.1186524     
 0.7916667E-01  0.9326197E-01 
 0.8083334E-01  0.2496010     
 0.8250000E-01  0.2761005     
 0.8416667E-01  0.3602870     
 0.8583333E-01  0.3018886     
 0.8750000E-01  0.1854853     
 0.8916666E-01  0.1196125     
 0.9083333E-01  0.7839365E-01 
 0.9250000E-01  0.1855667     
 0.9416667E-01  0.2604257     
 0.9583333E-01  0.2811019     
 0.9750000E-01  0.2095990     
 0.9916665E-01  0.9703723E-01 
 0.1008333      0.5867439E-01 
 0.1025000      0.1205274     
 0.1041667      0.1915446     
 0.1058333      0.2410026     
 0.1075000      0.1796508     
 0.1091667      0.1097184     
 0.1108333      0.5713528E-01 
 0.1125000      0.1395086     
 0.1141667      0.1969952     
 0.1158333      0.1887161     
 0.1175000      0.1113460     
 0.1191667      0.4803900E-01 
 0.1208333      0.9056115E-01 
 0.1225000      0.1567045     
 0.1241667      0.1747513     
 0.1258333      0.1075597     
 0.1275000      0.6540468E-01 
 0.1291667      0.8668031E-01 
 0.1308333      0.1196498     
 0.1325000      0.1337723     
 0.1341667      0.6688729E-01 
 0.1358333      0.4370077E-01 
 0.1375000      0.1124671     
 0.1391667      0.1351698     
 0.1408333      0.9362729E-01 
 0.1425000      0.7479185E-01 
 0.1441667      0.7454208E-01 
 0.1458333      0.1143669     
 0.1475000      0.9517769E-01 
 0.1491667      0.6397200E-01 
 0.1508333      0.7071836E-01 
 0.1525000      0.1011156     
 0.1541667      0.8388463E-01 
 0.1558333      0.7491619E-01 
 0.1575000      0.4458170E-01 
 0.1591667      0.8388024E-01 
 0.1608333      0.8635783E-01 
 0.1625000      0.4354632E-01 
 0.1641667      0.6387230E-01 
 0.1658333      0.1305386     
