# SumMovie FRC for input stack : stack16.mrc
# Number of micrographs: 1
# Number of frames per movie: 50
# Pixel size (A): 3.0000
# 1/(A)          FRC
# -----------------------
# 
# Micrograph 1 of 1. Score: .539
 0.8333334E-03  0.9999994     
 0.2500000E-02  0.9671872     
 0.4166666E-02  0.9455374     
 0.5833333E-02  0.9118677     
 0.7499999E-02  0.8961979     
 0.9166666E-02  0.8419284     
 0.1083333E-01  0.7757974     
 0.1250000E-01  0.8832051     
 0.1416667E-01  0.9353008     
 0.1583333E-01  0.9656189     
 0.1750000E-01  0.9458331     
 0.1916667E-01  0.7756547     
 0.2083333E-01  0.8036548     
 0.2250000E-01  0.9018994     
 0.2416667E-01  0.9421927     
 0.2583333E-01  0.9335536     
 0.2750000E-01  0.8301209     
 0.2916667E-01  0.7028404     
 0.3083333E-01  0.7510273     
 0.3250000E-01  0.7960978     
 0.3416666E-01  0.7302155     
 0.3583334E-01  0.6028939     
 0.3750000E-01  0.4404353     
 0.3916667E-01  0.3780049     
 0.4083334E-01  0.2931756     
 0.4250000E-01  0.1224611     
 0.4416666E-01  0.1266960     
 0.4583333E-01  0.9118079E-01 
 0.4750000E-01  0.1498858     
 0.4916666E-01  0.2694136     
 0.5083333E-01  0.3424150     
 0.5250000E-01  0.3891135     
 0.5416667E-01  0.3761510     
 0.5583333E-01  0.4216358     
 0.5750000E-01  0.3619319     
 0.5916666E-01  0.2812496     
 0.6083334E-01  0.1896676     
 0.6250000E-01  0.8592782E-01 
 0.6416667E-01  0.1080945     
 0.6583333E-01  0.1411719     
 0.6750000E-01  0.2112621     
 0.6916667E-01  0.3172711     
 0.7083333E-01  0.4072499     
 0.7250000E-01  0.3656704     
 0.7416667E-01  0.2954877     
 0.7583334E-01  0.1840629     
 0.7749999E-01  0.1167297     
 0.7916667E-01  0.1000707     
 0.8083334E-01  0.2522298     
 0.8250000E-01  0.2749296     
 0.8416667E-01  0.3637752     
 0.8583333E-01  0.2983851     
 0.8750000E-01  0.1904902     
 0.8916666E-01  0.1176100     
 0.9083333E-01  0.8384777E-01 
 0.9250000E-01  0.1927301     
 0.9416667E-01  0.2608323     
 0.9583333E-01  0.2756183     
 0.9750000E-01  0.2186013     
 0.9916665E-01  0.1022390     
 0.1008333      0.6886590E-01 
 0.1025000      0.1263214     
 0.1041667      0.1866455     
 0.1058333      0.2440013     
 0.1075000      0.1875832     
 0.1091667      0.1133305     
 0.1108333      0.5229362E-01 
 0.1125000      0.1426164     
 0.1141667      0.1916986     
 0.1158333      0.1902046     
 0.1175000      0.1153459     
 0.1191667      0.5353836E-01 
 0.1208333      0.9302901E-01 
 0.1225000      0.1595351     
 0.1241667      0.1689903     
 0.1258333      0.1084337     
 0.1275000      0.6664414E-01 
 0.1291667      0.9305929E-01 
 0.1308333      0.1320021     
 0.1325000      0.1359275     
 0.1341667      0.8206093E-01 
 0.1358333      0.5548538E-01 
 0.1375000      0.1078904     
 0.1391667      0.1375829     
 0.1408333      0.9887216E-01 
 0.1425000      0.7221351E-01 
 0.1441667      0.7930133E-01 
 0.1458333      0.1061795     
 0.1475000      0.1018194     
 0.1491667      0.6729186E-01 
 0.1508333      0.6621694E-01 
 0.1525000      0.1047942     
 0.1541667      0.9700660E-01 
 0.1558333      0.6244462E-01 
 0.1575000      0.5124157E-01 
 0.1591667      0.8862687E-01 
 0.1608333      0.9667245E-01 
 0.1625000      0.4591018E-01 
 0.1641667      0.6235794E-01 
 0.1658333      0.1362099     
