# SumMovie FRC for input stack : stack6.mrc
# Number of micrographs: 1
# Number of frames per movie: 50
# Pixel size (A): 3.0000
# 1/(A)          FRC
# -----------------------
# 
# Micrograph 1 of 1. Score: .592
 0.8333334E-03  0.9999999     
 0.2500000E-02  0.9512815     
 0.4166666E-02  0.9319590     
 0.5833333E-02  0.8475121     
 0.7499999E-02  0.8653128     
 0.9166666E-02  0.6785641     
 0.1083333E-01  0.6581668     
 0.1250000E-01  0.8499116     
 0.1416667E-01  0.8880485     
 0.1583333E-01  0.9352927     
 0.1750000E-01  0.8939258     
 0.1916667E-01  0.6006802     
 0.2083333E-01  0.6729621     
 0.2250000E-01  0.8435084     
 0.2416667E-01  0.9027369     
 0.2583333E-01  0.8573523     
 0.2750000E-01  0.7354913     
 0.2916667E-01  0.6256581     
 0.3083333E-01  0.6983663     
 0.3250000E-01  0.7291611     
 0.3416666E-01  0.7028134     
 0.3583334E-01  0.6011122     
 0.3750000E-01  0.5383877     
 0.3916667E-01  0.5311393     
 0.4083334E-01  0.5750417     
 0.4250000E-01  0.4581675     
 0.4416666E-01  0.3963703     
 0.4583333E-01  0.3649819     
 0.4750000E-01  0.3044226     
 0.4916666E-01  0.2231964     
 0.5083333E-01  0.1344993     
 0.5250000E-01  0.1170875     
 0.5416667E-01  0.6127438E-01 
 0.5583333E-01  0.9962000E-01 
 0.5750000E-01  0.1220951     
 0.5916666E-01  0.1975664     
 0.6083334E-01  0.2703942     
 0.6250000E-01  0.2907316     
 0.6416667E-01  0.3456187     
 0.6583333E-01  0.3745263     
 0.6750000E-01  0.3486755     
 0.6916667E-01  0.3459157     
 0.7083333E-01  0.2920594     
 0.7250000E-01  0.2225846     
 0.7416667E-01  0.1228575     
 0.7583334E-01  0.7728475E-01 
 0.7749999E-01  0.6659178E-01 
 0.7916667E-01  0.7811198E-01 
 0.8083334E-01  0.1848759     
 0.8250000E-01  0.2322890     
 0.8416667E-01  0.2963434     
 0.8583333E-01  0.3105698     
 0.8750000E-01  0.2917932     
 0.8916666E-01  0.2434897     
 0.9083333E-01  0.1632275     
 0.9250000E-01  0.8658021E-01 
 0.9416667E-01  0.4542566E-01 
 0.9583333E-01  0.8703212E-01 
 0.9750000E-01  0.8747507E-01 
 0.9916665E-01  0.1445789     
 0.1008333      0.2192050     
 0.1025000      0.2399999     
 0.1041667      0.1718996     
 0.1058333      0.1472783     
 0.1075000      0.8013020E-01 
 0.1091667      0.7841039E-01 
 0.1108333      0.4406970E-01 
 0.1125000      0.8884321E-01 
 0.1141667      0.1421348     
 0.1158333      0.1919475     
 0.1175000      0.1714769     
 0.1191667      0.1297648     
 0.1208333      0.4251060E-01 
 0.1225000      0.4429255E-01 
 0.1241667      0.3943599E-01 
 0.1258333      0.1047303     
 0.1275000      0.1228013     
 0.1291667      0.1264064     
 0.1308333      0.1113090     
 0.1325000      0.5610242E-01 
 0.1341667      0.4660595E-01 
 0.1358333      0.7432042E-01 
 0.1375000      0.7164472E-01 
 0.1391667      0.1021296     
 0.1408333      0.9131753E-01 
 0.1425000      0.6937630E-01 
 0.1441667      0.5703310E-01 
 0.1458333      0.4054150E-01 
 0.1475000      0.4760646E-01 
 0.1491667      0.7828728E-01 
 0.1508333      0.9383792E-01 
 0.1525000      0.6863698E-01 
 0.1541667      0.4587842E-01 
 0.1558333      0.3514900E-01 
 0.1575000      0.7390276E-01 
 0.1591667      0.8201981E-01 
 0.1608333      0.7792509E-01 
 0.1625000      0.7628503E-01 
 0.1641667      0.6377389E-01 
 0.1658333      0.2841021E-01 
