# SumMovie FRC for input stack : stack6.mrc
# Number of micrographs: 1
# Number of frames per movie: 50
# Pixel size (A): 3.0000
# 1/(A)          FRC
# -----------------------
# 
# Micrograph 1 of 1. Score: .573
 0.8333334E-03  0.9999999     
 0.2500000E-02  0.9513491     
 0.4166666E-02  0.9316494     
 0.5833333E-02  0.8461742     
 0.7499999E-02  0.8648452     
 0.9166666E-02  0.6724491     
 0.1083333E-01  0.6539457     
 0.1250000E-01  0.8458230     
 0.1416667E-01  0.8826298     
 0.1583333E-01  0.9307344     
 0.1750000E-01  0.8904220     
 0.1916667E-01  0.5998142     
 0.2083333E-01  0.6596619     
 0.2250000E-01  0.8266671     
 0.2416667E-01  0.8903552     
 0.2583333E-01  0.8420287     
 0.2750000E-01  0.7185984     
 0.2916667E-01  0.6121016     
 0.3083333E-01  0.6716715     
 0.3250000E-01  0.7147322     
 0.3416666E-01  0.6813018     
 0.3583334E-01  0.5723898     
 0.3750000E-01  0.5193359     
 0.3916667E-01  0.5015937     
 0.4083334E-01  0.5331083     
 0.4250000E-01  0.4325571     
 0.4416666E-01  0.3663113     
 0.4583333E-01  0.3336593     
 0.4750000E-01  0.2836218     
 0.4916666E-01  0.2113500     
 0.5083333E-01  0.1183150     
 0.5250000E-01  0.1443195     
 0.5416667E-01  0.9130459E-01 
 0.5583333E-01  0.1307565     
 0.5750000E-01  0.1297133     
 0.5916666E-01  0.2075248     
 0.6083334E-01  0.2669047     
 0.6250000E-01  0.2878885     
 0.6416667E-01  0.3284265     
 0.6583333E-01  0.3260644     
 0.6750000E-01  0.3325418     
 0.6916667E-01  0.3161110     
 0.7083333E-01  0.2655897     
 0.7250000E-01  0.2132046     
 0.7416667E-01  0.1456721     
 0.7583334E-01  0.1021797     
 0.7749999E-01  0.8869471E-01 
 0.7916667E-01  0.9681674E-01 
 0.8083334E-01  0.1715579     
 0.8250000E-01  0.2107416     
 0.8416667E-01  0.2654863     
 0.8583333E-01  0.2854502     
 0.8750000E-01  0.2614403     
 0.8916666E-01  0.2543663     
 0.9083333E-01  0.1324649     
 0.9250000E-01  0.1292843     
 0.9416667E-01  0.8661886E-01 
 0.9583333E-01  0.1294560     
 0.9750000E-01  0.1303159     
 0.9916665E-01  0.1678725     
 0.1008333      0.1888204     
 0.1025000      0.2103001     
 0.1041667      0.1972683     
 0.1058333      0.1425750     
 0.1075000      0.1075096     
 0.1091667      0.5695731E-01 
 0.1108333      0.8330372E-01 
 0.1125000      0.1387155     
 0.1141667      0.1722117     
 0.1158333      0.1962894     
 0.1175000      0.1595009     
 0.1191667      0.1402338     
 0.1208333      0.9890001E-01 
 0.1225000      0.7106309E-01 
 0.1241667      0.9529670E-01 
 0.1258333      0.1002002     
 0.1275000      0.1509701     
 0.1291667      0.1402667     
 0.1308333      0.1394868     
 0.1325000      0.6784374E-01 
 0.1341667      0.5810091E-01 
 0.1358333      0.1132765     
 0.1375000      0.9327137E-01 
 0.1391667      0.9709114E-01 
 0.1408333      0.1211067     
 0.1425000      0.1048228     
 0.1441667      0.8197725E-01 
 0.1458333      0.8330043E-01 
 0.1475000      0.9320275E-01 
 0.1491667      0.1213189     
 0.1508333      0.1306694     
 0.1525000      0.1013223     
 0.1541667      0.6872528E-01 
 0.1558333      0.9724834E-01 
 0.1575000      0.8692911E-01 
 0.1591667      0.1008149     
 0.1608333      0.1214753     
 0.1625000      0.9137612E-01 
 0.1641667      0.8314051E-01 
 0.1658333      0.6355722E-01 
