# SumMovie FRC for input stack : stack6.mrc
# Number of micrographs: 1
# Number of frames per movie: 50
# Pixel size (A): 3.0000
# 1/(A)          FRC
# -----------------------
# 
# Micrograph 1 of 1. Score: .557
 0.8333334E-03  0.9999998     
 0.2500000E-02  0.9512604     
 0.4166666E-02  0.9316088     
 0.5833333E-02  0.8459579     
 0.7499999E-02  0.8637926     
 0.9166666E-02  0.6694869     
 0.1083333E-01  0.6503466     
 0.1250000E-01  0.8443035     
 0.1416667E-01  0.8793828     
 0.1583333E-01  0.9283256     
 0.1750000E-01  0.8873778     
 0.1916667E-01  0.5959467     
 0.2083333E-01  0.6514654     
 0.2250000E-01  0.8176793     
 0.2416667E-01  0.8833777     
 0.2583333E-01  0.8321092     
 0.2750000E-01  0.7061982     
 0.2916667E-01  0.5948726     
 0.3083333E-01  0.6518073     
 0.3250000E-01  0.6940286     
 0.3416666E-01  0.6652743     
 0.3583334E-01  0.5531247     
 0.3750000E-01  0.4934096     
 0.3916667E-01  0.4749283     
 0.4083334E-01  0.4973890     
 0.4250000E-01  0.4137081     
 0.4416666E-01  0.3541724     
 0.4583333E-01  0.3081717     
 0.4750000E-01  0.2708509     
 0.4916666E-01  0.1944508     
 0.5083333E-01  0.1178267     
 0.5250000E-01  0.1503414     
 0.5416667E-01  0.9375586E-01 
 0.5583333E-01  0.1415207     
 0.5750000E-01  0.1268995     
 0.5916666E-01  0.1889302     
 0.6083334E-01  0.2407663     
 0.6250000E-01  0.2747004     
 0.6416667E-01  0.2980934     
 0.6583333E-01  0.2976160     
 0.6750000E-01  0.3092625     
 0.6916667E-01  0.3016813     
 0.7083333E-01  0.2417190     
 0.7250000E-01  0.2035288     
 0.7416667E-01  0.1468624     
 0.7583334E-01  0.1010765     
 0.7749999E-01  0.8190727E-01 
 0.7916667E-01  0.1142804     
 0.8083334E-01  0.1659677     
 0.8250000E-01  0.2014306     
 0.8416667E-01  0.2387997     
 0.8583333E-01  0.2668169     
 0.8750000E-01  0.2402104     
 0.8916666E-01  0.2575541     
 0.9083333E-01  0.1276029     
 0.9250000E-01  0.1377305     
 0.9416667E-01  0.9019390E-01 
 0.9583333E-01  0.1363870     
 0.9750000E-01  0.1394820     
 0.9916665E-01  0.1678595     
 0.1008333      0.1825453     
 0.1025000      0.2043187     
 0.1041667      0.1944517     
 0.1058333      0.1292625     
 0.1075000      0.1204599     
 0.1091667      0.8494877E-01 
 0.1108333      0.9347050E-01 
 0.1125000      0.1378850     
 0.1141667      0.1525718     
 0.1158333      0.2011632     
 0.1175000      0.1702242     
 0.1191667      0.1503532     
 0.1208333      0.1289369     
 0.1225000      0.9331893E-01 
 0.1241667      0.1147123     
 0.1258333      0.1153744     
 0.1275000      0.1712870     
 0.1291667      0.1555300     
 0.1308333      0.1677264     
 0.1325000      0.9440834E-01 
 0.1341667      0.8733796E-01 
 0.1358333      0.1200069     
 0.1375000      0.1154041     
 0.1391667      0.1135138     
 0.1408333      0.1444750     
 0.1425000      0.1080367     
 0.1441667      0.1078666     
 0.1458333      0.9846944E-01 
 0.1475000      0.1340041     
 0.1491667      0.1409479     
 0.1508333      0.1475020     
 0.1525000      0.1352552     
 0.1541667      0.8957390E-01 
 0.1558333      0.1202397     
 0.1575000      0.1152497     
 0.1591667      0.1408880     
 0.1608333      0.1411941     
 0.1625000      0.1098468     
 0.1641667      0.1034128     
 0.1658333      0.9544091E-01 
