# SumMovie FRC for input stack : stack6.mrc
# Number of micrographs: 1
# Number of frames per movie: 50
# Pixel size (A): 3.0000
# 1/(A)          FRC
# -----------------------
# 
# Micrograph 1 of 1. Score: .580
 0.8333334E-03  0.9999999     
 0.2500000E-02  0.9513983     
 0.4166666E-02  0.9316601     
 0.5833333E-02  0.8462874     
 0.7499999E-02  0.8654099     
 0.9166666E-02  0.6740555     
 0.1083333E-01  0.6557975     
 0.1250000E-01  0.8464599     
 0.1416667E-01  0.8842743     
 0.1583333E-01  0.9320174     
 0.1750000E-01  0.8918268     
 0.1916667E-01  0.6009921     
 0.2083333E-01  0.6630620     
 0.2250000E-01  0.8309100     
 0.2416667E-01  0.8939168     
 0.2583333E-01  0.8468281     
 0.2750000E-01  0.7237526     
 0.2916667E-01  0.6198710     
 0.3083333E-01  0.6809265     
 0.3250000E-01  0.7227030     
 0.3416666E-01  0.6887546     
 0.3583334E-01  0.5822419     
 0.3750000E-01  0.5313185     
 0.3916667E-01  0.5140246     
 0.4083334E-01  0.5500956     
 0.4250000E-01  0.4423049     
 0.4416666E-01  0.3733933     
 0.4583333E-01  0.3466213     
 0.4750000E-01  0.2913134     
 0.4916666E-01  0.2174615     
 0.5083333E-01  0.1181946     
 0.5250000E-01  0.1366175     
 0.5416667E-01  0.8377520E-01 
 0.5583333E-01  0.1213143     
 0.5750000E-01  0.1290931     
 0.5916666E-01  0.2131573     
 0.6083334E-01  0.2744308     
 0.6250000E-01  0.2914264     
 0.6416667E-01  0.3425652     
 0.6583333E-01  0.3415979     
 0.6750000E-01  0.3412018     
 0.6916667E-01  0.3203025     
 0.7083333E-01  0.2771649     
 0.7250000E-01  0.2176452     
 0.7416667E-01  0.1391335     
 0.7583334E-01  0.9853940E-01 
 0.7749999E-01  0.8752933E-01 
 0.7916667E-01  0.8687097E-01 
 0.8083334E-01  0.1748555     
 0.8250000E-01  0.2154068     
 0.8416667E-01  0.2728373     
 0.8583333E-01  0.2879564     
 0.8750000E-01  0.2690212     
 0.8916666E-01  0.2465291     
 0.9083333E-01  0.1404500     
 0.9250000E-01  0.1183676     
 0.9416667E-01  0.7372430E-01 
 0.9583333E-01  0.1160352     
 0.9750000E-01  0.1134523     
 0.9916665E-01  0.1573900     
 0.1008333      0.1950169     
 0.1025000      0.2249497     
 0.1041667      0.1844576     
 0.1058333      0.1450939     
 0.1075000      0.9499081E-01 
 0.1091667      0.4807359E-01 
 0.1108333      0.7402891E-01 
 0.1125000      0.1155612     
 0.1141667      0.1697052     
 0.1158333      0.1897091     
 0.1175000      0.1498171     
 0.1191667      0.1370858     
 0.1208333      0.7484829E-01 
 0.1225000      0.5575693E-01 
 0.1241667      0.6040873E-01 
 0.1258333      0.9123637E-01 
 0.1275000      0.1361896     
 0.1291667      0.1325517     
 0.1308333      0.1207647     
 0.1325000      0.5586969E-01 
 0.1341667      0.4544143E-01 
 0.1358333      0.9511195E-01 
 0.1375000      0.7489418E-01 
 0.1391667      0.8374359E-01 
 0.1408333      0.1079981     
 0.1425000      0.9497304E-01 
 0.1441667      0.7231437E-01 
 0.1458333      0.5873724E-01 
 0.1475000      0.7371062E-01 
 0.1491667      0.9671491E-01 
 0.1508333      0.1101018     
 0.1525000      0.7824165E-01 
 0.1541667      0.4952819E-01 
 0.1558333      0.7526663E-01 
 0.1575000      0.7268174E-01 
 0.1591667      0.9213736E-01 
 0.1608333      0.8848194E-01 
 0.1625000      0.6983660E-01 
 0.1641667      0.7750758E-01 
 0.1658333      0.4213516E-01 
