# SumMovie FRC for input stack : stack11.mrc
# Number of micrographs: 1
# Number of frames per movie: 50
# Pixel size (A): 3.0000
# 1/(A)          FRC
# -----------------------
# 
# Micrograph 1 of 1. Score: .570
 0.8333334E-03  0.9999998     
 0.2500000E-02  0.8500541     
 0.4166666E-02  0.8701402     
 0.5833333E-02  0.8519629     
 0.7499999E-02  0.8572480     
 0.9166666E-02  0.7363799     
 0.1083333E-01  0.6257223     
 0.1250000E-01  0.8516305     
 0.1416667E-01  0.9137374     
 0.1583333E-01  0.9436560     
 0.1750000E-01  0.9066262     
 0.1916667E-01  0.6586502     
 0.2083333E-01  0.7379896     
 0.2250000E-01  0.8743609     
 0.2416667E-01  0.9206797     
 0.2583333E-01  0.8914755     
 0.2750000E-01  0.7396217     
 0.2916667E-01  0.6367337     
 0.3083333E-01  0.7069585     
 0.3250000E-01  0.7682814     
 0.3416666E-01  0.7155901     
 0.3583334E-01  0.5858504     
 0.3750000E-01  0.5181568     
 0.3916667E-01  0.4934714     
 0.4083334E-01  0.5124545     
 0.4250000E-01  0.3976268     
 0.4416666E-01  0.3328910     
 0.4583333E-01  0.2840139     
 0.4750000E-01  0.2196288     
 0.4916666E-01  0.1071342     
 0.5083333E-01  0.7557689E-01 
 0.5250000E-01  0.1359680     
 0.5416667E-01  0.1342761     
 0.5583333E-01  0.2210903     
 0.5750000E-01  0.2924980     
 0.5916666E-01  0.3521074     
 0.6083334E-01  0.3506732     
 0.6250000E-01  0.3907264     
 0.6416667E-01  0.3820476     
 0.6583333E-01  0.2991082     
 0.6750000E-01  0.2920979     
 0.6916667E-01  0.1877213     
 0.7083333E-01  0.1108463     
 0.7250000E-01  0.8715944E-01 
 0.7416667E-01  0.1085627     
 0.7583334E-01  0.1925117     
 0.7749999E-01  0.2592751     
 0.7916667E-01  0.3049010     
 0.8083334E-01  0.3418336     
 0.8250000E-01  0.3114226     
 0.8416667E-01  0.2860689     
 0.8583333E-01  0.1996637     
 0.8750000E-01  0.9152433E-01 
 0.8916666E-01  0.7700825E-01 
 0.9083333E-01  0.1283426     
 0.9250000E-01  0.2150272     
 0.9416667E-01  0.2767136     
 0.9583333E-01  0.3007258     
 0.9750000E-01  0.2487685     
 0.9916665E-01  0.2291821     
 0.1008333      0.1131674     
 0.1025000      0.8468746E-01 
 0.1041667      0.1422628     
 0.1058333      0.2151672     
 0.1075000      0.2092004     
 0.1091667      0.2454160     
 0.1108333      0.2075174     
 0.1125000      0.1528835     
 0.1141667      0.1015489     
 0.1158333      0.9241036E-01 
 0.1175000      0.1631417     
 0.1191667      0.1918235     
 0.1208333      0.1651665     
 0.1225000      0.1455791     
 0.1241667      0.9287538E-01 
 0.1258333      0.1043391     
 0.1275000      0.1129736     
 0.1291667      0.1649907     
 0.1308333      0.1583352     
 0.1325000      0.1845268     
 0.1341667      0.1110198     
 0.1358333      0.7138629E-01 
 0.1375000      0.1316371     
 0.1391667      0.1141995     
 0.1408333      0.1487371     
 0.1425000      0.1142479     
 0.1441667      0.1167509     
 0.1458333      0.1031171     
 0.1475000      0.1036563     
 0.1491667      0.1169228     
 0.1508333      0.1502587     
 0.1525000      0.1070350     
 0.1541667      0.9646210E-01 
 0.1558333      0.1150649     
 0.1575000      0.1461129     
 0.1591667      0.1074032     
 0.1608333      0.1201018     
 0.1625000      0.9898416E-01 
 0.1641667      0.1243966     
 0.1658333      0.1455222     
