# SumMovie FRC for input stack : stack11.mrc
# Number of micrographs: 1
# Number of frames per movie: 50
# Pixel size (A): 3.0000
# 1/(A)          FRC
# -----------------------
# 
# Micrograph 1 of 1. Score: .569
 0.8333334E-03  0.9999998     
 0.2500000E-02  0.8500401     
 0.4166666E-02  0.8701245     
 0.5833333E-02  0.8519583     
 0.7499999E-02  0.8572326     
 0.9166666E-02  0.7363290     
 0.1083333E-01  0.6257108     
 0.1250000E-01  0.8515794     
 0.1416667E-01  0.9137031     
 0.1583333E-01  0.9436346     
 0.1750000E-01  0.9065803     
 0.1916667E-01  0.6586454     
 0.2083333E-01  0.7378611     
 0.2250000E-01  0.8742793     
 0.2416667E-01  0.9205796     
 0.2583333E-01  0.8913835     
 0.2750000E-01  0.7394018     
 0.2916667E-01  0.6363065     
 0.3083333E-01  0.7066134     
 0.3250000E-01  0.7680303     
 0.3416666E-01  0.7152041     
 0.3583334E-01  0.5855368     
 0.3750000E-01  0.5177338     
 0.3916667E-01  0.4929977     
 0.4083334E-01  0.5120143     
 0.4250000E-01  0.3972699     
 0.4416666E-01  0.3324828     
 0.4583333E-01  0.2834552     
 0.4750000E-01  0.2195335     
 0.4916666E-01  0.1069965     
 0.5083333E-01  0.7547803E-01 
 0.5250000E-01  0.1357744     
 0.5416667E-01  0.1337837     
 0.5583333E-01  0.2209499     
 0.5750000E-01  0.2921185     
 0.5916666E-01  0.3514597     
 0.6083334E-01  0.3502437     
 0.6250000E-01  0.3897884     
 0.6416667E-01  0.3813450     
 0.6583333E-01  0.2980778     
 0.6750000E-01  0.2914914     
 0.6916667E-01  0.1874937     
 0.7083333E-01  0.1107183     
 0.7250000E-01  0.8715751E-01 
 0.7416667E-01  0.1083984     
 0.7583334E-01  0.1921085     
 0.7749999E-01  0.2586038     
 0.7916667E-01  0.3042697     
 0.8083334E-01  0.3409183     
 0.8250000E-01  0.3107292     
 0.8416667E-01  0.2854275     
 0.8583333E-01  0.1991493     
 0.8750000E-01  0.9110128E-01 
 0.8916666E-01  0.7698005E-01 
 0.9083333E-01  0.1283118     
 0.9250000E-01  0.2142646     
 0.9416667E-01  0.2758667     
 0.9583333E-01  0.3004151     
 0.9750000E-01  0.2481913     
 0.9916665E-01  0.2285376     
 0.1008333      0.1132305     
 0.1025000      0.8492573E-01 
 0.1041667      0.1425464     
 0.1058333      0.2147621     
 0.1075000      0.2081216     
 0.1091667      0.2450284     
 0.1108333      0.2072968     
 0.1125000      0.1529110     
 0.1141667      0.1016814     
 0.1158333      0.9209589E-01 
 0.1175000      0.1627894     
 0.1191667      0.1916386     
 0.1208333      0.1653489     
 0.1225000      0.1453543     
 0.1241667      0.9282501E-01 
 0.1258333      0.1046180     
 0.1275000      0.1131075     
 0.1291667      0.1647736     
 0.1308333      0.1576372     
 0.1325000      0.1846039     
 0.1341667      0.1109818     
 0.1358333      0.7153838E-01 
 0.1375000      0.1316491     
 0.1391667      0.1139517     
 0.1408333      0.1479089     
 0.1425000      0.1140101     
 0.1441667      0.1170737     
 0.1458333      0.1031410     
 0.1475000      0.1042579     
 0.1491667      0.1165078     
 0.1508333      0.1505490     
 0.1525000      0.1068886     
 0.1541667      0.9609168E-01 
 0.1558333      0.1154379     
 0.1575000      0.1460895     
 0.1591667      0.1074742     
 0.1608333      0.1203207     
 0.1625000      0.9926321E-01 
 0.1641667      0.1240493     
 0.1658333      0.1459545     
