# SumMovie FRC for input stack : stack1.mrc
# Number of micrographs: 1
# Number of frames per movie: 50
# Pixel size (A): 3.0000
# 1/(A)          FRC
# -----------------------
# 
# Micrograph 1 of 1. Score: .516
 0.8333334E-03  0.9999990     
 0.2500000E-02  0.9745035     
 0.4166666E-02  0.9567853     
 0.5833333E-02  0.9214170     
 0.7499999E-02  0.9027560     
 0.9166666E-02  0.7450620     
 0.1083333E-01  0.7133015     
 0.1250000E-01  0.8432832     
 0.1416667E-01  0.9125190     
 0.1583333E-01  0.9157768     
 0.1750000E-01  0.8631279     
 0.1916667E-01  0.6523688     
 0.2083333E-01  0.7419297     
 0.2250000E-01  0.8535886     
 0.2416667E-01  0.8902456     
 0.2583333E-01  0.8520985     
 0.2750000E-01  0.7075134     
 0.2916667E-01  0.5866424     
 0.3083333E-01  0.6738225     
 0.3250000E-01  0.6902872     
 0.3416666E-01  0.6342492     
 0.3583334E-01  0.5024526     
 0.3750000E-01  0.4391323     
 0.3916667E-01  0.4045288     
 0.4083334E-01  0.4058716     
 0.4250000E-01  0.3540418     
 0.4416666E-01  0.2192089     
 0.4583333E-01  0.1290469     
 0.4750000E-01  0.1914404     
 0.4916666E-01  0.9747226E-01 
 0.5083333E-01  0.9223932E-01 
 0.5250000E-01  0.8528847E-01 
 0.5416667E-01  0.1074416     
 0.5583333E-01  0.1710420     
 0.5750000E-01  0.2101052     
 0.5916666E-01  0.2696708     
 0.6083334E-01  0.2927819     
 0.6250000E-01  0.2496500     
 0.6416667E-01  0.2229375     
 0.6583333E-01  0.2242186     
 0.6750000E-01  0.1344650     
 0.6916667E-01  0.1321003     
 0.7083333E-01  0.1062272     
 0.7250000E-01  0.5874054E-01 
 0.7416667E-01  0.7195187E-01 
 0.7583334E-01  0.1299420     
 0.7749999E-01  0.1799839     
 0.7916667E-01  0.2235671     
 0.8083334E-01  0.2234022     
 0.8250000E-01  0.2006522     
 0.8416667E-01  0.1441659     
 0.8583333E-01  0.8892675E-01 
 0.8750000E-01  0.6094778E-01 
 0.8916666E-01  0.1495634E-01 
 0.9083333E-01  0.7635920E-01 
 0.9250000E-01  0.1200847     
 0.9416667E-01  0.1737476     
 0.9583333E-01  0.1981004     
 0.9750000E-01  0.1455436     
 0.9916665E-01  0.8569069E-01 
 0.1008333      0.6363422E-01 
 0.1025000      0.2318382E-01 
 0.1041667      0.9167092E-01 
 0.1058333      0.1398521     
 0.1075000      0.1570822     
 0.1091667      0.1343694     
 0.1108333      0.1165877     
 0.1125000      0.1139037     
 0.1141667      0.5907697E-01 
 0.1158333      0.4425014E-01 
 0.1175000      0.8265582E-01 
 0.1191667      0.1127427     
 0.1208333      0.8013499E-01 
 0.1225000      0.7729235E-01 
 0.1241667      0.5947103E-01 
 0.1258333      0.4001110E-01 
 0.1275000      0.2493886E-01 
 0.1291667      0.1166161     
 0.1308333      0.7670794E-01 
 0.1325000      0.6559481E-01 
 0.1341667      0.3127192E-01 
 0.1358333      0.3736770E-01 
 0.1375000      0.5440472E-01 
 0.1391667      0.7296360E-01 
 0.1408333      0.8052766E-01 
 0.1425000      0.6910795E-01 
 0.1441667      0.4030782E-01 
 0.1458333      0.4095110E-01 
 0.1475000      0.7403294E-01 
 0.1491667      0.6201255E-01 
 0.1508333      0.5685334E-01 
 0.1525000      0.3582375E-01 
 0.1541667      0.5780903E-01 
 0.1558333      0.6315139E-01 
 0.1575000      0.4063095E-01 
 0.1591667      0.2129069E-01 
 0.1608333      0.3730426E-01 
 0.1625000      0.5868939E-01 
 0.1641667      0.6780551E-01 
 0.1658333      0.4112170E-01 
