# SumMovie FRC for input stack : stack1.mrc
# Number of micrographs: 1
# Number of frames per movie: 50
# Pixel size (A): 3.0000
# 1/(A)          FRC
# -----------------------
# 
# Micrograph 1 of 1. Score: .504
 0.8333334E-03  0.9999990     
 0.2500000E-02  0.9744909     
 0.4166666E-02  0.9566965     
 0.5833333E-02  0.9213566     
 0.7499999E-02  0.9023040     
 0.9166666E-02  0.7418670     
 0.1083333E-01  0.7100721     
 0.1250000E-01  0.8387975     
 0.1416667E-01  0.9090146     
 0.1583333E-01  0.9128972     
 0.1750000E-01  0.8571071     
 0.1916667E-01  0.6391380     
 0.2083333E-01  0.7311925     
 0.2250000E-01  0.8450831     
 0.2416667E-01  0.8825935     
 0.2583333E-01  0.8407093     
 0.2750000E-01  0.6894268     
 0.2916667E-01  0.5576840     
 0.3083333E-01  0.6542405     
 0.3250000E-01  0.6603846     
 0.3416666E-01  0.6038454     
 0.3583334E-01  0.4842784     
 0.3750000E-01  0.4275340     
 0.3916667E-01  0.3783644     
 0.4083334E-01  0.3758411     
 0.4250000E-01  0.3372082     
 0.4416666E-01  0.2145371     
 0.4583333E-01  0.1399438     
 0.4750000E-01  0.1885981     
 0.4916666E-01  0.1105179     
 0.5083333E-01  0.9686582E-01 
 0.5250000E-01  0.1015323     
 0.5416667E-01  0.1140225     
 0.5583333E-01  0.1693947     
 0.5750000E-01  0.2190826     
 0.5916666E-01  0.2464695     
 0.6083334E-01  0.2813945     
 0.6250000E-01  0.2389881     
 0.6416667E-01  0.2353442     
 0.6583333E-01  0.2244657     
 0.6750000E-01  0.1413556     
 0.6916667E-01  0.1529734     
 0.7083333E-01  0.1236017     
 0.7250000E-01  0.7254200E-01 
 0.7416667E-01  0.9193064E-01 
 0.7583334E-01  0.1410955     
 0.7749999E-01  0.1920393     
 0.7916667E-01  0.2074030     
 0.8083334E-01  0.2095881     
 0.8250000E-01  0.2039932     
 0.8416667E-01  0.1641522     
 0.8583333E-01  0.1044453     
 0.8750000E-01  0.6297629E-01 
 0.8916666E-01  0.2639080E-01 
 0.9083333E-01  0.1009932     
 0.9250000E-01  0.1279517     
 0.9416667E-01  0.1766524     
 0.9583333E-01  0.1842310     
 0.9750000E-01  0.1555234     
 0.9916665E-01  0.9823261E-01 
 0.1008333      0.8744222E-01 
 0.1025000      0.4050745E-01 
 0.1041667      0.1114089     
 0.1058333      0.1523286     
 0.1075000      0.1407599     
 0.1091667      0.1404776     
 0.1108333      0.1094788     
 0.1125000      0.1146031     
 0.1141667      0.7470572E-01 
 0.1158333      0.4905549E-01 
 0.1175000      0.7644016E-01 
 0.1191667      0.1037891     
 0.1208333      0.1025250     
 0.1225000      0.6193859E-01 
 0.1241667      0.7979335E-01 
 0.1258333      0.5356615E-01 
 0.1275000      0.3908488E-01 
 0.1291667      0.1188658     
 0.1308333      0.9532776E-01 
 0.1325000      0.8587397E-01 
 0.1341667      0.3246790E-01 
 0.1358333      0.6249947E-01 
 0.1375000      0.6883576E-01 
 0.1391667      0.7680491E-01 
 0.1408333      0.9397506E-01 
 0.1425000      0.5709908E-01 
 0.1441667      0.4320663E-01 
 0.1458333      0.6733535E-01 
 0.1475000      0.9057258E-01 
 0.1491667      0.5621397E-01 
 0.1508333      0.5309108E-01 
 0.1525000      0.4040524E-01 
 0.1541667      0.4496658E-01 
 0.1558333      0.4902275E-01 
 0.1575000      0.6593288E-01 
 0.1591667      0.2772844E-01 
 0.1608333      0.7009489E-01 
 0.1625000      0.4389615E-01 
 0.1641667      0.6906551E-01 
 0.1658333      0.4705846E-01 
