# SumMovie FRC for input stack : stack1.mrc
# Number of micrographs: 1
# Number of frames per movie: 50
# Pixel size (A): 3.0000
# 1/(A)          FRC
# -----------------------
# 
# Micrograph 1 of 1. Score: .546
 0.8333334E-03  0.9999993     
 0.2500000E-02  0.9744578     
 0.4166666E-02  0.9570091     
 0.5833333E-02  0.9206531     
 0.7499999E-02  0.9048312     
 0.9166666E-02  0.7497187     
 0.1083333E-01  0.7274080     
 0.1250000E-01  0.8558908     
 0.1416667E-01  0.9222966     
 0.1583333E-01  0.9261877     
 0.1750000E-01  0.8739504     
 0.1916667E-01  0.6747747     
 0.2083333E-01  0.7639223     
 0.2250000E-01  0.8704619     
 0.2416667E-01  0.9032597     
 0.2583333E-01  0.8718882     
 0.2750000E-01  0.7476854     
 0.2916667E-01  0.6443747     
 0.3083333E-01  0.7088050     
 0.3250000E-01  0.7376835     
 0.3416666E-01  0.6840699     
 0.3583334E-01  0.5452737     
 0.3750000E-01  0.4830556     
 0.3916667E-01  0.4610443     
 0.4083334E-01  0.4486902     
 0.4250000E-01  0.4002790     
 0.4416666E-01  0.2595689     
 0.4583333E-01  0.1702448     
 0.4750000E-01  0.1882532     
 0.4916666E-01  0.9677726E-01 
 0.5083333E-01  0.6333566E-01 
 0.5250000E-01  0.6831558E-01 
 0.5416667E-01  0.1279597     
 0.5583333E-01  0.1857018     
 0.5750000E-01  0.2534257     
 0.5916666E-01  0.3162760     
 0.6083334E-01  0.3424846     
 0.6250000E-01  0.3285021     
 0.6416667E-01  0.2999577     
 0.6583333E-01  0.2727526     
 0.6750000E-01  0.1617784     
 0.6916667E-01  0.1356054     
 0.7083333E-01  0.8600674E-01 
 0.7250000E-01  0.6972779E-01 
 0.7416667E-01  0.1079899     
 0.7583334E-01  0.1669663     
 0.7749999E-01  0.2460313     
 0.7916667E-01  0.2980484     
 0.8083334E-01  0.2885172     
 0.8250000E-01  0.2843847     
 0.8416667E-01  0.2270703     
 0.8583333E-01  0.1235332     
 0.8750000E-01  0.6147953E-01 
 0.8916666E-01  0.3202977E-01 
 0.9083333E-01  0.1315210     
 0.9250000E-01  0.1960234     
 0.9416667E-01  0.2363235     
 0.9583333E-01  0.2487165     
 0.9750000E-01  0.1960573     
 0.9916665E-01  0.1082158     
 0.1008333      0.6724974E-01 
 0.1025000      0.4396797E-01 
 0.1041667      0.1203751     
 0.1058333      0.1530151     
 0.1075000      0.1592782     
 0.1091667      0.1755817     
 0.1108333      0.1312411     
 0.1125000      0.1229614     
 0.1141667      0.3660922E-01 
 0.1158333      0.6484189E-01 
 0.1175000      0.1083863     
 0.1191667      0.1094873     
 0.1208333      0.1140582     
 0.1225000      0.1005583     
 0.1241667      0.4707686E-01 
 0.1258333      0.3968400E-01 
 0.1275000      0.5877557E-01 
 0.1291667      0.1142916     
 0.1308333      0.1205720     
 0.1325000      0.6850111E-01 
 0.1341667      0.4798028E-01 
 0.1358333      0.2644081E-01 
 0.1375000      0.1026750     
 0.1391667      0.6515329E-01 
 0.1408333      0.1078375     
 0.1425000      0.6321426E-01 
 0.1441667      0.3445439E-01 
 0.1458333      0.3047187E-01 
 0.1475000      0.7405716E-01 
 0.1491667      0.5677984E-01 
 0.1508333      0.6223793E-01 
 0.1525000      0.2623395E-01 
 0.1541667      0.5737832E-01 
 0.1558333      0.8480529E-01 
 0.1575000      0.4414595E-01 
 0.1591667      0.2127723E-01 
 0.1608333      0.3449629E-01 
 0.1625000      0.4766823E-01 
 0.1641667      0.3753232E-01 
 0.1658333      0.2816629E-01 
