# SumMovie FRC for input stack : stack11.mrc
# Number of micrographs: 1
# Number of frames per movie: 50
# Pixel size (A): 3.0000
# 1/(A)          FRC
# -----------------------
# 
# Micrograph 1 of 1. Score: .577
 0.8333334E-03  0.9999998     
 0.2500000E-02  0.8506351     
 0.4166666E-02  0.8709477     
 0.5833333E-02  0.8516113     
 0.7499999E-02  0.8579324     
 0.9166666E-02  0.7375327     
 0.1083333E-01  0.6259176     
 0.1250000E-01  0.8539761     
 0.1416667E-01  0.9155172     
 0.1583333E-01  0.9441605     
 0.1750000E-01  0.9083286     
 0.1916667E-01  0.6542254     
 0.2083333E-01  0.7417980     
 0.2250000E-01  0.8761575     
 0.2416667E-01  0.9249032     
 0.2583333E-01  0.8934106     
 0.2750000E-01  0.7466821     
 0.2916667E-01  0.6522707     
 0.3083333E-01  0.7205893     
 0.3250000E-01  0.7781333     
 0.3416666E-01  0.7322882     
 0.3583334E-01  0.5953616     
 0.3750000E-01  0.5328317     
 0.3916667E-01  0.5112773     
 0.4083334E-01  0.5213711     
 0.4250000E-01  0.4080105     
 0.4416666E-01  0.3429416     
 0.4583333E-01  0.3001968     
 0.4750000E-01  0.2173320     
 0.4916666E-01  0.1032118     
 0.5083333E-01  0.7395193E-01 
 0.5250000E-01  0.1383794     
 0.5416667E-01  0.1446034     
 0.5583333E-01  0.2167935     
 0.5750000E-01  0.2999236     
 0.5916666E-01  0.3845410     
 0.6083334E-01  0.3617020     
 0.6250000E-01  0.4236624     
 0.6416667E-01  0.4059326     
 0.6583333E-01  0.3291514     
 0.6750000E-01  0.3038493     
 0.6916667E-01  0.1820270     
 0.7083333E-01  0.1069068     
 0.7250000E-01  0.6292704E-01 
 0.7416667E-01  0.1098253     
 0.7583334E-01  0.2004237     
 0.7749999E-01  0.2849109     
 0.7916667E-01  0.3254872     
 0.8083334E-01  0.3796808     
 0.8250000E-01  0.3376762     
 0.8416667E-01  0.3175751     
 0.8583333E-01  0.2065125     
 0.8750000E-01  0.1010862     
 0.8916666E-01  0.6513995E-01 
 0.9083333E-01  0.1338037     
 0.9250000E-01  0.2401287     
 0.9416667E-01  0.2904980     
 0.9583333E-01  0.2970698     
 0.9750000E-01  0.2676355     
 0.9916665E-01  0.2176749     
 0.1008333      0.1050907     
 0.1025000      0.3686859E-01 
 0.1041667      0.1096999     
 0.1058333      0.1888478     
 0.1075000      0.2366225     
 0.1091667      0.2340823     
 0.1108333      0.1986465     
 0.1125000      0.1294933     
 0.1141667      0.5921718E-01 
 0.1158333      0.7994725E-01 
 0.1175000      0.1384041     
 0.1191667      0.1691159     
 0.1208333      0.1625173     
 0.1225000      0.1319161     
 0.1241667      0.7195234E-01 
 0.1258333      0.6141265E-01 
 0.1275000      0.8778022E-01 
 0.1291667      0.1414990     
 0.1308333      0.1674170     
 0.1325000      0.1616996     
 0.1341667      0.8552199E-01 
 0.1358333      0.4828339E-01 
 0.1375000      0.8848226E-01 
 0.1391667      0.9886242E-01 
 0.1408333      0.1281421     
 0.1425000      0.9916082E-01 
 0.1441667      0.6631573E-01 
 0.1458333      0.4182891E-01 
 0.1475000      0.5535286E-01 
 0.1491667      0.1107797     
 0.1508333      0.9752680E-01 
 0.1525000      0.7926735E-01 
 0.1541667      0.6272072E-01 
 0.1558333      0.6013406E-01 
 0.1575000      0.1138826     
 0.1591667      0.6965343E-01 
 0.1608333      0.6088582E-01 
 0.1625000      0.5551681E-01 
 0.1641667      0.6860031E-01 
 0.1658333      0.9211481E-01 
