# SumMovie FRC for input stack : stack16.mrc
# Number of micrographs: 1
# Number of frames per movie: 50
# Pixel size (A): 3.0000
# 1/(A)          FRC
# -----------------------
# 
# Micrograph 1 of 1. Score: .539
 0.8333334E-03  0.9999994     
 0.2500000E-02  0.9671990     
 0.4166666E-02  0.9454284     
 0.5833333E-02  0.9119985     
 0.7499999E-02  0.8964850     
 0.9166666E-02  0.8416505     
 0.1083333E-01  0.7764570     
 0.1250000E-01  0.8837805     
 0.1416667E-01  0.9354940     
 0.1583333E-01  0.9656597     
 0.1750000E-01  0.9459265     
 0.1916667E-01  0.7766287     
 0.2083333E-01  0.8032810     
 0.2250000E-01  0.9022731     
 0.2416667E-01  0.9431026     
 0.2583333E-01  0.9340009     
 0.2750000E-01  0.8306041     
 0.2916667E-01  0.7047285     
 0.3083333E-01  0.7534734     
 0.3250000E-01  0.7967523     
 0.3416666E-01  0.7327190     
 0.3583334E-01  0.6065689     
 0.3750000E-01  0.4400575     
 0.3916667E-01  0.3797069     
 0.4083334E-01  0.2927860     
 0.4250000E-01  0.1239139     
 0.4416666E-01  0.1221802     
 0.4583333E-01  0.8601557E-01 
 0.4750000E-01  0.1488968     
 0.4916666E-01  0.2699195     
 0.5083333E-01  0.3440811     
 0.5250000E-01  0.3902477     
 0.5416667E-01  0.3813334     
 0.5583333E-01  0.4241539     
 0.5750000E-01  0.3616105     
 0.5916666E-01  0.2794470     
 0.6083334E-01  0.1849172     
 0.6250000E-01  0.8336057E-01 
 0.6416667E-01  0.1066959     
 0.6583333E-01  0.1401624     
 0.6750000E-01  0.2105864     
 0.6916667E-01  0.3144727     
 0.7083333E-01  0.4073994     
 0.7250000E-01  0.3707817     
 0.7416667E-01  0.3057981     
 0.7583334E-01  0.1828414     
 0.7749999E-01  0.1193677     
 0.7916667E-01  0.9620152E-01 
 0.8083334E-01  0.2515483     
 0.8250000E-01  0.2766123     
 0.8416667E-01  0.3626631     
 0.8583333E-01  0.3015648     
 0.8750000E-01  0.1895276     
 0.8916666E-01  0.1187095     
 0.9083333E-01  0.7971394E-01 
 0.9250000E-01  0.1894855     
 0.9416667E-01  0.2608944     
 0.9583333E-01  0.2804197     
 0.9750000E-01  0.2146706     
 0.9916665E-01  0.1006834     
 0.1008333      0.6364918E-01 
 0.1025000      0.1235137     
 0.1041667      0.1917844     
 0.1058333      0.2438667     
 0.1075000      0.1835182     
 0.1091667      0.1122634     
 0.1108333      0.5893451E-01 
 0.1125000      0.1423784     
 0.1141667      0.1995262     
 0.1158333      0.1911844     
 0.1175000      0.1149213     
 0.1191667      0.4961982E-01 
 0.1208333      0.9402525E-01 
 0.1225000      0.1607818     
 0.1241667      0.1744357     
 0.1258333      0.1081492     
 0.1275000      0.6791480E-01 
 0.1291667      0.9105610E-01 
 0.1308333      0.1203516     
 0.1325000      0.1349001     
 0.1341667      0.7445155E-01 
 0.1358333      0.4789915E-01 
 0.1375000      0.1126093     
 0.1391667      0.1379932     
 0.1408333      0.9440306E-01 
 0.1425000      0.7680474E-01 
 0.1441667      0.7807425E-01 
 0.1458333      0.1151258     
 0.1475000      0.9765317E-01 
 0.1491667      0.6403717E-01 
 0.1508333      0.6886944E-01 
 0.1525000      0.9965125E-01 
 0.1541667      0.8543994E-01 
 0.1558333      0.7527474E-01 
 0.1575000      0.4954137E-01 
 0.1591667      0.8595225E-01 
 0.1608333      0.9240955E-01 
 0.1625000      0.4767919E-01 
 0.1641667      0.6319275E-01 
 0.1658333      0.1345539     
