# SumMovie FRC for input stack : stack16.mrc
# Number of micrographs: 1
# Number of frames per movie: 50
# Pixel size (A): 3.0000
# 1/(A)          FRC
# -----------------------
# 
# Micrograph 1 of 1. Score: .537
 0.8333334E-03  0.9999994     
 0.2500000E-02  0.9671714     
 0.4166666E-02  0.9457287     
 0.5833333E-02  0.9116780     
 0.7499999E-02  0.8955986     
 0.9166666E-02  0.8420838     
 0.1083333E-01  0.7747972     
 0.1250000E-01  0.8819468     
 0.1416667E-01  0.9347402     
 0.1583333E-01  0.9654031     
 0.1750000E-01  0.9455835     
 0.1916667E-01  0.7731547     
 0.2083333E-01  0.8040209     
 0.2250000E-01  0.9006416     
 0.2416667E-01  0.9402396     
 0.2583333E-01  0.9321070     
 0.2750000E-01  0.8279132     
 0.2916667E-01  0.6981651     
 0.3083333E-01  0.7457401     
 0.3250000E-01  0.7936333     
 0.3416666E-01  0.7231632     
 0.3583334E-01  0.5956979     
 0.3750000E-01  0.4383850     
 0.3916667E-01  0.3707715     
 0.4083334E-01  0.2939207     
 0.4250000E-01  0.1184005     
 0.4416666E-01  0.1285121     
 0.4583333E-01  0.9711216E-01 
 0.4750000E-01  0.1440886     
 0.4916666E-01  0.2682782     
 0.5083333E-01  0.3408130     
 0.5250000E-01  0.3834623     
 0.5416667E-01  0.3686500     
 0.5583333E-01  0.4147079     
 0.5750000E-01  0.3611956     
 0.5916666E-01  0.2758836     
 0.6083334E-01  0.1932564     
 0.6250000E-01  0.8633775E-01 
 0.6416667E-01  0.1027461     
 0.6583333E-01  0.1403571     
 0.6750000E-01  0.2159048     
 0.6916667E-01  0.3173754     
 0.7083333E-01  0.4029525     
 0.7250000E-01  0.3581467     
 0.7416667E-01  0.2817302     
 0.7583334E-01  0.1819224     
 0.7749999E-01  0.1173469     
 0.7916667E-01  0.9592851E-01 
 0.8083334E-01  0.2423680     
 0.8250000E-01  0.2688673     
 0.8416667E-01  0.3580441     
 0.8583333E-01  0.2914634     
 0.8750000E-01  0.1858849     
 0.8916666E-01  0.1143152     
 0.9083333E-01  0.8361843E-01 
 0.9250000E-01  0.1900382     
 0.9416667E-01  0.2526659     
 0.9583333E-01  0.2812584     
 0.9750000E-01  0.2199130     
 0.9916665E-01  0.1065508     
 0.1008333      0.7783783E-01 
 0.1025000      0.1281639     
 0.1041667      0.1839200     
 0.1058333      0.2420358     
 0.1075000      0.1781688     
 0.1091667      0.1158494     
 0.1108333      0.4624704E-01 
 0.1125000      0.1429016     
 0.1141667      0.1843314     
 0.1158333      0.1798323     
 0.1175000      0.1124739     
 0.1191667      0.5893271E-01 
 0.1208333      0.9186757E-01 
 0.1225000      0.1579929     
 0.1241667      0.1687330     
 0.1258333      0.1096580     
 0.1275000      0.7672615E-01 
 0.1291667      0.8938519E-01 
 0.1308333      0.1335436     
 0.1325000      0.1357279     
 0.1341667      0.8538871E-01 
 0.1358333      0.4205544E-01 
 0.1375000      0.1023668     
 0.1391667      0.1403067     
 0.1408333      0.1116593     
 0.1425000      0.6488591E-01 
 0.1441667      0.8670448E-01 
 0.1458333      0.1072824     
 0.1475000      0.1016841     
 0.1491667      0.7191178E-01 
 0.1508333      0.6452776E-01 
 0.1525000      0.1017038     
 0.1541667      0.9438119E-01 
 0.1558333      0.7124947E-01 
 0.1575000      0.4997928E-01 
 0.1591667      0.8936118E-01 
 0.1608333      0.9910426E-01 
 0.1625000      0.4720709E-01 
 0.1641667      0.6183527E-01 
 0.1658333      0.1352551     
