# SumMovie FRC for input stack : stack16.mrc
# Number of micrographs: 1
# Number of frames per movie: 50
# Pixel size (A): 3.0000
# 1/(A)          FRC
# -----------------------
# 
# Micrograph 1 of 1. Score: .527
 0.8333334E-03  0.9999994     
 0.2500000E-02  0.9669448     
 0.4166666E-02  0.9458786     
 0.5833333E-02  0.9107885     
 0.7499999E-02  0.8942052     
 0.9166666E-02  0.8408942     
 0.1083333E-01  0.7709763     
 0.1250000E-01  0.8779724     
 0.1416667E-01  0.9330827     
 0.1583333E-01  0.9634025     
 0.1750000E-01  0.9430851     
 0.1916667E-01  0.7631651     
 0.2083333E-01  0.7986779     
 0.2250000E-01  0.8910177     
 0.2416667E-01  0.9329898     
 0.2583333E-01  0.9235383     
 0.2750000E-01  0.8106897     
 0.2916667E-01  0.6756710     
 0.3083333E-01  0.7284741     
 0.3250000E-01  0.7733079     
 0.3416666E-01  0.6939434     
 0.3583334E-01  0.5499157     
 0.3750000E-01  0.4232906     
 0.3916667E-01  0.3580624     
 0.4083334E-01  0.2921385     
 0.4250000E-01  0.1155249     
 0.4416666E-01  0.1226920     
 0.4583333E-01  0.1082096     
 0.4750000E-01  0.1371268     
 0.4916666E-01  0.2680110     
 0.5083333E-01  0.3251766     
 0.5250000E-01  0.3517680     
 0.5416667E-01  0.3534317     
 0.5583333E-01  0.3999629     
 0.5750000E-01  0.3374065     
 0.5916666E-01  0.2593881     
 0.6083334E-01  0.1676393     
 0.6250000E-01  0.9161574E-01 
 0.6416667E-01  0.1171616     
 0.6583333E-01  0.1392156     
 0.6750000E-01  0.1833373     
 0.6916667E-01  0.2924560     
 0.7083333E-01  0.3796467     
 0.7250000E-01  0.3281404     
 0.7416667E-01  0.2630514     
 0.7583334E-01  0.1605342     
 0.7749999E-01  0.1124561     
 0.7916667E-01  0.9104303E-01 
 0.8083334E-01  0.2407068     
 0.8250000E-01  0.2385900     
 0.8416667E-01  0.3175228     
 0.8583333E-01  0.2720381     
 0.8750000E-01  0.1814517     
 0.8916666E-01  0.1181666     
 0.9083333E-01  0.9857425E-01 
 0.9250000E-01  0.1842096     
 0.9416667E-01  0.2370721     
 0.9583333E-01  0.2463856     
 0.9750000E-01  0.2010690     
 0.9916665E-01  0.1302050     
 0.1008333      0.1121527     
 0.1025000      0.1330598     
 0.1041667      0.1867095     
 0.1058333      0.2212031     
 0.1075000      0.1841827     
 0.1091667      0.1279598     
 0.1108333      0.6855675E-01 
 0.1125000      0.1539032     
 0.1141667      0.1830637     
 0.1158333      0.1738456     
 0.1175000      0.1359946     
 0.1191667      0.8592655E-01 
 0.1208333      0.1177217     
 0.1225000      0.1502829     
 0.1241667      0.1739505     
 0.1258333      0.1275288     
 0.1275000      0.9205016E-01 
 0.1291667      0.1184857     
 0.1308333      0.1368205     
 0.1325000      0.1361978     
 0.1341667      0.1128579     
 0.1358333      0.7513740E-01 
 0.1375000      0.1326040     
 0.1391667      0.1381565     
 0.1408333      0.1438507     
 0.1425000      0.1024268     
 0.1441667      0.1209798     
 0.1458333      0.1204896     
 0.1475000      0.1187786     
 0.1491667      0.1228572     
 0.1508333      0.9605914E-01 
 0.1525000      0.1340713     
 0.1541667      0.1159573     
 0.1558333      0.9996079E-01 
 0.1575000      0.9668226E-01 
 0.1591667      0.1080069     
 0.1608333      0.1232601     
 0.1625000      0.7307622E-01 
 0.1641667      0.9841558E-01 
 0.1658333      0.1362737     
