# SumMovie FRC for input stack : stack6.mrc
# Number of micrographs: 1
# Number of frames per movie: 50
# Pixel size (A): 3.0000
# 1/(A)          FRC
# -----------------------
# 
# Micrograph 1 of 1. Score: .592
 0.8333334E-03  0.9999999     
 0.2500000E-02  0.9513115     
 0.4166666E-02  0.9319936     
 0.5833333E-02  0.8474212     
 0.7499999E-02  0.8653737     
 0.9166666E-02  0.6789867     
 0.1083333E-01  0.6589352     
 0.1250000E-01  0.8497663     
 0.1416667E-01  0.8880072     
 0.1583333E-01  0.9352836     
 0.1750000E-01  0.8941451     
 0.1916667E-01  0.6001455     
 0.2083333E-01  0.6727882     
 0.2250000E-01  0.8428078     
 0.2416667E-01  0.9027745     
 0.2583333E-01  0.8568565     
 0.2750000E-01  0.7349806     
 0.2916667E-01  0.6253309     
 0.3083333E-01  0.6977569     
 0.3250000E-01  0.7291062     
 0.3416666E-01  0.7025321     
 0.3583334E-01  0.6002858     
 0.3750000E-01  0.5392206     
 0.3916667E-01  0.5312389     
 0.4083334E-01  0.5740889     
 0.4250000E-01  0.4569750     
 0.4416666E-01  0.3951327     
 0.4583333E-01  0.3628976     
 0.4750000E-01  0.3012657     
 0.4916666E-01  0.2240672     
 0.5083333E-01  0.1341058     
 0.5250000E-01  0.1160306     
 0.5416667E-01  0.6246126E-01 
 0.5583333E-01  0.9802043E-01 
 0.5750000E-01  0.1224742     
 0.5916666E-01  0.1978522     
 0.6083334E-01  0.2701623     
 0.6250000E-01  0.2908055     
 0.6416667E-01  0.3457375     
 0.6583333E-01  0.3754794     
 0.6750000E-01  0.3505047     
 0.6916667E-01  0.3468262     
 0.7083333E-01  0.2891379     
 0.7250000E-01  0.2208798     
 0.7416667E-01  0.1239792     
 0.7583334E-01  0.8006664E-01 
 0.7749999E-01  0.6591897E-01 
 0.7916667E-01  0.7885785E-01 
 0.8083334E-01  0.1861476     
 0.8250000E-01  0.2308113     
 0.8416667E-01  0.3004599     
 0.8583333E-01  0.3117071     
 0.8750000E-01  0.2923011     
 0.8916666E-01  0.2429562     
 0.9083333E-01  0.1637699     
 0.9250000E-01  0.8390968E-01 
 0.9416667E-01  0.4747648E-01 
 0.9583333E-01  0.8533422E-01 
 0.9750000E-01  0.8864597E-01 
 0.9916665E-01  0.1448367     
 0.1008333      0.2155798     
 0.1025000      0.2373516     
 0.1041667      0.1736553     
 0.1058333      0.1472527     
 0.1075000      0.8175539E-01 
 0.1091667      0.7373573E-01 
 0.1108333      0.4391196E-01 
 0.1125000      0.8742419E-01 
 0.1141667      0.1418301     
 0.1158333      0.1921345     
 0.1175000      0.1753185     
 0.1191667      0.1319318     
 0.1208333      0.4103146E-01 
 0.1225000      0.4415439E-01 
 0.1241667      0.4292648E-01 
 0.1258333      0.1053349     
 0.1275000      0.1234155     
 0.1291667      0.1310065     
 0.1308333      0.1107215     
 0.1325000      0.6106155E-01 
 0.1341667      0.5440093E-01 
 0.1358333      0.7771932E-01 
 0.1375000      0.7039139E-01 
 0.1391667      0.1084999     
 0.1408333      0.9211499E-01 
 0.1425000      0.7437957E-01 
 0.1441667      0.5919697E-01 
 0.1458333      0.4355267E-01 
 0.1475000      0.4982597E-01 
 0.1491667      0.7974228E-01 
 0.1508333      0.9435240E-01 
 0.1525000      0.6735280E-01 
 0.1541667      0.4991726E-01 
 0.1558333      0.3837186E-01 
 0.1575000      0.7460672E-01 
 0.1591667      0.8126532E-01 
 0.1608333      0.7605627E-01 
 0.1625000      0.7801140E-01 
 0.1641667      0.5357364E-01 
 0.1658333      0.2886259E-01 
