# SumMovie FRC for input stack : stack16.mrc
# Number of micrographs: 1
# Number of frames per movie: 50
# Pixel size (A): 3.0000
# 1/(A)          FRC
# -----------------------
# 
# Micrograph 1 of 1. Score: .533
 0.8333334E-03  0.9999994     
 0.2500000E-02  0.9671323     
 0.4166666E-02  0.9458755     
 0.5833333E-02  0.9114801     
 0.7499999E-02  0.8949628     
 0.9166666E-02  0.8419216     
 0.1083333E-01  0.7737843     
 0.1250000E-01  0.8804885     
 0.1416667E-01  0.9340820     
 0.1583333E-01  0.9649072     
 0.1750000E-01  0.9449909     
 0.1916667E-01  0.7698472     
 0.2083333E-01  0.8034610     
 0.2250000E-01  0.8982500     
 0.2416667E-01  0.9381294     
 0.2583333E-01  0.9298967     
 0.2750000E-01  0.8239258     
 0.2916667E-01  0.6923042     
 0.3083333E-01  0.7405108     
 0.3250000E-01  0.7888427     
 0.3416666E-01  0.7136585     
 0.3583334E-01  0.5852206     
 0.3750000E-01  0.4334671     
 0.3916667E-01  0.3635854     
 0.4083334E-01  0.2954762     
 0.4250000E-01  0.1143130     
 0.4416666E-01  0.1245744     
 0.4583333E-01  0.9926726E-01 
 0.4750000E-01  0.1362898     
 0.4916666E-01  0.2715104     
 0.5083333E-01  0.3406647     
 0.5250000E-01  0.3763566     
 0.5416667E-01  0.3686389     
 0.5583333E-01  0.4153172     
 0.5750000E-01  0.3586683     
 0.5916666E-01  0.2698640     
 0.6083334E-01  0.1907195     
 0.6250000E-01  0.8647378E-01 
 0.6416667E-01  0.1012588     
 0.6583333E-01  0.1413074     
 0.6750000E-01  0.2140190     
 0.6916667E-01  0.3140235     
 0.7083333E-01  0.4028236     
 0.7250000E-01  0.3505985     
 0.7416667E-01  0.2809225     
 0.7583334E-01  0.1760759     
 0.7749999E-01  0.1079366     
 0.7916667E-01  0.9025405E-01 
 0.8083334E-01  0.2438342     
 0.8250000E-01  0.2677092     
 0.8416667E-01  0.3486797     
 0.8583333E-01  0.2899054     
 0.8750000E-01  0.1832844     
 0.8916666E-01  0.1068140     
 0.9083333E-01  0.7415535E-01 
 0.9250000E-01  0.1809759     
 0.9416667E-01  0.2428766     
 0.9583333E-01  0.2788199     
 0.9750000E-01  0.2194823     
 0.9916665E-01  0.1045771     
 0.1008333      0.7741366E-01 
 0.1025000      0.1229159     
 0.1041667      0.1819212     
 0.1058333      0.2336987     
 0.1075000      0.1866412     
 0.1091667      0.1189152     
 0.1108333      0.4368286E-01 
 0.1125000      0.1480716     
 0.1141667      0.1809137     
 0.1158333      0.1812183     
 0.1175000      0.1159537     
 0.1191667      0.6471131E-01 
 0.1208333      0.8748335E-01 
 0.1225000      0.1538084     
 0.1241667      0.1641867     
 0.1258333      0.1154959     
 0.1275000      0.7518984E-01 
 0.1291667      0.8745923E-01 
 0.1308333      0.1425704     
 0.1325000      0.1367285     
 0.1341667      0.8837301E-01 
 0.1358333      0.5132888E-01 
 0.1375000      0.9961830E-01 
 0.1391667      0.1260567     
 0.1408333      0.1093939     
 0.1425000      0.6796213E-01 
 0.1441667      0.8474205E-01 
 0.1458333      0.1097573     
 0.1475000      0.1010512     
 0.1491667      0.8116794E-01 
 0.1508333      0.8288292E-01 
 0.1525000      0.1117008     
 0.1541667      0.9802339E-01 
 0.1558333      0.7853685E-01 
 0.1575000      0.5228844E-01 
 0.1591667      0.9341996E-01 
 0.1608333      0.9608594E-01 
 0.1625000      0.4735098E-01 
 0.1641667      0.5737257E-01 
 0.1658333      0.1359250     
