# SumMovie FRC for input stack : stack1.mrc
# Number of micrographs: 1
# Number of frames per movie: 50
# Pixel size (A): 3.0000
# 1/(A)          FRC
# -----------------------
# 
# Micrograph 1 of 1. Score: .535
 0.8333334E-03  0.9999990     
 0.2500000E-02  0.9744267     
 0.4166666E-02  0.9567683     
 0.5833333E-02  0.9213988     
 0.7499999E-02  0.9031531     
 0.9166666E-02  0.7486475     
 0.1083333E-01  0.7187370     
 0.1250000E-01  0.8496937     
 0.1416667E-01  0.9167765     
 0.1583333E-01  0.9192445     
 0.1750000E-01  0.8707641     
 0.1916667E-01  0.6678619     
 0.2083333E-01  0.7561455     
 0.2250000E-01  0.8649116     
 0.2416667E-01  0.9001840     
 0.2583333E-01  0.8676800     
 0.2750000E-01  0.7349886     
 0.2916667E-01  0.6293552     
 0.3083333E-01  0.7012002     
 0.3250000E-01  0.7293120     
 0.3416666E-01  0.6747098     
 0.3583334E-01  0.5349059     
 0.3750000E-01  0.4684105     
 0.3916667E-01  0.4427912     
 0.4083334E-01  0.4470448     
 0.4250000E-01  0.3805473     
 0.4416666E-01  0.2387655     
 0.4583333E-01  0.1424020     
 0.4750000E-01  0.1729114     
 0.4916666E-01  0.8881221E-01 
 0.5083333E-01  0.6260411E-01 
 0.5250000E-01  0.7424465E-01 
 0.5416667E-01  0.1035925     
 0.5583333E-01  0.1851967     
 0.5750000E-01  0.2301767     
 0.5916666E-01  0.3233962     
 0.6083334E-01  0.3275409     
 0.6250000E-01  0.3103009     
 0.6416667E-01  0.2716586     
 0.6583333E-01  0.2581882     
 0.6750000E-01  0.1548594     
 0.6916667E-01  0.1122868     
 0.7083333E-01  0.7964095E-01 
 0.7250000E-01  0.5938527E-01 
 0.7416667E-01  0.9248792E-01 
 0.7583334E-01  0.1490207     
 0.7749999E-01  0.2391902     
 0.7916667E-01  0.2919876     
 0.8083334E-01  0.2789628     
 0.8250000E-01  0.2752350     
 0.8416667E-01  0.2057360     
 0.8583333E-01  0.1121612     
 0.8750000E-01  0.4758015E-01 
 0.8916666E-01  0.4603432E-01 
 0.9083333E-01  0.1216421     
 0.9250000E-01  0.1743881     
 0.9416667E-01  0.2236753     
 0.9583333E-01  0.2345387     
 0.9750000E-01  0.1852469     
 0.9916665E-01  0.1177400     
 0.1008333      0.6506471E-01 
 0.1025000      0.5914102E-01 
 0.1041667      0.9996676E-01 
 0.1058333      0.1463588     
 0.1075000      0.1543109     
 0.1091667      0.1614468     
 0.1108333      0.1069812     
 0.1125000      0.1239655     
 0.1141667      0.4693012E-01 
 0.1158333      0.4222241E-01 
 0.1175000      0.9030517E-01 
 0.1191667      0.1116299     
 0.1208333      0.1055321     
 0.1225000      0.1001740     
 0.1241667      0.4450076E-01 
 0.1258333      0.3695416E-01 
 0.1275000      0.5323498E-01 
 0.1291667      0.1005956     
 0.1308333      0.1188295     
 0.1325000      0.6215632E-01 
 0.1341667      0.4442071E-01 
 0.1358333      0.3491519E-01 
 0.1375000      0.7929000E-01 
 0.1391667      0.6794946E-01 
 0.1408333      0.7837050E-01 
 0.1425000      0.6445826E-01 
 0.1441667      0.2376107E-01 
 0.1458333      0.4596113E-01 
 0.1475000      0.7937720E-01 
 0.1491667      0.7027107E-01 
 0.1508333      0.6391918E-01 
 0.1525000      0.4878765E-01 
 0.1541667      0.4849591E-01 
 0.1558333      0.6332151E-01 
 0.1575000      0.3821921E-01 
 0.1591667      0.2601689E-01 
 0.1608333      0.4042473E-01 
 0.1625000      0.5525867E-01 
 0.1641667      0.4746059E-01 
 0.1658333      0.2611655E-01 
