# SumMovie FRC for input stack : stack6.mrc
# Number of micrographs: 1
# Number of frames per movie: 50
# Pixel size (A): 3.0000
# 1/(A)          FRC
# -----------------------
# 
# Micrograph 1 of 1. Score: .567
 0.8333334E-03  0.9999999     
 0.2500000E-02  0.9513131     
 0.4166666E-02  0.9316456     
 0.5833333E-02  0.8460757     
 0.7499999E-02  0.8644745     
 0.9166666E-02  0.6711199     
 0.1083333E-01  0.6525344     
 0.1250000E-01  0.8451943     
 0.1416667E-01  0.8813963     
 0.1583333E-01  0.9298034     
 0.1750000E-01  0.8892424     
 0.1916667E-01  0.5986744     
 0.2083333E-01  0.6567943     
 0.2250000E-01  0.8235458     
 0.2416667E-01  0.8876653     
 0.2583333E-01  0.8384694     
 0.2750000E-01  0.7142887     
 0.2916667E-01  0.6057765     
 0.3083333E-01  0.6642928     
 0.3250000E-01  0.7071959     
 0.3416666E-01  0.6751021     
 0.3583334E-01  0.5648129     
 0.3750000E-01  0.5094104     
 0.3916667E-01  0.4921797     
 0.4083334E-01  0.5197035     
 0.4250000E-01  0.4260930     
 0.4416666E-01  0.3618585     
 0.4583333E-01  0.3237288     
 0.4750000E-01  0.2785112     
 0.4916666E-01  0.2052492     
 0.5083333E-01  0.1187134     
 0.5250000E-01  0.1474055     
 0.5416667E-01  0.9307854E-01 
 0.5583333E-01  0.1358125     
 0.5750000E-01  0.1294859     
 0.5916666E-01  0.2006056     
 0.6083334E-01  0.2584085     
 0.6250000E-01  0.2835734     
 0.6416667E-01  0.3161546     
 0.6583333E-01  0.3151274     
 0.6750000E-01  0.3236351     
 0.6916667E-01  0.3108493     
 0.7083333E-01  0.2568910     
 0.7250000E-01  0.2094182     
 0.7416667E-01  0.1465513     
 0.7583334E-01  0.1030538     
 0.7749999E-01  0.8769394E-01 
 0.7916667E-01  0.1037985     
 0.8083334E-01  0.1701475     
 0.8250000E-01  0.2068239     
 0.8416667E-01  0.2567770     
 0.8583333E-01  0.2798442     
 0.8750000E-01  0.2555031     
 0.8916666E-01  0.2581755     
 0.9083333E-01  0.1291746     
 0.9250000E-01  0.1345274     
 0.9416667E-01  0.9056453E-01 
 0.9583333E-01  0.1347394     
 0.9750000E-01  0.1383653     
 0.9916665E-01  0.1722111     
 0.1008333      0.1885140     
 0.1025000      0.2034809     
 0.1041667      0.2008850     
 0.1058333      0.1407532     
 0.1075000      0.1155563     
 0.1091667      0.6859811E-01 
 0.1108333      0.8828343E-01 
 0.1125000      0.1463662     
 0.1141667      0.1680081     
 0.1158333      0.1996409     
 0.1175000      0.1682196     
 0.1191667      0.1465336     
 0.1208333      0.1142826     
 0.1225000      0.8356772E-01 
 0.1241667      0.1104637     
 0.1258333      0.1085848     
 0.1275000      0.1624943     
 0.1291667      0.1467069     
 0.1308333      0.1527919     
 0.1325000      0.7846649E-01 
 0.1341667      0.7164960E-01 
 0.1358333      0.1202095     
 0.1375000      0.1063050     
 0.1391667      0.1077587     
 0.1408333      0.1323643     
 0.1425000      0.1101971     
 0.1441667      0.9523703E-01 
 0.1458333      0.9593519E-01 
 0.1475000      0.1115371     
 0.1491667      0.1335475     
 0.1508333      0.1423701     
 0.1525000      0.1196071     
 0.1541667      0.8088676E-01 
 0.1558333      0.1126848     
 0.1575000      0.1005171     
 0.1591667      0.1167763     
 0.1608333      0.1381019     
 0.1625000      0.1052576     
 0.1641667      0.9455024E-01 
 0.1658333      0.7940577E-01 
