# SumMovie FRC for input stack : stack1.mrc
# Number of micrographs: 1
# Number of frames per movie: 50
# Pixel size (A): 3.0000
# 1/(A)          FRC
# -----------------------
# 
# Micrograph 1 of 1. Score: .503
 0.8333334E-03  0.9999990     
 0.2500000E-02  0.9744914     
 0.4166666E-02  0.9566899     
 0.5833333E-02  0.9213434     
 0.7499999E-02  0.9022328     
 0.9166666E-02  0.7416620     
 0.1083333E-01  0.7097577     
 0.1250000E-01  0.8383654     
 0.1416667E-01  0.9086842     
 0.1583333E-01  0.9126726     
 0.1750000E-01  0.8565535     
 0.1916667E-01  0.6380333     
 0.2083333E-01  0.7302393     
 0.2250000E-01  0.8441925     
 0.2416667E-01  0.8818398     
 0.2583333E-01  0.8395891     
 0.2750000E-01  0.6877272     
 0.2916667E-01  0.5553855     
 0.3083333E-01  0.6526057     
 0.3250000E-01  0.6577704     
 0.3416666E-01  0.6009543     
 0.3583334E-01  0.4824891     
 0.3750000E-01  0.4264298     
 0.3916667E-01  0.3763672     
 0.4083334E-01  0.3735636     
 0.4250000E-01  0.3357926     
 0.4416666E-01  0.2142539     
 0.4583333E-01  0.1410066     
 0.4750000E-01  0.1877260     
 0.4916666E-01  0.1114818     
 0.5083333E-01  0.9663101E-01 
 0.5250000E-01  0.1023133     
 0.5416667E-01  0.1144046     
 0.5583333E-01  0.1694475     
 0.5750000E-01  0.2194762     
 0.5916666E-01  0.2446147     
 0.6083334E-01  0.2807602     
 0.6250000E-01  0.2388121     
 0.6416667E-01  0.2365770     
 0.6583333E-01  0.2244296     
 0.6750000E-01  0.1420792     
 0.6916667E-01  0.1539494     
 0.7083333E-01  0.1243081     
 0.7250000E-01  0.7360590E-01 
 0.7416667E-01  0.9338167E-01 
 0.7583334E-01  0.1423710     
 0.7749999E-01  0.1941549     
 0.7916667E-01  0.2076094     
 0.8083334E-01  0.2086010     
 0.8250000E-01  0.2055732     
 0.8416667E-01  0.1653000     
 0.8583333E-01  0.1063364     
 0.8750000E-01  0.6357575E-01 
 0.8916666E-01  0.2871037E-01 
 0.9083333E-01  0.1040662     
 0.9250000E-01  0.1294682     
 0.9416667E-01  0.1771206     
 0.9583333E-01  0.1840640     
 0.9750000E-01  0.1566869     
 0.9916665E-01  0.9965828E-01 
 0.1008333      0.8918841E-01 
 0.1025000      0.4244066E-01 
 0.1041667      0.1116377     
 0.1058333      0.1535048     
 0.1075000      0.1392540     
 0.1091667      0.1409010     
 0.1108333      0.1090787     
 0.1125000      0.1146475     
 0.1141667      0.7589220E-01 
 0.1158333      0.4914226E-01 
 0.1175000      0.7714381E-01 
 0.1191667      0.1021537     
 0.1208333      0.1044256     
 0.1225000      0.6316059E-01 
 0.1241667      0.8203021E-01 
 0.1258333      0.5494690E-01 
 0.1275000      0.4265911E-01 
 0.1291667      0.1186049     
 0.1308333      0.9770870E-01 
 0.1325000      0.8675555E-01 
 0.1341667      0.3457374E-01 
 0.1358333      0.6360257E-01 
 0.1375000      0.7028367E-01 
 0.1391667      0.7742498E-01 
 0.1408333      0.9593843E-01 
 0.1425000      0.5622041E-01 
 0.1441667      0.4484482E-01 
 0.1458333      0.6979396E-01 
 0.1475000      0.9233731E-01 
 0.1491667      0.5714628E-01 
 0.1508333      0.5540720E-01 
 0.1525000      0.4126022E-01 
 0.1541667      0.4573617E-01 
 0.1558333      0.5019534E-01 
 0.1575000      0.6750377E-01 
 0.1591667      0.3089908E-01 
 0.1608333      0.7140143E-01 
 0.1625000      0.4383276E-01 
 0.1641667      0.6819266E-01 
 0.1658333      0.4774823E-01 
