# SumMovie FRC for input stack : stack16.mrc
# Number of micrographs: 1
# Number of frames per movie: 50
# Pixel size (A): 3.0000
# 1/(A)          FRC
# -----------------------
# 
# Micrograph 1 of 1. Score: .527
 0.8333334E-03  0.9999994     
 0.2500000E-02  0.9669638     
 0.4166666E-02  0.9458917     
 0.5833333E-02  0.9108555     
 0.7499999E-02  0.8942505     
 0.9166666E-02  0.8409793     
 0.1083333E-01  0.7711799     
 0.1250000E-01  0.8781590     
 0.1416667E-01  0.9331660     
 0.1583333E-01  0.9635082     
 0.1750000E-01  0.9432516     
 0.1916667E-01  0.7637241     
 0.2083333E-01  0.7991443     
 0.2250000E-01  0.8916237     
 0.2416667E-01  0.9334671     
 0.2583333E-01  0.9241837     
 0.2750000E-01  0.8119624     
 0.2916667E-01  0.6772469     
 0.3083333E-01  0.7296054     
 0.3250000E-01  0.7747580     
 0.3416666E-01  0.6954058     
 0.3583334E-01  0.5529430     
 0.3750000E-01  0.4240634     
 0.3916667E-01  0.3585482     
 0.4083334E-01  0.2935751     
 0.4250000E-01  0.1150765     
 0.4416666E-01  0.1227579     
 0.4583333E-01  0.1074528     
 0.4750000E-01  0.1371227     
 0.4916666E-01  0.2690827     
 0.5083333E-01  0.3274930     
 0.5250000E-01  0.3546917     
 0.5416667E-01  0.3552281     
 0.5583333E-01  0.4022576     
 0.5750000E-01  0.3403065     
 0.5916666E-01  0.2609167     
 0.6083334E-01  0.1707780     
 0.6250000E-01  0.9127752E-01 
 0.6416667E-01  0.1155669     
 0.6583333E-01  0.1405520     
 0.6750000E-01  0.1863730     
 0.6916667E-01  0.2953581     
 0.7083333E-01  0.3838453     
 0.7250000E-01  0.3299888     
 0.7416667E-01  0.2658865     
 0.7583334E-01  0.1621859     
 0.7749999E-01  0.1126103     
 0.7916667E-01  0.9180343E-01 
 0.8083334E-01  0.2429820     
 0.8250000E-01  0.2426353     
 0.8416667E-01  0.3214116     
 0.8583333E-01  0.2745948     
 0.8750000E-01  0.1828986     
 0.8916666E-01  0.1175276     
 0.9083333E-01  0.9913129E-01 
 0.9250000E-01  0.1842774     
 0.9416667E-01  0.2385122     
 0.9583333E-01  0.2502872     
 0.9750000E-01  0.2031475     
 0.9916665E-01  0.1289664     
 0.1008333      0.1098470     
 0.1025000      0.1338399     
 0.1041667      0.1885215     
 0.1058333      0.2246454     
 0.1075000      0.1857546     
 0.1091667      0.1293254     
 0.1108333      0.6909437E-01 
 0.1125000      0.1539289     
 0.1141667      0.1834393     
 0.1158333      0.1732659     
 0.1175000      0.1365885     
 0.1191667      0.8859392E-01 
 0.1208333      0.1169339     
 0.1225000      0.1503958     
 0.1241667      0.1733143     
 0.1258333      0.1285722     
 0.1275000      0.9186980E-01 
 0.1291667      0.1149230     
 0.1308333      0.1383747     
 0.1325000      0.1363060     
 0.1341667      0.1118274     
 0.1358333      0.7228971E-01 
 0.1375000      0.1285356     
 0.1391667      0.1368293     
 0.1408333      0.1410208     
 0.1425000      0.9872343E-01 
 0.1441667      0.1200142     
 0.1458333      0.1202506     
 0.1475000      0.1171108     
 0.1491667      0.1223705     
 0.1508333      0.9763106E-01 
 0.1525000      0.1299777     
 0.1541667      0.1160016     
 0.1558333      0.9788264E-01 
 0.1575000      0.9534401E-01 
 0.1591667      0.1087680     
 0.1608333      0.1202824     
 0.1625000      0.7272930E-01 
 0.1641667      0.9670959E-01 
 0.1658333      0.1369142     
