# SumMovie FRC for input stack : stack6.mrc
# Number of micrographs: 1
# Number of frames per movie: 50
# Pixel size (A): 3.0000
# 1/(A)          FRC
# -----------------------
# 
# Micrograph 1 of 1. Score: .582
 0.8333334E-03  0.9999999     
 0.2500000E-02  0.9514108     
 0.4166666E-02  0.9316932     
 0.5833333E-02  0.8463550     
 0.7499999E-02  0.8655694     
 0.9166666E-02  0.6743745     
 0.1083333E-01  0.6561151     
 0.1250000E-01  0.8466755     
 0.1416667E-01  0.8845913     
 0.1583333E-01  0.9323262     
 0.1750000E-01  0.8921538     
 0.1916667E-01  0.6011315     
 0.2083333E-01  0.6635467     
 0.2250000E-01  0.8317806     
 0.2416667E-01  0.8947868     
 0.2583333E-01  0.8478385     
 0.2750000E-01  0.7247646     
 0.2916667E-01  0.6214858     
 0.3083333E-01  0.6827979     
 0.3250000E-01  0.7243466     
 0.3416666E-01  0.6905012     
 0.3583334E-01  0.5849615     
 0.3750000E-01  0.5341210     
 0.3916667E-01  0.5160299     
 0.4083334E-01  0.5541553     
 0.4250000E-01  0.4447680     
 0.4416666E-01  0.3750522     
 0.4583333E-01  0.3489410     
 0.4750000E-01  0.2929020     
 0.4916666E-01  0.2182491     
 0.5083333E-01  0.1180316     
 0.5250000E-01  0.1349048     
 0.5416667E-01  0.8147585E-01 
 0.5583333E-01  0.1190973     
 0.5750000E-01  0.1285746     
 0.5916666E-01  0.2128127     
 0.6083334E-01  0.2767403     
 0.6250000E-01  0.2924898     
 0.6416667E-01  0.3459965     
 0.6583333E-01  0.3448434     
 0.6750000E-01  0.3434988     
 0.6916667E-01  0.3225626     
 0.7083333E-01  0.2793870     
 0.7250000E-01  0.2189321     
 0.7416667E-01  0.1386704     
 0.7583334E-01  0.9931115E-01 
 0.7749999E-01  0.8597863E-01 
 0.7916667E-01  0.8552882E-01 
 0.8083334E-01  0.1762783     
 0.8250000E-01  0.2186622     
 0.8416667E-01  0.2745888     
 0.8583333E-01  0.2898580     
 0.8750000E-01  0.2726653     
 0.8916666E-01  0.2462077     
 0.9083333E-01  0.1434780     
 0.9250000E-01  0.1160201     
 0.9416667E-01  0.6944356E-01 
 0.9583333E-01  0.1132064     
 0.9750000E-01  0.1095466     
 0.9916665E-01  0.1572355     
 0.1008333      0.1975975     
 0.1025000      0.2305555     
 0.1041667      0.1818524     
 0.1058333      0.1456874     
 0.1075000      0.9425479E-01 
 0.1091667      0.4910266E-01 
 0.1108333      0.7211547E-01 
 0.1125000      0.1104056     
 0.1141667      0.1697864     
 0.1158333      0.1896216     
 0.1175000      0.1512035     
 0.1191667      0.1370846     
 0.1208333      0.7174676E-01 
 0.1225000      0.5295052E-01 
 0.1241667      0.5365362E-01 
 0.1258333      0.9249689E-01 
 0.1275000      0.1359185     
 0.1291667      0.1331339     
 0.1308333      0.1196946     
 0.1325000      0.5446965E-01 
 0.1341667      0.4710383E-01 
 0.1358333      0.9090397E-01 
 0.1375000      0.7227932E-01 
 0.1391667      0.8509374E-01 
 0.1408333      0.1074643     
 0.1425000      0.9372122E-01 
 0.1441667      0.7331009E-01 
 0.1458333      0.5580029E-01 
 0.1475000      0.7306274E-01 
 0.1491667      0.9312538E-01 
 0.1508333      0.1087111     
 0.1525000      0.7653761E-01 
 0.1541667      0.4920113E-01 
 0.1558333      0.7277034E-01 
 0.1575000      0.7307927E-01 
 0.1591667      0.9445190E-01 
 0.1608333      0.8384694E-01 
 0.1625000      0.6969734E-01 
 0.1641667      0.7792589E-01 
 0.1658333      0.4043444E-01 
