# SumMovie FRC for input stack : stack16.mrc
# Number of micrographs: 1
# Number of frames per movie: 50
# Pixel size (A): 3.0000
# 1/(A)          FRC
# -----------------------
# 
# Micrograph 1 of 1. Score: .532
 0.8333334E-03  0.9999994     
 0.2500000E-02  0.9671141     
 0.4166666E-02  0.9459157     
 0.5833333E-02  0.9113773     
 0.7499999E-02  0.8947462     
 0.9166666E-02  0.8418071     
 0.1083333E-01  0.7732697     
 0.1250000E-01  0.8800436     
 0.1416667E-01  0.9339156     
 0.1583333E-01  0.9646671     
 0.1750000E-01  0.9447908     
 0.1916667E-01  0.7686874     
 0.2083333E-01  0.8029255     
 0.2250000E-01  0.8973256     
 0.2416667E-01  0.9375067     
 0.2583333E-01  0.9291342     
 0.2750000E-01  0.8225053     
 0.2916667E-01  0.6901372     
 0.3083333E-01  0.7391502     
 0.3250000E-01  0.7866776     
 0.3416666E-01  0.7101823     
 0.3583334E-01  0.5808758     
 0.3750000E-01  0.4313561     
 0.3916667E-01  0.3616847     
 0.4083334E-01  0.2964250     
 0.4250000E-01  0.1122891     
 0.4416666E-01  0.1232322     
 0.4583333E-01  0.9997670E-01 
 0.4750000E-01  0.1350567     
 0.4916666E-01  0.2718645     
 0.5083333E-01  0.3406989     
 0.5250000E-01  0.3730143     
 0.5416667E-01  0.3679295     
 0.5583333E-01  0.4156210     
 0.5750000E-01  0.3576771     
 0.5916666E-01  0.2688542     
 0.6083334E-01  0.1888133     
 0.6250000E-01  0.8818534E-01 
 0.6416667E-01  0.1008557     
 0.6583333E-01  0.1420070     
 0.6750000E-01  0.2099064     
 0.6916667E-01  0.3120846     
 0.7083333E-01  0.4036960     
 0.7250000E-01  0.3476030     
 0.7416667E-01  0.2815304     
 0.7583334E-01  0.1728426     
 0.7749999E-01  0.1072005     
 0.7916667E-01  0.9138662E-01 
 0.8083334E-01  0.2463931     
 0.8250000E-01  0.2668678     
 0.8416667E-01  0.3452728     
 0.8583333E-01  0.2894487     
 0.8750000E-01  0.1842280     
 0.8916666E-01  0.1081394     
 0.9083333E-01  0.7712968E-01 
 0.9250000E-01  0.1786717     
 0.9416667E-01  0.2437334     
 0.9583333E-01  0.2750838     
 0.9750000E-01  0.2185074     
 0.9916665E-01  0.1052093     
 0.1008333      0.7768361E-01 
 0.1025000      0.1236272     
 0.1041667      0.1835593     
 0.1058333      0.2331511     
 0.1075000      0.1878239     
 0.1091667      0.1210687     
 0.1108333      0.4500887E-01 
 0.1125000      0.1482254     
 0.1141667      0.1773207     
 0.1158333      0.1796220     
 0.1175000      0.1126633     
 0.1191667      0.7357828E-01 
 0.1208333      0.8834219E-01 
 0.1225000      0.1483872     
 0.1241667      0.1606518     
 0.1258333      0.1156370     
 0.1275000      0.7429142E-01 
 0.1291667      0.8591735E-01 
 0.1308333      0.1425942     
 0.1325000      0.1359535     
 0.1341667      0.8972384E-01 
 0.1358333      0.4869592E-01 
 0.1375000      0.9819645E-01 
 0.1391667      0.1243985     
 0.1408333      0.1115316     
 0.1425000      0.7068812E-01 
 0.1441667      0.8560910E-01 
 0.1458333      0.1097678     
 0.1475000      0.1015957     
 0.1491667      0.8242907E-01 
 0.1508333      0.8527863E-01 
 0.1525000      0.1059959     
 0.1541667      0.9057661E-01 
 0.1558333      0.8052202E-01 
 0.1575000      0.5406396E-01 
 0.1591667      0.9252869E-01 
 0.1608333      0.9863647E-01 
 0.1625000      0.5123955E-01 
 0.1641667      0.5606935E-01 
 0.1658333      0.1390746     
