# SumMovie FRC for input stack : stack6.mrc
# Number of micrographs: 1
# Number of frames per movie: 50
# Pixel size (A): 3.0000
# 1/(A)          FRC
# -----------------------
# 
# Micrograph 1 of 1. Score: .592
 0.8333334E-03  0.9999999     
 0.2500000E-02  0.9513188     
 0.4166666E-02  0.9320043     
 0.5833333E-02  0.8473996     
 0.7499999E-02  0.8653814     
 0.9166666E-02  0.6793111     
 0.1083333E-01  0.6590734     
 0.1250000E-01  0.8497124     
 0.1416667E-01  0.8880671     
 0.1583333E-01  0.9353217     
 0.1750000E-01  0.8941181     
 0.1916667E-01  0.5997861     
 0.2083333E-01  0.6726322     
 0.2250000E-01  0.8427503     
 0.2416667E-01  0.9028730     
 0.2583333E-01  0.8566437     
 0.2750000E-01  0.7347063     
 0.2916667E-01  0.6249831     
 0.3083333E-01  0.6976646     
 0.3250000E-01  0.7287872     
 0.3416666E-01  0.7022229     
 0.3583334E-01  0.6001191     
 0.3750000E-01  0.5390054     
 0.3916667E-01  0.5310541     
 0.4083334E-01  0.5733184     
 0.4250000E-01  0.4562753     
 0.4416666E-01  0.3945547     
 0.4583333E-01  0.3615144     
 0.4750000E-01  0.3002913     
 0.4916666E-01  0.2245956     
 0.5083333E-01  0.1338420     
 0.5250000E-01  0.1139302     
 0.5416667E-01  0.6144621E-01 
 0.5583333E-01  0.9622694E-01 
 0.5750000E-01  0.1225188     
 0.5916666E-01  0.1960002     
 0.6083334E-01  0.2685914     
 0.6250000E-01  0.2888448     
 0.6416667E-01  0.3449569     
 0.6583333E-01  0.3760735     
 0.6750000E-01  0.3500129     
 0.6916667E-01  0.3463074     
 0.7083333E-01  0.2873202     
 0.7250000E-01  0.2198176     
 0.7416667E-01  0.1222701     
 0.7583334E-01  0.8008867E-01 
 0.7749999E-01  0.6330533E-01 
 0.7916667E-01  0.7868081E-01 
 0.8083334E-01  0.1853034     
 0.8250000E-01  0.2306652     
 0.8416667E-01  0.3008020     
 0.8583333E-01  0.3112475     
 0.8750000E-01  0.2920254     
 0.8916666E-01  0.2410570     
 0.9083333E-01  0.1636894     
 0.9250000E-01  0.8207769E-01 
 0.9416667E-01  0.4718184E-01 
 0.9583333E-01  0.8295745E-01 
 0.9750000E-01  0.8709797E-01 
 0.9916665E-01  0.1450850     
 0.1008333      0.2152010     
 0.1025000      0.2344159     
 0.1041667      0.1739157     
 0.1058333      0.1456565     
 0.1075000      0.8084034E-01 
 0.1091667      0.7357474E-01 
 0.1108333      0.4214117E-01 
 0.1125000      0.8808301E-01 
 0.1141667      0.1401435     
 0.1158333      0.1925862     
 0.1175000      0.1759775     
 0.1191667      0.1310858     
 0.1208333      0.3924529E-01 
 0.1225000      0.4417039E-01 
 0.1241667      0.4503645E-01 
 0.1258333      0.1042406     
 0.1275000      0.1211185     
 0.1291667      0.1330122     
 0.1308333      0.1073441     
 0.1325000      0.6210777E-01 
 0.1341667      0.5508375E-01 
 0.1358333      0.7860582E-01 
 0.1375000      0.7038285E-01 
 0.1391667      0.1091941     
 0.1408333      0.9135693E-01 
 0.1425000      0.7520761E-01 
 0.1441667      0.5732801E-01 
 0.1458333      0.4467243E-01 
 0.1475000      0.4965562E-01 
 0.1491667      0.7918683E-01 
 0.1508333      0.9337160E-01 
 0.1525000      0.6668978E-01 
 0.1541667      0.5009216E-01 
 0.1558333      0.3698887E-01 
 0.1575000      0.7377326E-01 
 0.1591667      0.8032321E-01 
 0.1608333      0.7665613E-01 
 0.1625000      0.7763591E-01 
 0.1641667      0.5030596E-01 
 0.1658333      0.2880999E-01 
