# SumMovie FRC for input stack : stack1.mrc
# Number of micrographs: 1
# Number of frames per movie: 50
# Pixel size (A): 3.0000
# 1/(A)          FRC
# -----------------------
# 
# Micrograph 1 of 1. Score: .538
 0.8333334E-03  0.9999990     
 0.2500000E-02  0.9744078     
 0.4166666E-02  0.9567512     
 0.5833333E-02  0.9213717     
 0.7499999E-02  0.9030216     
 0.9166666E-02  0.7492872     
 0.1083333E-01  0.7195529     
 0.1250000E-01  0.8503017     
 0.1416667E-01  0.9173092     
 0.1583333E-01  0.9195317     
 0.1750000E-01  0.8711848     
 0.1916667E-01  0.6691593     
 0.2083333E-01  0.7580918     
 0.2250000E-01  0.8662990     
 0.2416667E-01  0.9014001     
 0.2583333E-01  0.8698331     
 0.2750000E-01  0.7380297     
 0.2916667E-01  0.6350848     
 0.3083333E-01  0.7047583     
 0.3250000E-01  0.7324918     
 0.3416666E-01  0.6771888     
 0.3583334E-01  0.5395743     
 0.3750000E-01  0.4745436     
 0.3916667E-01  0.4453701     
 0.4083334E-01  0.4492924     
 0.4250000E-01  0.3865857     
 0.4416666E-01  0.2465832     
 0.4583333E-01  0.1536557     
 0.4750000E-01  0.1735916     
 0.4916666E-01  0.8939013E-01 
 0.5083333E-01  0.5722950E-01 
 0.5250000E-01  0.7552249E-01 
 0.5416667E-01  0.1059452     
 0.5583333E-01  0.1871462     
 0.5750000E-01  0.2405634     
 0.5916666E-01  0.3279673     
 0.6083334E-01  0.3322483     
 0.6250000E-01  0.3205132     
 0.6416667E-01  0.2837002     
 0.6583333E-01  0.2689607     
 0.6750000E-01  0.1577461     
 0.6916667E-01  0.1171547     
 0.7083333E-01  0.7966801E-01 
 0.7250000E-01  0.6396485E-01 
 0.7416667E-01  0.1002962     
 0.7583334E-01  0.1531838     
 0.7749999E-01  0.2491110     
 0.7916667E-01  0.2879474     
 0.8083334E-01  0.2821373     
 0.8250000E-01  0.2854519     
 0.8416667E-01  0.2181926     
 0.8583333E-01  0.1167021     
 0.8750000E-01  0.4904979E-01 
 0.8916666E-01  0.4046359E-01 
 0.9083333E-01  0.1247361     
 0.9250000E-01  0.1775813     
 0.9416667E-01  0.2327065     
 0.9583333E-01  0.2412881     
 0.9750000E-01  0.1969098     
 0.9916665E-01  0.1128649     
 0.1008333      0.6770916E-01 
 0.1025000      0.5135285E-01 
 0.1041667      0.1188159     
 0.1058333      0.1569614     
 0.1075000      0.1609218     
 0.1091667      0.1648503     
 0.1108333      0.1177061     
 0.1125000      0.1180388     
 0.1141667      0.3716103E-01 
 0.1158333      0.5305023E-01 
 0.1175000      0.1031937     
 0.1191667      0.1093367     
 0.1208333      0.1035071     
 0.1225000      0.1000359     
 0.1241667      0.3402473E-01 
 0.1258333      0.4081095E-01 
 0.1275000      0.6006909E-01 
 0.1291667      0.1164978     
 0.1308333      0.1171839     
 0.1325000      0.6019372E-01 
 0.1341667      0.4709142E-01 
 0.1358333      0.3685898E-01 
 0.1375000      0.8635515E-01 
 0.1391667      0.6420781E-01 
 0.1408333      0.9382766E-01 
 0.1425000      0.5952771E-01 
 0.1441667      0.2816921E-01 
 0.1458333      0.4105310E-01 
 0.1475000      0.7761172E-01 
 0.1491667      0.6278115E-01 
 0.1508333      0.5684340E-01 
 0.1525000      0.4124617E-01 
 0.1541667      0.5320853E-01 
 0.1558333      0.6934188E-01 
 0.1575000      0.2819848E-01 
 0.1591667      0.2174519E-01 
 0.1608333      0.3754355E-01 
 0.1625000      0.5271044E-01 
 0.1641667      0.4329752E-01 
 0.1658333      0.3492619E-01 
