# SumMovie FRC for input stack : stack6.mrc
# Number of micrographs: 1
# Number of frames per movie: 50
# Pixel size (A): 3.0000
# 1/(A)          FRC
# -----------------------
# 
# Micrograph 1 of 1. Score: .563
 0.8333334E-03  0.9999998     
 0.2500000E-02  0.9512953     
 0.4166666E-02  0.9316357     
 0.5833333E-02  0.8460338     
 0.7499999E-02  0.8642275     
 0.9166666E-02  0.6705191     
 0.1083333E-01  0.6517268     
 0.1250000E-01  0.8448827     
 0.1416667E-01  0.8806459     
 0.1583333E-01  0.9292530     
 0.1750000E-01  0.8885820     
 0.1916667E-01  0.5977328     
 0.2083333E-01  0.6549195     
 0.2250000E-01  0.8214270     
 0.2416667E-01  0.8860957     
 0.2583333E-01  0.8361482     
 0.2750000E-01  0.7114604     
 0.2916667E-01  0.6018333     
 0.3083333E-01  0.6597673     
 0.3250000E-01  0.7024599     
 0.3416666E-01  0.6715448     
 0.3583334E-01  0.5604783     
 0.3750000E-01  0.5035197     
 0.3916667E-01  0.4859514     
 0.4083334E-01  0.5114515     
 0.4250000E-01  0.4214418     
 0.4416666E-01  0.3590125     
 0.4583333E-01  0.3178660     
 0.4750000E-01  0.2755492     
 0.4916666E-01  0.2014667     
 0.5083333E-01  0.1186169     
 0.5250000E-01  0.1489762     
 0.5416667E-01  0.9392785E-01 
 0.5583333E-01  0.1385345     
 0.5750000E-01  0.1288713     
 0.5916666E-01  0.1964486     
 0.6083334E-01  0.2524084     
 0.6250000E-01  0.2805821     
 0.6416667E-01  0.3094476     
 0.6583333E-01  0.3086595     
 0.6750000E-01  0.3185850     
 0.6916667E-01  0.3078120     
 0.7083333E-01  0.2512162     
 0.7250000E-01  0.2075531     
 0.7416667E-01  0.1472218     
 0.7583334E-01  0.1028093     
 0.7749999E-01  0.8561004E-01 
 0.7916667E-01  0.1079715     
 0.8083334E-01  0.1690939     
 0.8250000E-01  0.2051584     
 0.8416667E-01  0.2508160     
 0.8583333E-01  0.2759650     
 0.8750000E-01  0.2504319     
 0.8916666E-01  0.2590455     
 0.9083333E-01  0.1289239     
 0.9250000E-01  0.1366662     
 0.9416667E-01  0.9166177E-01 
 0.9583333E-01  0.1368244     
 0.9750000E-01  0.1407676     
 0.9916665E-01  0.1723632     
 0.1008333      0.1866464     
 0.1025000      0.2028956     
 0.1041667      0.2002145     
 0.1058333      0.1375165     
 0.1075000      0.1184247     
 0.1091667      0.7560938E-01 
 0.1108333      0.9117775E-01 
 0.1125000      0.1461543     
 0.1141667      0.1633022     
 0.1158333      0.2013272     
 0.1175000      0.1709989     
 0.1191667      0.1490040     
 0.1208333      0.1219558     
 0.1225000      0.8876847E-01 
 0.1241667      0.1150422     
 0.1258333      0.1130037     
 0.1275000      0.1676065     
 0.1291667      0.1508718     
 0.1308333      0.1604291     
 0.1325000      0.8509589E-01 
 0.1341667      0.8034516E-01 
 0.1358333      0.1215891     
 0.1375000      0.1117215     
 0.1391667      0.1117563     
 0.1408333      0.1386650     
 0.1425000      0.1114375     
 0.1441667      0.1019756     
 0.1458333      0.9994144E-01 
 0.1475000      0.1227077     
 0.1491667      0.1390276     
 0.1508333      0.1470732     
 0.1525000      0.1278365     
 0.1541667      0.8646324E-01 
 0.1558333      0.1191530     
 0.1575000      0.1081621     
 0.1591667      0.1277741     
 0.1608333      0.1428686     
 0.1625000      0.1107179     
 0.1641667      0.9987858E-01 
 0.1658333      0.8793214E-01 
