# SumMovie FRC for input stack : stack6.mrc
# Number of micrographs: 1
# Number of frames per movie: 50
# Pixel size (A): 3.0000
# 1/(A)          FRC
# -----------------------
# 
# Micrograph 1 of 1. Score: .571
 0.8333334E-03  0.9999999     
 0.2500000E-02  0.9513410     
 0.4166666E-02  0.9316441     
 0.5833333E-02  0.8461410     
 0.7499999E-02  0.8647438     
 0.9166666E-02  0.6720899     
 0.1083333E-01  0.6535411     
 0.1250000E-01  0.8456175     
 0.1416667E-01  0.8822565     
 0.1583333E-01  0.9304487     
 0.1750000E-01  0.8900582     
 0.1916667E-01  0.5994685     
 0.2083333E-01  0.6587636     
 0.2250000E-01  0.8256580     
 0.2416667E-01  0.8895369     
 0.2583333E-01  0.8408751     
 0.2750000E-01  0.7173231     
 0.2916667E-01  0.6101469     
 0.3083333E-01  0.6694244     
 0.3250000E-01  0.7126343     
 0.3416666E-01  0.6794579     
 0.3583334E-01  0.5700578     
 0.3750000E-01  0.5163301     
 0.3916667E-01  0.4987757     
 0.4083334E-01  0.5290508     
 0.4250000E-01  0.4303705     
 0.4416666E-01  0.3648317     
 0.4583333E-01  0.3306306     
 0.4750000E-01  0.2818558     
 0.4916666E-01  0.2097171     
 0.5083333E-01  0.1186647     
 0.5250000E-01  0.1456121     
 0.5416667E-01  0.9236231E-01 
 0.5583333E-01  0.1324989     
 0.5750000E-01  0.1296653     
 0.5916666E-01  0.2057974     
 0.6083334E-01  0.2646399     
 0.6250000E-01  0.2866375     
 0.6416667E-01  0.3246306     
 0.6583333E-01  0.3226897     
 0.6750000E-01  0.3301127     
 0.6916667E-01  0.3148246     
 0.7083333E-01  0.2629696     
 0.7250000E-01  0.2120896     
 0.7416667E-01  0.1465568     
 0.7583334E-01  0.1023674     
 0.7749999E-01  0.8845746E-01 
 0.7916667E-01  0.9897213E-01 
 0.8083334E-01  0.1710519     
 0.8250000E-01  0.2096848     
 0.8416667E-01  0.2635810     
 0.8583333E-01  0.2840049     
 0.8750000E-01  0.2598174     
 0.8916666E-01  0.2556377     
 0.9083333E-01  0.1315280     
 0.9250000E-01  0.1312971     
 0.9416667E-01  0.8856957E-01 
 0.9583333E-01  0.1315618     
 0.9750000E-01  0.1331206     
 0.9916665E-01  0.1692557     
 0.1008333      0.1884182     
 0.1025000      0.2082206     
 0.1041667      0.1991748     
 0.1058333      0.1421659     
 0.1075000      0.1101456     
 0.1091667      0.6048657E-01 
 0.1108333      0.8504940E-01 
 0.1125000      0.1419723     
 0.1141667      0.1714170     
 0.1158333      0.1973587     
 0.1175000      0.1623308     
 0.1191667      0.1420171     
 0.1208333      0.1038281     
 0.1225000      0.7520689E-01 
 0.1241667      0.1011301     
 0.1258333      0.1029495     
 0.1275000      0.1544689     
 0.1291667      0.1423745     
 0.1308333      0.1438072     
 0.1325000      0.7114589E-01 
 0.1341667      0.6285072E-01 
 0.1358333      0.1159591     
 0.1375000      0.9774829E-01 
 0.1391667      0.1007612     
 0.1408333      0.1250043     
 0.1425000      0.1070494     
 0.1441667      0.8567745E-01 
 0.1458333      0.8805946E-01 
 0.1475000      0.9934039E-01 
 0.1491667      0.1259579     
 0.1508333      0.1348024     
 0.1525000      0.1073000     
 0.1541667      0.7290797E-01 
 0.1558333      0.1024633     
 0.1575000      0.9125730E-01 
 0.1591667      0.1054072     
 0.1608333      0.1278192     
 0.1625000      0.9640760E-01 
 0.1641667      0.8618058E-01 
 0.1658333      0.6862187E-01 
