# SumMovie FRC for input stack : stack11.mrc
# Number of micrographs: 1
# Number of frames per movie: 50
# Pixel size (A): 3.0000
# 1/(A)          FRC
# -----------------------
# 
# Micrograph 1 of 1. Score: .572
 0.8333334E-03  0.9999998     
 0.2500000E-02  0.8501508     
 0.4166666E-02  0.8702766     
 0.5833333E-02  0.8519513     
 0.7499999E-02  0.8573785     
 0.9166666E-02  0.7366928     
 0.1083333E-01  0.6258043     
 0.1250000E-01  0.8520492     
 0.1416667E-01  0.9140161     
 0.1583333E-01  0.9437973     
 0.1750000E-01  0.9070075     
 0.1916667E-01  0.6584132     
 0.2083333E-01  0.7389214     
 0.2250000E-01  0.8749357     
 0.2416667E-01  0.9215134     
 0.2583333E-01  0.8921027     
 0.2750000E-01  0.7413306     
 0.2916667E-01  0.6402878     
 0.3083333E-01  0.7095983     
 0.3250000E-01  0.7703573     
 0.3416666E-01  0.7188153     
 0.3583334E-01  0.5883047     
 0.3750000E-01  0.5214689     
 0.3916667E-01  0.4973126     
 0.4083334E-01  0.5154975     
 0.4250000E-01  0.4003243     
 0.4416666E-01  0.3357763     
 0.4583333E-01  0.2883392     
 0.4750000E-01  0.2204911     
 0.4916666E-01  0.1080031     
 0.5083333E-01  0.7615541E-01 
 0.5250000E-01  0.1370339     
 0.5416667E-01  0.1380765     
 0.5583333E-01  0.2218993     
 0.5750000E-01  0.2956600     
 0.5916666E-01  0.3574317     
 0.6083334E-01  0.3537228     
 0.6250000E-01  0.3980535     
 0.6416667E-01  0.3875709     
 0.6583333E-01  0.3068401     
 0.6750000E-01  0.2968100     
 0.6916667E-01  0.1890263     
 0.7083333E-01  0.1115614     
 0.7250000E-01  0.8557253E-01 
 0.7416667E-01  0.1094780     
 0.7583334E-01  0.1961472     
 0.7749999E-01  0.2639909     
 0.7916667E-01  0.3096766     
 0.8083334E-01  0.3491620     
 0.8250000E-01  0.3173919     
 0.8416667E-01  0.2920759     
 0.8583333E-01  0.2041378     
 0.8750000E-01  0.9489665E-01 
 0.8916666E-01  0.7808761E-01 
 0.9083333E-01  0.1296671     
 0.9250000E-01  0.2204612     
 0.9416667E-01  0.2830961     
 0.9583333E-01  0.3024543     
 0.9750000E-01  0.2541589     
 0.9916665E-01  0.2333328     
 0.1008333      0.1129066     
 0.1025000      0.8181018E-01 
 0.1041667      0.1396453     
 0.1058333      0.2174137     
 0.1075000      0.2176411     
 0.1091667      0.2480378     
 0.1108333      0.2085551     
 0.1125000      0.1529307     
 0.1141667      0.9924603E-01 
 0.1158333      0.9372136E-01 
 0.1175000      0.1647050     
 0.1191667      0.1929311     
 0.1208333      0.1643465     
 0.1225000      0.1462717     
 0.1241667      0.9166293E-01 
 0.1258333      0.1012546     
 0.1275000      0.1113042     
 0.1291667      0.1651946     
 0.1308333      0.1635178     
 0.1325000      0.1836399     
 0.1341667      0.1097090     
 0.1358333      0.6934189E-01 
 0.1375000      0.1305385     
 0.1391667      0.1152182     
 0.1408333      0.1525484     
 0.1425000      0.1160897     
 0.1441667      0.1131191     
 0.1458333      0.1004445     
 0.1475000      0.9790809E-01 
 0.1491667      0.1200111     
 0.1508333      0.1469169     
 0.1525000      0.1083049     
 0.1541667      0.9675622E-01 
 0.1558333      0.1101213     
 0.1575000      0.1441710     
 0.1591667      0.1049706     
 0.1608333      0.1156271     
 0.1625000      0.9381079E-01 
 0.1641667      0.1236206     
 0.1658333      0.1400083     
