# SumMovie FRC for input stack : stack11.mrc
# Number of micrographs: 1
# Number of frames per movie: 50
# Pixel size (A): 3.0000
# 1/(A)          FRC
# -----------------------
# 
# Micrograph 1 of 1. Score: .577
 0.8333334E-03  0.9999998     
 0.2500000E-02  0.8505626     
 0.4166666E-02  0.8707741     
 0.5833333E-02  0.8517042     
 0.7499999E-02  0.8578253     
 0.9166666E-02  0.7372149     
 0.1083333E-01  0.6259038     
 0.1250000E-01  0.8535811     
 0.1416667E-01  0.9152831     
 0.1583333E-01  0.9441471     
 0.1750000E-01  0.9081734     
 0.1916667E-01  0.6555583     
 0.2083333E-01  0.7416306     
 0.2250000E-01  0.8761904     
 0.2416667E-01  0.9243614     
 0.2583333E-01  0.8935691     
 0.2750000E-01  0.7461209     
 0.2916667E-01  0.6508180     
 0.3083333E-01  0.7185109     
 0.3250000E-01  0.7769070     
 0.3416666E-01  0.7298574     
 0.3583334E-01  0.5949066     
 0.3750000E-01  0.5321542     
 0.3916667E-01  0.5099917     
 0.4083334E-01  0.5219651     
 0.4250000E-01  0.4078211     
 0.4416666E-01  0.3430113     
 0.4583333E-01  0.2994009     
 0.4750000E-01  0.2185108     
 0.4916666E-01  0.1053130     
 0.5083333E-01  0.7447924E-01 
 0.5250000E-01  0.1379710     
 0.5416667E-01  0.1455424     
 0.5583333E-01  0.2189282     
 0.5750000E-01  0.3002431     
 0.5916666E-01  0.3795634     
 0.6083334E-01  0.3613696     
 0.6250000E-01  0.4209902     
 0.6416667E-01  0.4041341     
 0.6583333E-01  0.3284011     
 0.6750000E-01  0.3066832     
 0.6916667E-01  0.1880863     
 0.7083333E-01  0.1088257     
 0.7250000E-01  0.7073376E-01 
 0.7416667E-01  0.1124193     
 0.7583334E-01  0.2012893     
 0.7749999E-01  0.2826525     
 0.7916667E-01  0.3242318     
 0.8083334E-01  0.3763849     
 0.8250000E-01  0.3361748     
 0.8416667E-01  0.3153445     
 0.8583333E-01  0.2105987     
 0.8750000E-01  0.1027851     
 0.8916666E-01  0.6918031E-01 
 0.9083333E-01  0.1362079     
 0.9250000E-01  0.2384288     
 0.9416667E-01  0.2952219     
 0.9583333E-01  0.3018050     
 0.9750000E-01  0.2701360     
 0.9916665E-01  0.2291903     
 0.1008333      0.1083267     
 0.1025000      0.4908445E-01 
 0.1041667      0.1170218     
 0.1058333      0.2023122     
 0.1075000      0.2401333     
 0.1091667      0.2417826     
 0.1108333      0.2048033     
 0.1125000      0.1397055     
 0.1141667      0.7129874E-01 
 0.1158333      0.8422410E-01 
 0.1175000      0.1478475     
 0.1191667      0.1788765     
 0.1208333      0.1656805     
 0.1225000      0.1386604     
 0.1241667      0.7604918E-01 
 0.1258333      0.7171975E-01 
 0.1275000      0.9140477E-01 
 0.1291667      0.1505887     
 0.1308333      0.1719424     
 0.1325000      0.1679967     
 0.1341667      0.9221178E-01 
 0.1358333      0.5564995E-01 
 0.1375000      0.1013622     
 0.1391667      0.1076509     
 0.1408333      0.1386380     
 0.1425000      0.1074205     
 0.1441667      0.7681282E-01 
 0.1458333      0.5578146E-01 
 0.1475000      0.6047599E-01 
 0.1491667      0.1160261     
 0.1508333      0.1111530     
 0.1525000      0.8771437E-01 
 0.1541667      0.7114935E-01 
 0.1558333      0.7186285E-01 
 0.1575000      0.1216693     
 0.1591667      0.7712249E-01 
 0.1608333      0.7115788E-01 
 0.1625000      0.5863134E-01 
 0.1641667      0.8318784E-01 
 0.1658333      0.1057784     
