# SumMovie FRC for input stack : stack11.mrc
# Number of micrographs: 1
# Number of frames per movie: 50
# Pixel size (A): 3.0000
# 1/(A)          FRC
# -----------------------
# 
# Micrograph 1 of 1. Score: .576
 0.8333334E-03  0.9999998     
 0.2500000E-02  0.8505074     
 0.4166666E-02  0.8706722     
 0.5833333E-02  0.8517872     
 0.7499999E-02  0.8577525     
 0.9166666E-02  0.7376397     
 0.1083333E-01  0.6261092     
 0.1250000E-01  0.8533561     
 0.1416667E-01  0.9150166     
 0.1583333E-01  0.9441470     
 0.1750000E-01  0.9079749     
 0.1916667E-01  0.6567261     
 0.2083333E-01  0.7412941     
 0.2250000E-01  0.8761441     
 0.2416667E-01  0.9238875     
 0.2583333E-01  0.8933642     
 0.2750000E-01  0.7458862     
 0.2916667E-01  0.6496583     
 0.3083333E-01  0.7170961     
 0.3250000E-01  0.7763392     
 0.3416666E-01  0.7285134     
 0.3583334E-01  0.5942078     
 0.3750000E-01  0.5305660     
 0.3916667E-01  0.5077853     
 0.4083334E-01  0.5206797     
 0.4250000E-01  0.4058129     
 0.4416666E-01  0.3420889     
 0.4583333E-01  0.2988451     
 0.4750000E-01  0.2197137     
 0.4916666E-01  0.1074037     
 0.5083333E-01  0.7706375E-01 
 0.5250000E-01  0.1376414     
 0.5416667E-01  0.1448434     
 0.5583333E-01  0.2216019     
 0.5750000E-01  0.3004733     
 0.5916666E-01  0.3762186     
 0.6083334E-01  0.3608200     
 0.6250000E-01  0.4172755     
 0.6416667E-01  0.4025723     
 0.6583333E-01  0.3264183     
 0.6750000E-01  0.3046408     
 0.6916667E-01  0.1865193     
 0.7083333E-01  0.1079424     
 0.7250000E-01  0.7479958E-01 
 0.7416667E-01  0.1098383     
 0.7583334E-01  0.2015963     
 0.7749999E-01  0.2794515     
 0.7916667E-01  0.3205352     
 0.8083334E-01  0.3713531     
 0.8250000E-01  0.3318222     
 0.8416667E-01  0.3095725     
 0.8583333E-01  0.2110979     
 0.8750000E-01  0.1011083     
 0.8916666E-01  0.7312874E-01 
 0.9083333E-01  0.1338602     
 0.9250000E-01  0.2345941     
 0.9416667E-01  0.2939188     
 0.9583333E-01  0.3033493     
 0.9750000E-01  0.2661248     
 0.9916665E-01  0.2304171     
 0.1008333      0.1106750     
 0.1025000      0.5714757E-01 
 0.1041667      0.1219568     
 0.1058333      0.2057983     
 0.1075000      0.2371276     
 0.1091667      0.2420229     
 0.1108333      0.2036929     
 0.1125000      0.1426021     
 0.1141667      0.7816005E-01 
 0.1158333      0.8877798E-01 
 0.1175000      0.1513775     
 0.1191667      0.1850533     
 0.1208333      0.1628757     
 0.1225000      0.1396018     
 0.1241667      0.7918786E-01 
 0.1258333      0.7697632E-01 
 0.1275000      0.9825529E-01 
 0.1291667      0.1526770     
 0.1308333      0.1703844     
 0.1325000      0.1733927     
 0.1341667      0.9518624E-01 
 0.1358333      0.5559597E-01 
 0.1375000      0.1088647     
 0.1391667      0.1099374     
 0.1408333      0.1414294     
 0.1425000      0.1104136     
 0.1441667      0.8313083E-01 
 0.1458333      0.6666028E-01 
 0.1475000      0.6471721E-01 
 0.1491667      0.1198095     
 0.1508333      0.1182119     
 0.1525000      0.9290170E-01 
 0.1541667      0.7945220E-01 
 0.1558333      0.7652701E-01 
 0.1575000      0.1249001     
 0.1591667      0.8415639E-01 
 0.1608333      0.7777186E-01 
 0.1625000      0.6494887E-01 
 0.1641667      0.9131560E-01 
 0.1658333      0.1089218     
