# SumMovie FRC for input stack : stack1.mrc
# Number of micrographs: 1
# Number of frames per movie: 50
# Pixel size (A): 3.0000
# 1/(A)          FRC
# -----------------------
# 
# Micrograph 1 of 1. Score: .538
 0.8333334E-03  0.9999990     
 0.2500000E-02  0.9743993     
 0.4166666E-02  0.9567596     
 0.5833333E-02  0.9213917     
 0.7499999E-02  0.9031061     
 0.9166666E-02  0.7489928     
 0.1083333E-01  0.7195552     
 0.1250000E-01  0.8503910     
 0.1416667E-01  0.9172184     
 0.1583333E-01  0.9194358     
 0.1750000E-01  0.8713175     
 0.1916667E-01  0.6687000     
 0.2083333E-01  0.7582259     
 0.2250000E-01  0.8663464     
 0.2416667E-01  0.9013366     
 0.2583333E-01  0.8697144     
 0.2750000E-01  0.7379816     
 0.2916667E-01  0.6349082     
 0.3083333E-01  0.7044393     
 0.3250000E-01  0.7328135     
 0.3416666E-01  0.6773233     
 0.3583334E-01  0.5398660     
 0.3750000E-01  0.4754006     
 0.3916667E-01  0.4463138     
 0.4083334E-01  0.4496572     
 0.4250000E-01  0.3861305     
 0.4416666E-01  0.2469068     
 0.4583333E-01  0.1527400     
 0.4750000E-01  0.1723840     
 0.4916666E-01  0.8907164E-01 
 0.5083333E-01  0.5725455E-01 
 0.5250000E-01  0.7634172E-01 
 0.5416667E-01  0.1061066     
 0.5583333E-01  0.1869164     
 0.5750000E-01  0.2408711     
 0.5916666E-01  0.3284248     
 0.6083334E-01  0.3340112     
 0.6250000E-01  0.3211962     
 0.6416667E-01  0.2858672     
 0.6583333E-01  0.2698016     
 0.6750000E-01  0.1593240     
 0.6916667E-01  0.1187419     
 0.7083333E-01  0.8064947E-01 
 0.7250000E-01  0.6399469E-01 
 0.7416667E-01  0.1012609     
 0.7583334E-01  0.1544056     
 0.7749999E-01  0.2495278     
 0.7916667E-01  0.2894493     
 0.8083334E-01  0.2848521     
 0.8250000E-01  0.2870708     
 0.8416667E-01  0.2222481     
 0.8583333E-01  0.1176467     
 0.8750000E-01  0.4860103E-01 
 0.8916666E-01  0.3970720E-01 
 0.9083333E-01  0.1289417     
 0.9250000E-01  0.1815605     
 0.9416667E-01  0.2334978     
 0.9583333E-01  0.2428049     
 0.9750000E-01  0.1965935     
 0.9916665E-01  0.1138500     
 0.1008333      0.6867427E-01 
 0.1025000      0.5399959E-01 
 0.1041667      0.1200883     
 0.1058333      0.1569234     
 0.1075000      0.1604261     
 0.1091667      0.1680939     
 0.1108333      0.1198805     
 0.1125000      0.1182564     
 0.1141667      0.3612702E-01 
 0.1158333      0.5538588E-01 
 0.1175000      0.1038006     
 0.1191667      0.1130463     
 0.1208333      0.1052480     
 0.1225000      0.1011776     
 0.1241667      0.3547594E-01 
 0.1258333      0.4227449E-01 
 0.1275000      0.6032208E-01 
 0.1291667      0.1187528     
 0.1308333      0.1187035     
 0.1325000      0.6193807E-01 
 0.1341667      0.4841211E-01 
 0.1358333      0.3431071E-01 
 0.1375000      0.8959395E-01 
 0.1391667      0.6828002E-01 
 0.1408333      0.9490465E-01 
 0.1425000      0.6179750E-01 
 0.1441667      0.3463421E-01 
 0.1458333      0.4263404E-01 
 0.1475000      0.8046778E-01 
 0.1491667      0.6509393E-01 
 0.1508333      0.5937335E-01 
 0.1525000      0.3705669E-01 
 0.1541667      0.5668241E-01 
 0.1558333      0.6775275E-01 
 0.1575000      0.3031538E-01 
 0.1591667      0.2089153E-01 
 0.1608333      0.4469167E-01 
 0.1625000      0.5398125E-01 
 0.1641667      0.4447641E-01 
 0.1658333      0.3371035E-01 
