# SumMovie FRC for input stack : stack11.mrc
# Number of micrographs: 1
# Number of frames per movie: 50
# Pixel size (A): 3.0000
# 1/(A)          FRC
# -----------------------
# 
# Micrograph 1 of 1. Score: .577
 0.8333334E-03  0.9999998     
 0.2500000E-02  0.8506356     
 0.4166666E-02  0.8709390     
 0.5833333E-02  0.8516211     
 0.7499999E-02  0.8580022     
 0.9166666E-02  0.7378049     
 0.1083333E-01  0.6257257     
 0.1250000E-01  0.8540309     
 0.1416667E-01  0.9155221     
 0.1583333E-01  0.9442012     
 0.1750000E-01  0.9083327     
 0.1916667E-01  0.6542833     
 0.2083333E-01  0.7417410     
 0.2250000E-01  0.8761333     
 0.2416667E-01  0.9249564     
 0.2583333E-01  0.8932531     
 0.2750000E-01  0.7468503     
 0.2916667E-01  0.6525542     
 0.3083333E-01  0.7209238     
 0.3250000E-01  0.7783952     
 0.3416666E-01  0.7323604     
 0.3583334E-01  0.5955086     
 0.3750000E-01  0.5332165     
 0.3916667E-01  0.5114227     
 0.4083334E-01  0.5214181     
 0.4250000E-01  0.4076976     
 0.4416666E-01  0.3420757     
 0.4583333E-01  0.3001834     
 0.4750000E-01  0.2178378     
 0.4916666E-01  0.1027002     
 0.5083333E-01  0.7555860E-01 
 0.5250000E-01  0.1385090     
 0.5416667E-01  0.1444552     
 0.5583333E-01  0.2170961     
 0.5750000E-01  0.2996435     
 0.5916666E-01  0.3851468     
 0.6083334E-01  0.3618561     
 0.6250000E-01  0.4233893     
 0.6416667E-01  0.4059891     
 0.6583333E-01  0.3277085     
 0.6750000E-01  0.3031059     
 0.6916667E-01  0.1804058     
 0.7083333E-01  0.1060880     
 0.7250000E-01  0.6228773E-01 
 0.7416667E-01  0.1082613     
 0.7583334E-01  0.2007837     
 0.7749999E-01  0.2841787     
 0.7916667E-01  0.3239654     
 0.8083334E-01  0.3795207     
 0.8250000E-01  0.3376385     
 0.8416667E-01  0.3174680     
 0.8583333E-01  0.2067543     
 0.8750000E-01  0.1002121     
 0.8916666E-01  0.6562979E-01 
 0.9083333E-01  0.1328501     
 0.9250000E-01  0.2394545     
 0.9416667E-01  0.2899511     
 0.9583333E-01  0.2961225     
 0.9750000E-01  0.2674277     
 0.9916665E-01  0.2147313     
 0.1008333      0.1045748     
 0.1025000      0.3661192E-01 
 0.1041667      0.1098305     
 0.1058333      0.1857210     
 0.1075000      0.2357178     
 0.1091667      0.2331213     
 0.1108333      0.1966458     
 0.1125000      0.1285736     
 0.1141667      0.5831698E-01 
 0.1158333      0.7974975E-01 
 0.1175000      0.1368110     
 0.1191667      0.1692877     
 0.1208333      0.1612314     
 0.1225000      0.1296186     
 0.1241667      0.7238277E-01 
 0.1258333      0.6026683E-01 
 0.1275000      0.8855097E-01 
 0.1291667      0.1402817     
 0.1308333      0.1654067     
 0.1325000      0.1596387     
 0.1341667      0.8441331E-01 
 0.1358333      0.4701477E-01 
 0.1375000      0.8770935E-01 
 0.1391667      0.9761594E-01 
 0.1408333      0.1249181     
 0.1425000      0.9852696E-01 
 0.1441667      0.6642008E-01 
 0.1458333      0.4168373E-01 
 0.1475000      0.5693840E-01 
 0.1491667      0.1092703     
 0.1508333      0.9799533E-01 
 0.1525000      0.7821347E-01 
 0.1541667      0.6217161E-01 
 0.1558333      0.5987928E-01 
 0.1575000      0.1120322     
 0.1591667      0.6806580E-01 
 0.1608333      0.5883450E-01 
 0.1625000      0.5755210E-01 
 0.1641667      0.6631832E-01 
 0.1658333      0.8856746E-01 
