# SumMovie FRC for input stack : stack11.mrc
# Number of micrographs: 1
# Number of frames per movie: 50
# Pixel size (A): 3.0000
# 1/(A)          FRC
# -----------------------
# 
# Micrograph 1 of 1. Score: .571
 0.8333334E-03  0.9999998     
 0.2500000E-02  0.8501320     
 0.4166666E-02  0.8702431     
 0.5833333E-02  0.8519589     
 0.7499999E-02  0.8573461     
 0.9166666E-02  0.7366664     
 0.1083333E-01  0.6258074     
 0.1250000E-01  0.8519798     
 0.1416667E-01  0.9139482     
 0.1583333E-01  0.9437713     
 0.1750000E-01  0.9069151     
 0.1916667E-01  0.6584822     
 0.2083333E-01  0.7387332     
 0.2250000E-01  0.8748159     
 0.2416667E-01  0.9213215     
 0.2583333E-01  0.8919835     
 0.2750000E-01  0.7410117     
 0.2916667E-01  0.6395429     
 0.3083333E-01  0.7090279     
 0.3250000E-01  0.7699790     
 0.3416666E-01  0.7181117     
 0.3583334E-01  0.5878261     
 0.3750000E-01  0.5208261     
 0.3916667E-01  0.4965689     
 0.4083334E-01  0.5148079     
 0.4250000E-01  0.3997100     
 0.4416666E-01  0.3352445     
 0.4583333E-01  0.2874399     
 0.4750000E-01  0.2200951     
 0.4916666E-01  0.1080085     
 0.5083333E-01  0.7618026E-01 
 0.5250000E-01  0.1369465     
 0.5416667E-01  0.1376205     
 0.5583333E-01  0.2217327     
 0.5750000E-01  0.2949871     
 0.5916666E-01  0.3563513     
 0.6083334E-01  0.3530477     
 0.6250000E-01  0.3967113     
 0.6416667E-01  0.3864484     
 0.6583333E-01  0.3053892     
 0.6750000E-01  0.2959322     
 0.6916667E-01  0.1887509     
 0.7083333E-01  0.1111078     
 0.7250000E-01  0.8615568E-01 
 0.7416667E-01  0.1093443     
 0.7583334E-01  0.1954766     
 0.7749999E-01  0.2631734     
 0.7916667E-01  0.3086696     
 0.8083334E-01  0.3476212     
 0.8250000E-01  0.3158155     
 0.8416667E-01  0.2906402     
 0.8583333E-01  0.2032879     
 0.8750000E-01  0.9418477E-01 
 0.8916666E-01  0.7764567E-01 
 0.9083333E-01  0.1294933     
 0.9250000E-01  0.2194916     
 0.9416667E-01  0.2820869     
 0.9583333E-01  0.3022950     
 0.9750000E-01  0.2528034     
 0.9916665E-01  0.2329556     
 0.1008333      0.1129202     
 0.1025000      0.8275486E-01 
 0.1041667      0.1400083     
 0.1058333      0.2170256     
 0.1075000      0.2158556     
 0.1091667      0.2480230     
 0.1108333      0.2083560     
 0.1125000      0.1529677     
 0.1141667      0.9998752E-01 
 0.1158333      0.9346494E-01 
 0.1175000      0.1646153     
 0.1191667      0.1927861     
 0.1208333      0.1644339     
 0.1225000      0.1460910     
 0.1241667      0.9193864E-01 
 0.1258333      0.1020739     
 0.1275000      0.1117452     
 0.1291667      0.1651603     
 0.1308333      0.1627898     
 0.1325000      0.1845628     
 0.1341667      0.1100865     
 0.1358333      0.6976274E-01 
 0.1375000      0.1309295     
 0.1391667      0.1154749     
 0.1408333      0.1525521     
 0.1425000      0.1157008     
 0.1441667      0.1138899     
 0.1458333      0.1015940     
 0.1475000      0.9895787E-01 
 0.1491667      0.1194382     
 0.1508333      0.1481436     
 0.1525000      0.1082317     
 0.1541667      0.9698268E-01 
 0.1558333      0.1114864     
 0.1575000      0.1446598     
 0.1591667      0.1059734     
 0.1608333      0.1167445     
 0.1625000      0.9547959E-01 
 0.1641667      0.1242872     
 0.1658333      0.1413330     
