# SumMovie FRC for input stack : stack16.mrc
# Number of micrographs: 1
# Number of frames per movie: 50
# Pixel size (A): 3.0000
# 1/(A)          FRC
# -----------------------
# 
# Micrograph 1 of 1. Score: .537
 0.8333334E-03  0.9999994     
 0.2500000E-02  0.9671757     
 0.4166666E-02  0.9457328     
 0.5833333E-02  0.9116868     
 0.7499999E-02  0.8955977     
 0.9166666E-02  0.8420850     
 0.1083333E-01  0.7748363     
 0.1250000E-01  0.8819696     
 0.1416667E-01  0.9347401     
 0.1583333E-01  0.9654173     
 0.1750000E-01  0.9456045     
 0.1916667E-01  0.7731886     
 0.2083333E-01  0.8040557     
 0.2250000E-01  0.9007205     
 0.2416667E-01  0.9403118     
 0.2583333E-01  0.9321708     
 0.2750000E-01  0.8280287     
 0.2916667E-01  0.6983708     
 0.3083333E-01  0.7459293     
 0.3250000E-01  0.7937611     
 0.3416666E-01  0.7234093     
 0.3583334E-01  0.5962684     
 0.3750000E-01  0.4384561     
 0.3916667E-01  0.3707850     
 0.4083334E-01  0.2937148     
 0.4250000E-01  0.1182021     
 0.4416666E-01  0.1281031     
 0.4583333E-01  0.9675265E-01 
 0.4750000E-01  0.1440379     
 0.4916666E-01  0.2680651     
 0.5083333E-01  0.3409843     
 0.5250000E-01  0.3837543     
 0.5416667E-01  0.3689041     
 0.5583333E-01  0.4149194     
 0.5750000E-01  0.3614092     
 0.5916666E-01  0.2757463     
 0.6083334E-01  0.1935138     
 0.6250000E-01  0.8624268E-01 
 0.6416667E-01  0.1022036     
 0.6583333E-01  0.1400067     
 0.6750000E-01  0.2158490     
 0.6916667E-01  0.3174859     
 0.7083333E-01  0.4032611     
 0.7250000E-01  0.3587925     
 0.7416667E-01  0.2821744     
 0.7583334E-01  0.1820529     
 0.7749999E-01  0.1176348     
 0.7916667E-01  0.9617486E-01 
 0.8083334E-01  0.2422030     
 0.8250000E-01  0.2690223     
 0.8416667E-01  0.3583294     
 0.8583333E-01  0.2917950     
 0.8750000E-01  0.1855548     
 0.8916666E-01  0.1147115     
 0.9083333E-01  0.8337940E-01 
 0.9250000E-01  0.1901023     
 0.9416667E-01  0.2531270     
 0.9583333E-01  0.2812811     
 0.9750000E-01  0.2196525     
 0.9916665E-01  0.1057152     
 0.1008333      0.7656689E-01 
 0.1025000      0.1279026     
 0.1041667      0.1839644     
 0.1058333      0.2418986     
 0.1075000      0.1777201     
 0.1091667      0.1154078     
 0.1108333      0.4586304E-01 
 0.1125000      0.1422001     
 0.1141667      0.1847081     
 0.1158333      0.1798816     
 0.1175000      0.1116353     
 0.1191667      0.5843979E-01 
 0.1208333      0.9115719E-01 
 0.1225000      0.1579226     
 0.1241667      0.1683196     
 0.1258333      0.1090103     
 0.1275000      0.7625073E-01 
 0.1291667      0.8940290E-01 
 0.1308333      0.1331888     
 0.1325000      0.1359904     
 0.1341667      0.8426718E-01 
 0.1358333      0.4171144E-01 
 0.1375000      0.1025930     
 0.1391667      0.1405174     
 0.1408333      0.1105127     
 0.1425000      0.6489312E-01 
 0.1441667      0.8555285E-01 
 0.1458333      0.1068502     
 0.1475000      0.1009902     
 0.1491667      0.7088045E-01 
 0.1508333      0.6356549E-01 
 0.1525000      0.1010882     
 0.1541667      0.9367687E-01 
 0.1558333      0.7048237E-01 
 0.1575000      0.4886568E-01 
 0.1591667      0.8874448E-01 
 0.1608333      0.9822812E-01 
 0.1625000      0.4672891E-01 
 0.1641667      0.6116931E-01 
 0.1658333      0.1346409     
