# SumMovie FRC for input stack : stack16.mrc
# Number of micrographs: 1
# Number of frames per movie: 50
# Pixel size (A): 3.0000
# 1/(A)          FRC
# -----------------------
# 
# Micrograph 1 of 1. Score: .538
 0.8333334E-03  0.9999994     
 0.2500000E-02  0.9672209     
 0.4166666E-02  0.9454429     
 0.5833333E-02  0.9120787     
 0.7499999E-02  0.8964796     
 0.9166666E-02  0.8416506     
 0.1083333E-01  0.7768241     
 0.1250000E-01  0.8839917     
 0.1416667E-01  0.9354975     
 0.1583333E-01  0.9656459     
 0.1750000E-01  0.9459162     
 0.1916667E-01  0.7764891     
 0.2083333E-01  0.8029744     
 0.2250000E-01  0.9024894     
 0.2416667E-01  0.9434658     
 0.2583333E-01  0.9341136     
 0.2750000E-01  0.8305765     
 0.2916667E-01  0.7050437     
 0.3083333E-01  0.7541360     
 0.3250000E-01  0.7966224     
 0.3416666E-01  0.7330047     
 0.3583334E-01  0.6088659     
 0.3750000E-01  0.4391071     
 0.3916667E-01  0.3793009     
 0.4083334E-01  0.2911824     
 0.4250000E-01  0.1224506     
 0.4416666E-01  0.1185117     
 0.4583333E-01  0.8323875E-01 
 0.4750000E-01  0.1477117     
 0.4916666E-01  0.2677305     
 0.5083333E-01  0.3444088     
 0.5250000E-01  0.3891684     
 0.5416667E-01  0.3824540     
 0.5583333E-01  0.4241320     
 0.5750000E-01  0.3621439     
 0.5916666E-01  0.2767246     
 0.6083334E-01  0.1859471     
 0.6250000E-01  0.7854738E-01 
 0.6416667E-01  0.1021962     
 0.6583333E-01  0.1371924     
 0.6750000E-01  0.2067753     
 0.6916667E-01  0.3153800     
 0.7083333E-01  0.4061260     
 0.7250000E-01  0.3726699     
 0.7416667E-01  0.3072920     
 0.7583334E-01  0.1809801     
 0.7749999E-01  0.1179561     
 0.7916667E-01  0.9266919E-01 
 0.8083334E-01  0.2490590     
 0.8250000E-01  0.2747639     
 0.8416667E-01  0.3592580     
 0.8583333E-01  0.3017261     
 0.8750000E-01  0.1825885     
 0.8916666E-01  0.1193094     
 0.9083333E-01  0.7702991E-01 
 0.9250000E-01  0.1842280     
 0.9416667E-01  0.2609106     
 0.9583333E-01  0.2788172     
 0.9750000E-01  0.2061375     
 0.9916665E-01  0.9495382E-01 
 0.1008333      0.5677929E-01 
 0.1025000      0.1192826     
 0.1041667      0.1908185     
 0.1058333      0.2386749     
 0.1075000      0.1777293     
 0.1091667      0.1085118     
 0.1108333      0.5492729E-01 
 0.1125000      0.1369007     
 0.1141667      0.1968676     
 0.1158333      0.1880195     
 0.1175000      0.1111921     
 0.1191667      0.4613578E-01 
 0.1208333      0.8753797E-01 
 0.1225000      0.1554555     
 0.1241667      0.1729787     
 0.1258333      0.1076374     
 0.1275000      0.6456218E-01 
 0.1291667      0.8709907E-01 
 0.1308333      0.1191557     
 0.1325000      0.1341680     
 0.1341667      0.6425330E-01 
 0.1358333      0.4487414E-01 
 0.1375000      0.1115008     
 0.1391667      0.1347654     
 0.1408333      0.9161798E-01 
 0.1425000      0.7396019E-01 
 0.1441667      0.7227425E-01 
 0.1458333      0.1129287     
 0.1475000      0.9124887E-01 
 0.1491667      0.6096995E-01 
 0.1508333      0.7005679E-01 
 0.1525000      0.9903353E-01 
 0.1541667      0.8316170E-01 
 0.1558333      0.7548660E-01 
 0.1575000      0.4212639E-01 
 0.1591667      0.8211523E-01 
 0.1608333      0.8451150E-01 
 0.1625000      0.4232248E-01 
 0.1641667      0.6286401E-01 
 0.1658333      0.1289049     
