# SumMovie FRC for input stack : stack1.mrc
# Number of micrographs: 1
# Number of frames per movie: 50
# Pixel size (A): 3.0000
# 1/(A)          FRC
# -----------------------
# 
# Micrograph 1 of 1. Score: .502
 0.8333334E-03  0.9999990     
 0.2500000E-02  0.9744856     
 0.4166666E-02  0.9566748     
 0.5833333E-02  0.9213309     
 0.7499999E-02  0.9021873     
 0.9166666E-02  0.7411699     
 0.1083333E-01  0.7093331     
 0.1250000E-01  0.8377824     
 0.1416667E-01  0.9082026     
 0.1583333E-01  0.9122366     
 0.1750000E-01  0.8557127     
 0.1916667E-01  0.6360400     
 0.2083333E-01  0.7286881     
 0.2250000E-01  0.8430704     
 0.2416667E-01  0.8807716     
 0.2583333E-01  0.8380392     
 0.2750000E-01  0.6854174     
 0.2916667E-01  0.5514964     
 0.3083333E-01  0.6499519     
 0.3250000E-01  0.6537054     
 0.3416666E-01  0.5972189     
 0.3583334E-01  0.4805261     
 0.3750000E-01  0.4252451     
 0.3916667E-01  0.3729088     
 0.4083334E-01  0.3696848     
 0.4250000E-01  0.3332632     
 0.4416666E-01  0.2133790     
 0.4583333E-01  0.1425241     
 0.4750000E-01  0.1863876     
 0.4916666E-01  0.1126820     
 0.5083333E-01  0.9699535E-01 
 0.5250000E-01  0.1046153     
 0.5416667E-01  0.1145750     
 0.5583333E-01  0.1700215     
 0.5750000E-01  0.2203932     
 0.5916666E-01  0.2429308     
 0.6083334E-01  0.2793459     
 0.6250000E-01  0.2382920     
 0.6416667E-01  0.2385354     
 0.6583333E-01  0.2242821     
 0.6750000E-01  0.1429312     
 0.6916667E-01  0.1552821     
 0.7083333E-01  0.1258691     
 0.7250000E-01  0.7560425E-01 
 0.7416667E-01  0.9630422E-01 
 0.7583334E-01  0.1449155     
 0.7749999E-01  0.1964937     
 0.7916667E-01  0.2073707     
 0.8083334E-01  0.2073182     
 0.8250000E-01  0.2068509     
 0.8416667E-01  0.1687808     
 0.8583333E-01  0.1083767     
 0.8750000E-01  0.6552921E-01 
 0.8916666E-01  0.3293082E-01 
 0.9083333E-01  0.1087840     
 0.9250000E-01  0.1323795     
 0.9416667E-01  0.1786777     
 0.9583333E-01  0.1836378     
 0.9750000E-01  0.1585472     
 0.9916665E-01  0.1033779     
 0.1008333      0.9306207E-01 
 0.1025000      0.4640655E-01 
 0.1041667      0.1119209     
 0.1058333      0.1568959     
 0.1075000      0.1399429     
 0.1091667      0.1429536     
 0.1108333      0.1113079     
 0.1125000      0.1150107     
 0.1141667      0.7800603E-01 
 0.1158333      0.5162460E-01 
 0.1175000      0.8075993E-01 
 0.1191667      0.1002803     
 0.1208333      0.1070556     
 0.1225000      0.6487502E-01 
 0.1241667      0.8609870E-01 
 0.1258333      0.6052719E-01 
 0.1275000      0.4876263E-01 
 0.1291667      0.1197877     
 0.1308333      0.1022092     
 0.1325000      0.9058666E-01 
 0.1341667      0.3950892E-01 
 0.1358333      0.6652667E-01 
 0.1375000      0.7537025E-01 
 0.1391667      0.8026489E-01 
 0.1408333      0.9894828E-01 
 0.1425000      0.5627462E-01 
 0.1441667      0.4941796E-01 
 0.1458333      0.7535449E-01 
 0.1475000      0.9637620E-01 
 0.1491667      0.5979977E-01 
 0.1508333      0.6129964E-01 
 0.1525000      0.4435403E-01 
 0.1541667      0.4802306E-01 
 0.1558333      0.5276079E-01 
 0.1575000      0.7365818E-01 
 0.1591667      0.3819318E-01 
 0.1608333      0.7632232E-01 
 0.1625000      0.4493472E-01 
 0.1641667      0.6764407E-01 
 0.1658333      0.5239598E-01 
