# SumMovie FRC for input stack : stack1.mrc
# Number of micrographs: 1
# Number of frames per movie: 50
# Pixel size (A): 3.0000
# 1/(A)          FRC
# -----------------------
# 
# Micrograph 1 of 1. Score: .502
 0.8333334E-03  0.9999990     
 0.2500000E-02  0.9744872     
 0.4166666E-02  0.9566782     
 0.5833333E-02  0.9213346     
 0.7499999E-02  0.9022002     
 0.9166666E-02  0.7412924     
 0.1083333E-01  0.7094426     
 0.1250000E-01  0.8379328     
 0.1416667E-01  0.9083258     
 0.1583333E-01  0.9123464     
 0.1750000E-01  0.8559277     
 0.1916667E-01  0.6365451     
 0.2083333E-01  0.7290863     
 0.2250000E-01  0.8433600     
 0.2416667E-01  0.8810458     
 0.2583333E-01  0.8384399     
 0.2750000E-01  0.6860100     
 0.2916667E-01  0.5524777     
 0.3083333E-01  0.6506271     
 0.3250000E-01  0.6547402     
 0.3416666E-01  0.5981783     
 0.3583334E-01  0.4810342     
 0.3750000E-01  0.4255571     
 0.3916667E-01  0.3737847     
 0.4083334E-01  0.3706614     
 0.4250000E-01  0.3339134     
 0.4416666E-01  0.2136012     
 0.4583333E-01  0.1421376     
 0.4750000E-01  0.1867397     
 0.4916666E-01  0.1123828     
 0.5083333E-01  0.9691445E-01 
 0.5250000E-01  0.1040491     
 0.5416667E-01  0.1145359     
 0.5583333E-01  0.1698725     
 0.5750000E-01  0.2201908     
 0.5916666E-01  0.2433621     
 0.6083334E-01  0.2797090     
 0.6250000E-01  0.2384206     
 0.6416667E-01  0.2380604     
 0.6583333E-01  0.2243353     
 0.6750000E-01  0.1427162     
 0.6916667E-01  0.1549869     
 0.7083333E-01  0.1255010     
 0.7250000E-01  0.7511848E-01 
 0.7416667E-01  0.9558019E-01 
 0.7583334E-01  0.1442703     
 0.7749999E-01  0.1958905     
 0.7916667E-01  0.2073946     
 0.8083334E-01  0.2076362     
 0.8250000E-01  0.2065035     
 0.8416667E-01  0.1679384     
 0.8583333E-01  0.1078670     
 0.8750000E-01  0.6503091E-01 
 0.8916666E-01  0.3183701E-01 
 0.9083333E-01  0.1075804     
 0.9250000E-01  0.1316500     
 0.9416667E-01  0.1783107     
 0.9583333E-01  0.1837191     
 0.9750000E-01  0.1580903     
 0.9916665E-01  0.1024432     
 0.1008333      0.9212535E-01 
 0.1025000      0.4540543E-01 
 0.1041667      0.1118781     
 0.1058333      0.1560418     
 0.1075000      0.1397451     
 0.1091667      0.1424704     
 0.1108333      0.1107174     
 0.1125000      0.1149397     
 0.1141667      0.7748827E-01 
 0.1158333      0.5102032E-01 
 0.1175000      0.7977645E-01 
 0.1191667      0.1007446     
 0.1208333      0.1064032     
 0.1225000      0.6435803E-01 
 0.1241667      0.8508971E-01 
 0.1258333      0.5908057E-01 
 0.1275000      0.4719473E-01 
 0.1291667      0.1195217     
 0.1308333      0.1010477     
 0.1325000      0.8963960E-01 
 0.1341667      0.3822100E-01 
 0.1358333      0.6578349E-01 
 0.1375000      0.7409164E-01 
 0.1391667      0.7952849E-01 
 0.1408333      0.9819675E-01 
 0.1425000      0.5612855E-01 
 0.1441667      0.4821943E-01 
 0.1458333      0.7398878E-01 
 0.1475000      0.9531382E-01 
 0.1491667      0.5905256E-01 
 0.1508333      0.5970336E-01 
 0.1525000      0.4344180E-01 
 0.1541667      0.4729569E-01 
 0.1558333      0.5202750E-01 
 0.1575000      0.7212092E-01 
 0.1591667      0.3625813E-01 
 0.1608333      0.7514764E-01 
 0.1625000      0.4451732E-01 
 0.1641667      0.6772458E-01 
 0.1658333      0.5117049E-01 
