# SumMovie FRC for input stack : stack6.mrc
# Number of micrographs: 1
# Number of frames per movie: 50
# Pixel size (A): 3.0000
# 1/(A)          FRC
# -----------------------
# 
# Micrograph 1 of 1. Score: .584
 0.8333334E-03  0.9999999     
 0.2500000E-02  0.9514251     
 0.4166666E-02  0.9316749     
 0.5833333E-02  0.8463902     
 0.7499999E-02  0.8656917     
 0.9166666E-02  0.6749466     
 0.1083333E-01  0.6565102     
 0.1250000E-01  0.8468333     
 0.1416667E-01  0.8851228     
 0.1583333E-01  0.9326761     
 0.1750000E-01  0.8924185     
 0.1916667E-01  0.6011550     
 0.2083333E-01  0.6647319     
 0.2250000E-01  0.8330245     
 0.2416667E-01  0.8957430     
 0.2583333E-01  0.8491703     
 0.2750000E-01  0.7259243     
 0.2916667E-01  0.6231946     
 0.3083333E-01  0.6848116     
 0.3250000E-01  0.7259436     
 0.3416666E-01  0.6917391     
 0.3583334E-01  0.5871001     
 0.3750000E-01  0.5363867     
 0.3916667E-01  0.5194498     
 0.4083334E-01  0.5578484     
 0.4250000E-01  0.4472709     
 0.4416666E-01  0.3767015     
 0.4583333E-01  0.3529827     
 0.4750000E-01  0.2941096     
 0.4916666E-01  0.2193133     
 0.5083333E-01  0.1187927     
 0.5250000E-01  0.1306835     
 0.5416667E-01  0.7736466E-01 
 0.5583333E-01  0.1156986     
 0.5750000E-01  0.1274838     
 0.5916666E-01  0.2130923     
 0.6083334E-01  0.2760053     
 0.6250000E-01  0.2919906     
 0.6416667E-01  0.3477360     
 0.6583333E-01  0.3488734     
 0.6750000E-01  0.3440174     
 0.6916667E-01  0.3225140     
 0.7083333E-01  0.2812455     
 0.7250000E-01  0.2198927     
 0.7416667E-01  0.1360719     
 0.7583334E-01  0.9650441E-01 
 0.7749999E-01  0.8458904E-01 
 0.7916667E-01  0.8171409E-01 
 0.8083334E-01  0.1779160     
 0.8250000E-01  0.2184797     
 0.8416667E-01  0.2740875     
 0.8583333E-01  0.2879095     
 0.8750000E-01  0.2737316     
 0.8916666E-01  0.2420174     
 0.9083333E-01  0.1478139     
 0.9250000E-01  0.1111300     
 0.9416667E-01  0.6309475E-01 
 0.9583333E-01  0.1074756     
 0.9750000E-01  0.1036318     
 0.9916665E-01  0.1514982     
 0.1008333      0.2002135     
 0.1025000      0.2331799     
 0.1041667      0.1758719     
 0.1058333      0.1443942     
 0.1075000      0.8988228E-01 
 0.1091667      0.5017627E-01 
 0.1108333      0.6948549E-01 
 0.1125000      0.1003931     
 0.1141667      0.1633996     
 0.1158333      0.1876751     
 0.1175000      0.1502541     
 0.1191667      0.1376681     
 0.1208333      0.6409486E-01 
 0.1225000      0.5056251E-01 
 0.1241667      0.4018815E-01 
 0.1258333      0.9173621E-01 
 0.1275000      0.1305816     
 0.1291667      0.1302347     
 0.1308333      0.1159881     
 0.1325000      0.5493512E-01 
 0.1341667      0.4717034E-01 
 0.1358333      0.8587651E-01 
 0.1375000      0.6985298E-01 
 0.1391667      0.8558594E-01 
 0.1408333      0.1042276     
 0.1425000      0.8979140E-01 
 0.1441667      0.7080984E-01 
 0.1458333      0.4843551E-01 
 0.1475000      0.7093517E-01 
 0.1491667      0.8623915E-01 
 0.1508333      0.1023880     
 0.1525000      0.6989801E-01 
 0.1541667      0.4451086E-01 
 0.1558333      0.6796865E-01 
 0.1575000      0.6874249E-01 
 0.1591667      0.9495303E-01 
 0.1608333      0.7590155E-01 
 0.1625000      0.6831209E-01 
 0.1641667      0.7544024E-01 
 0.1658333      0.3396143E-01 
