# SumMovie FRC for input stack : stack1.mrc
# Number of micrographs: 1
# Number of frames per movie: 50
# Pixel size (A): 3.0000
# 1/(A)          FRC
# -----------------------
# 
# Micrograph 1 of 1. Score: .546
 0.8333334E-03  0.9999993     
 0.2500000E-02  0.9744567     
 0.4166666E-02  0.9570294     
 0.5833333E-02  0.9207028     
 0.7499999E-02  0.9048976     
 0.9166666E-02  0.7497823     
 0.1083333E-01  0.7273580     
 0.1250000E-01  0.8560112     
 0.1416667E-01  0.9223307     
 0.1583333E-01  0.9261573     
 0.1750000E-01  0.8740269     
 0.1916667E-01  0.6746066     
 0.2083333E-01  0.7639322     
 0.2250000E-01  0.8705314     
 0.2416667E-01  0.9033579     
 0.2583333E-01  0.8719929     
 0.2750000E-01  0.7478256     
 0.2916667E-01  0.6438017     
 0.3083333E-01  0.7088779     
 0.3250000E-01  0.7381308     
 0.3416666E-01  0.6845253     
 0.3583334E-01  0.5454942     
 0.3750000E-01  0.4828265     
 0.3916667E-01  0.4604637     
 0.4083334E-01  0.4488553     
 0.4250000E-01  0.3998633     
 0.4416666E-01  0.2581254     
 0.4583333E-01  0.1690271     
 0.4750000E-01  0.1880252     
 0.4916666E-01  0.9570977E-01 
 0.5083333E-01  0.6273249E-01 
 0.5250000E-01  0.6779295E-01 
 0.5416667E-01  0.1261383     
 0.5583333E-01  0.1862105     
 0.5750000E-01  0.2518702     
 0.5916666E-01  0.3161297     
 0.6083334E-01  0.3431435     
 0.6250000E-01  0.3284290     
 0.6416667E-01  0.2993318     
 0.6583333E-01  0.2717783     
 0.6750000E-01  0.1613552     
 0.6916667E-01  0.1340172     
 0.7083333E-01  0.8640542E-01 
 0.7250000E-01  0.6937324E-01 
 0.7416667E-01  0.1064567     
 0.7583334E-01  0.1660265     
 0.7749999E-01  0.2472608     
 0.7916667E-01  0.2985965     
 0.8083334E-01  0.2880005     
 0.8250000E-01  0.2849640     
 0.8416667E-01  0.2257942     
 0.8583333E-01  0.1233449     
 0.8750000E-01  0.6131260E-01 
 0.8916666E-01  0.3268122E-01 
 0.9083333E-01  0.1299820     
 0.9250000E-01  0.1953223     
 0.9416667E-01  0.2372231     
 0.9583333E-01  0.2487462     
 0.9750000E-01  0.1960629     
 0.9916665E-01  0.1098094     
 0.1008333      0.6747386E-01 
 0.1025000      0.4494068E-01 
 0.1041667      0.1203583     
 0.1058333      0.1540549     
 0.1075000      0.1582177     
 0.1091667      0.1740460     
 0.1108333      0.1305287     
 0.1125000      0.1246027     
 0.1141667      0.4039033E-01 
 0.1158333      0.6406862E-01 
 0.1175000      0.1080680     
 0.1191667      0.1100859     
 0.1208333      0.1130914     
 0.1225000      0.9863631E-01 
 0.1241667      0.4599807E-01 
 0.1258333      0.3931798E-01 
 0.1275000      0.5832833E-01 
 0.1291667      0.1136989     
 0.1308333      0.1213081     
 0.1325000      0.6758797E-01 
 0.1341667      0.4790122E-01 
 0.1358333      0.2763111E-01 
 0.1375000      0.1036077     
 0.1391667      0.6510531E-01 
 0.1408333      0.1071228     
 0.1425000      0.6606907E-01 
 0.1441667      0.3402659E-01 
 0.1458333      0.3159361E-01 
 0.1475000      0.7424267E-01 
 0.1491667      0.5889177E-01 
 0.1508333      0.6584090E-01 
 0.1525000      0.2790054E-01 
 0.1541667      0.5680977E-01 
 0.1558333      0.8316562E-01 
 0.1575000      0.4491160E-01 
 0.1591667      0.2147670E-01 
 0.1608333      0.3471328E-01 
 0.1625000      0.4984760E-01 
 0.1641667      0.3557362E-01 
 0.1658333      0.3026881E-01 
