# SumMovie FRC for input stack : stack11.mrc
# Number of micrographs: 1
# Number of frames per movie: 50
# Pixel size (A): 3.0000
# 1/(A)          FRC
# -----------------------
# 
# Micrograph 1 of 1. Score: .576
 0.8333334E-03  0.9999998     
 0.2500000E-02  0.8505194     
 0.4166666E-02  0.8706870     
 0.5833333E-02  0.8517884     
 0.7499999E-02  0.8577647     
 0.9166666E-02  0.7376806     
 0.1083333E-01  0.6260898     
 0.1250000E-01  0.8533905     
 0.1416667E-01  0.9150391     
 0.1583333E-01  0.9441528     
 0.1750000E-01  0.9079906     
 0.1916667E-01  0.6566890     
 0.2083333E-01  0.7412983     
 0.2250000E-01  0.8761645     
 0.2416667E-01  0.9239357     
 0.2583333E-01  0.8933568     
 0.2750000E-01  0.7459597     
 0.2916667E-01  0.6497944     
 0.3083333E-01  0.7172324     
 0.3250000E-01  0.7764695     
 0.3416666E-01  0.7286818     
 0.3583334E-01  0.5942857     
 0.3750000E-01  0.5307217     
 0.3916667E-01  0.5079148     
 0.4083334E-01  0.5207450     
 0.4250000E-01  0.4057939     
 0.4416666E-01  0.3420353     
 0.4583333E-01  0.2989603     
 0.4750000E-01  0.2196662     
 0.4916666E-01  0.1072869     
 0.5083333E-01  0.7724917E-01 
 0.5250000E-01  0.1376836     
 0.5416667E-01  0.1448237     
 0.5583333E-01  0.2216582     
 0.5750000E-01  0.3004330     
 0.5916666E-01  0.3765512     
 0.6083334E-01  0.3609481     
 0.6250000E-01  0.4174423     
 0.6416667E-01  0.4028835     
 0.6583333E-01  0.3264237     
 0.6750000E-01  0.3045010     
 0.6916667E-01  0.1862144     
 0.7083333E-01  0.1076739     
 0.7250000E-01  0.7454756E-01 
 0.7416667E-01  0.1096032     
 0.7583334E-01  0.2016832     
 0.7749999E-01  0.2795364     
 0.7916667E-01  0.3205121     
 0.8083334E-01  0.3716473     
 0.8250000E-01  0.3319561     
 0.8416667E-01  0.3097425     
 0.8583333E-01  0.2110006     
 0.8750000E-01  0.1009850     
 0.8916666E-01  0.7330258E-01 
 0.9083333E-01  0.1338816     
 0.9250000E-01  0.2346766     
 0.9416667E-01  0.2938023     
 0.9583333E-01  0.3032111     
 0.9750000E-01  0.2661813     
 0.9916665E-01  0.2297394     
 0.1008333      0.1106533     
 0.1025000      0.5661932E-01 
 0.1041667      0.1215681     
 0.1058333      0.2051312     
 0.1075000      0.2371500     
 0.1091667      0.2416773     
 0.1108333      0.2032498     
 0.1125000      0.1421114     
 0.1141667      0.7755814E-01 
 0.1158333      0.8865958E-01 
 0.1175000      0.1507643     
 0.1191667      0.1848219     
 0.1208333      0.1626392     
 0.1225000      0.1389112     
 0.1241667      0.7902959E-01 
 0.1258333      0.7636587E-01 
 0.1275000      0.9829116E-01 
 0.1291667      0.1520760     
 0.1308333      0.1699240     
 0.1325000      0.1729950     
 0.1341667      0.9474497E-01 
 0.1358333      0.5506885E-01 
 0.1375000      0.1081990     
 0.1391667      0.1094099     
 0.1408333      0.1405628     
 0.1425000      0.1100378     
 0.1441667      0.8246970E-01 
 0.1458333      0.6582754E-01 
 0.1475000      0.6394125E-01 
 0.1491667      0.1194535     
 0.1508333      0.1175412     
 0.1525000      0.9208553E-01 
 0.1541667      0.7881067E-01 
 0.1558333      0.7556817E-01 
 0.1575000      0.1242711     
 0.1591667      0.8322934E-01 
 0.1608333      0.7677510E-01 
 0.1625000      0.6472560E-01 
 0.1641667      0.9027701E-01 
 0.1658333      0.1076436     
