# SumMovie FRC for input stack : stack6.mrc
# Number of micrographs: 1
# Number of frames per movie: 50
# Pixel size (A): 3.0000
# 1/(A)          FRC
# -----------------------
# 
# Micrograph 1 of 1. Score: .585
 0.8333334E-03  0.9999999     
 0.2500000E-02  0.9513985     
 0.4166666E-02  0.9317296     
 0.5833333E-02  0.8464664     
 0.7499999E-02  0.8657250     
 0.9166666E-02  0.6750188     
 0.1083333E-01  0.6570298     
 0.1250000E-01  0.8471228     
 0.1416667E-01  0.8852751     
 0.1583333E-01  0.9329666     
 0.1750000E-01  0.8928819     
 0.1916667E-01  0.6011215     
 0.2083333E-01  0.6649006     
 0.2250000E-01  0.8338576     
 0.2416667E-01  0.8965891     
 0.2583333E-01  0.8501422     
 0.2750000E-01  0.7268117     
 0.2916667E-01  0.6242729     
 0.3083333E-01  0.6869037     
 0.3250000E-01  0.7266613     
 0.3416666E-01  0.6942337     
 0.3583334E-01  0.5896233     
 0.3750000E-01  0.5386338     
 0.3916667E-01  0.5204017     
 0.4083334E-01  0.5613228     
 0.4250000E-01  0.4496382     
 0.4416666E-01  0.3799732     
 0.4583333E-01  0.3540360     
 0.4750000E-01  0.2971643     
 0.4916666E-01  0.2199381     
 0.5083333E-01  0.1195958     
 0.5250000E-01  0.1305258     
 0.5416667E-01  0.7798707E-01 
 0.5583333E-01  0.1131499     
 0.5750000E-01  0.1290109     
 0.5916666E-01  0.2114664     
 0.6083334E-01  0.2770706     
 0.6250000E-01  0.2954375     
 0.6416667E-01  0.3504297     
 0.6583333E-01  0.3518881     
 0.6750000E-01  0.3467554     
 0.6916667E-01  0.3261654     
 0.7083333E-01  0.2830257     
 0.7250000E-01  0.2217864     
 0.7416667E-01  0.1351980     
 0.7583334E-01  0.9875248E-01 
 0.7749999E-01  0.8203295E-01 
 0.7916667E-01  0.8272797E-01 
 0.8083334E-01  0.1808011     
 0.8250000E-01  0.2237745     
 0.8416667E-01  0.2764788     
 0.8583333E-01  0.2942455     
 0.8750000E-01  0.2789474     
 0.8916666E-01  0.2467645     
 0.9083333E-01  0.1512323     
 0.9250000E-01  0.1079405     
 0.9416667E-01  0.5984327E-01 
 0.9583333E-01  0.1058674     
 0.9750000E-01  0.1015619     
 0.9916665E-01  0.1562831     
 0.1008333      0.2030580     
 0.1025000      0.2372856     
 0.1041667      0.1780411     
 0.1058333      0.1484852     
 0.1075000      0.9169608E-01 
 0.1091667      0.5440221E-01 
 0.1108333      0.6830139E-01 
 0.1125000      0.1015175     
 0.1141667      0.1656642     
 0.1158333      0.1876765     
 0.1175000      0.1556277     
 0.1191667      0.1374853     
 0.1208333      0.6471102E-01 
 0.1225000      0.5069593E-01 
 0.1241667      0.4157839E-01 
 0.1258333      0.9707164E-01 
 0.1275000      0.1356392     
 0.1291667      0.1326810     
 0.1308333      0.1203832     
 0.1325000      0.5755139E-01 
 0.1341667      0.5556651E-01 
 0.1358333      0.8391769E-01 
 0.1375000      0.6721424E-01 
 0.1391667      0.8958586E-01 
 0.1408333      0.1042257     
 0.1425000      0.9199619E-01 
 0.1441667      0.7461443E-01 
 0.1458333      0.4972828E-01 
 0.1475000      0.7077888E-01 
 0.1491667      0.8371228E-01 
 0.1508333      0.1034286     
 0.1525000      0.7228578E-01 
 0.1541667      0.4813325E-01 
 0.1558333      0.6810086E-01 
 0.1575000      0.7476763E-01 
 0.1591667      0.9406992E-01 
 0.1608333      0.8092652E-01 
 0.1625000      0.7298337E-01 
 0.1641667      0.7534514E-01 
 0.1658333      0.3732316E-01 
