# SumMovie FRC for input stack : stack1.mrc
# Number of micrographs: 1
# Number of frames per movie: 50
# Pixel size (A): 3.0000
# 1/(A)          FRC
# -----------------------
# 
# Micrograph 1 of 1. Score: .546
 0.8333334E-03  0.9999993     
 0.2500000E-02  0.9744587     
 0.4166666E-02  0.9570105     
 0.5833333E-02  0.9206871     
 0.7499999E-02  0.9048142     
 0.9166666E-02  0.7498119     
 0.1083333E-01  0.7273933     
 0.1250000E-01  0.8559468     
 0.1416667E-01  0.9222795     
 0.1583333E-01  0.9262052     
 0.1750000E-01  0.8739946     
 0.1916667E-01  0.6747869     
 0.2083333E-01  0.7639673     
 0.2250000E-01  0.8704466     
 0.2416667E-01  0.9032980     
 0.2583333E-01  0.8718981     
 0.2750000E-01  0.7477477     
 0.2916667E-01  0.6444029     
 0.3083333E-01  0.7088526     
 0.3250000E-01  0.7376392     
 0.3416666E-01  0.6840323     
 0.3583334E-01  0.5451468     
 0.3750000E-01  0.4828280     
 0.3916667E-01  0.4611683     
 0.4083334E-01  0.4485305     
 0.4250000E-01  0.4005973     
 0.4416666E-01  0.2594322     
 0.4583333E-01  0.1697369     
 0.4750000E-01  0.1883083     
 0.4916666E-01  0.9704485E-01 
 0.5083333E-01  0.6324470E-01 
 0.5250000E-01  0.6793290E-01 
 0.5416667E-01  0.1278951     
 0.5583333E-01  0.1859329     
 0.5750000E-01  0.2526069     
 0.5916666E-01  0.3158607     
 0.6083334E-01  0.3424569     
 0.6250000E-01  0.3284541     
 0.6416667E-01  0.2997861     
 0.6583333E-01  0.2724377     
 0.6750000E-01  0.1618618     
 0.6916667E-01  0.1351767     
 0.7083333E-01  0.8542644E-01 
 0.7250000E-01  0.6990150E-01 
 0.7416667E-01  0.1074634     
 0.7583334E-01  0.1663129     
 0.7749999E-01  0.2466367     
 0.7916667E-01  0.2983636     
 0.8083334E-01  0.2877414     
 0.8250000E-01  0.2836394     
 0.8416667E-01  0.2259077     
 0.8583333E-01  0.1231864     
 0.8750000E-01  0.6167176E-01 
 0.8916666E-01  0.3169390E-01 
 0.9083333E-01  0.1302761     
 0.9250000E-01  0.1951839     
 0.9416667E-01  0.2363704     
 0.9583333E-01  0.2480333     
 0.9750000E-01  0.1960065     
 0.9916665E-01  0.1078290     
 0.1008333      0.6673896E-01 
 0.1025000      0.4394529E-01 
 0.1041667      0.1203936     
 0.1058333      0.1524976     
 0.1075000      0.1590836     
 0.1091667      0.1746527     
 0.1108333      0.1304376     
 0.1125000      0.1222416     
 0.1141667      0.3659653E-01 
 0.1158333      0.6408924E-01 
 0.1175000      0.1083144     
 0.1191667      0.1087059     
 0.1208333      0.1132959     
 0.1225000      0.1003057     
 0.1241667      0.4638853E-01 
 0.1258333      0.3881169E-01 
 0.1275000      0.5865939E-01 
 0.1291667      0.1126676     
 0.1308333      0.1204338     
 0.1325000      0.6719793E-01 
 0.1341667      0.4786208E-01 
 0.1358333      0.2769986E-01 
 0.1375000      0.1028219     
 0.1391667      0.6361366E-01 
 0.1408333      0.1076995     
 0.1425000      0.6362199E-01 
 0.1441667      0.3302770E-01 
 0.1458333      0.2999897E-01 
 0.1475000      0.7321672E-01 
 0.1491667      0.5607672E-01 
 0.1508333      0.6249925E-01 
 0.1525000      0.2602177E-01 
 0.1541667      0.5690485E-01 
 0.1558333      0.8492392E-01 
 0.1575000      0.4426299E-01 
 0.1591667      0.2145075E-01 
 0.1608333      0.3296553E-01 
 0.1625000      0.4716919E-01 
 0.1641667      0.3757522E-01 
 0.1658333      0.2906087E-01 
