# SumMovie FRC for input stack : stack1.mrc
# Number of micrographs: 1
# Number of frames per movie: 50
# Pixel size (A): 3.0000
# 1/(A)          FRC
# -----------------------
# 
# Micrograph 1 of 1. Score: .528
 0.8333334E-03  0.9999990     
 0.2500000E-02  0.9744739     
 0.4166666E-02  0.9568164     
 0.5833333E-02  0.9214459     
 0.7499999E-02  0.9031630     
 0.9166666E-02  0.7472092     
 0.1083333E-01  0.7173644     
 0.1250000E-01  0.8477025     
 0.1416667E-01  0.9155458     
 0.1583333E-01  0.9179894     
 0.1750000E-01  0.8686163     
 0.1916667E-01  0.6631581     
 0.2083333E-01  0.7515984     
 0.2250000E-01  0.8616289     
 0.2416667E-01  0.8967933     
 0.2583333E-01  0.8626727     
 0.2750000E-01  0.7267640     
 0.2916667E-01  0.6150270     
 0.3083333E-01  0.6927558     
 0.3250000E-01  0.7173995     
 0.3416666E-01  0.6642718     
 0.3583334E-01  0.5249857     
 0.3750000E-01  0.4583303     
 0.3916667E-01  0.4319357     
 0.4083334E-01  0.4354610     
 0.4250000E-01  0.3698002     
 0.4416666E-01  0.2296191     
 0.4583333E-01  0.1274148     
 0.4750000E-01  0.1805348     
 0.4916666E-01  0.8905856E-01 
 0.5083333E-01  0.7738999E-01 
 0.5250000E-01  0.7385504E-01 
 0.5416667E-01  0.1010569     
 0.5583333E-01  0.1793777     
 0.5750000E-01  0.2173752     
 0.5916666E-01  0.3068290     
 0.6083334E-01  0.3147564     
 0.6250000E-01  0.2830234     
 0.6416667E-01  0.2453507     
 0.6583333E-01  0.2400028     
 0.6750000E-01  0.1418081     
 0.6916667E-01  0.1107088     
 0.7083333E-01  0.8337632E-01 
 0.7250000E-01  0.5437148E-01 
 0.7416667E-01  0.7514191E-01 
 0.7583334E-01  0.1423782     
 0.7749999E-01  0.2078445     
 0.7916667E-01  0.2751011     
 0.8083334E-01  0.2571773     
 0.8250000E-01  0.2411437     
 0.8416667E-01  0.1723979     
 0.8583333E-01  0.1028995     
 0.8750000E-01  0.6167218E-01 
 0.8916666E-01  0.4183184E-01 
 0.9083333E-01  0.9849701E-01 
 0.9250000E-01  0.1541868     
 0.9416667E-01  0.2089280     
 0.9583333E-01  0.2234959     
 0.9750000E-01  0.1639460     
 0.9916665E-01  0.1124097     
 0.1008333      0.6806128E-01 
 0.1025000      0.5138662E-01 
 0.1041667      0.6619762E-01 
 0.1058333      0.1456705     
 0.1075000      0.1592851     
 0.1091667      0.1525169     
 0.1108333      0.1120368     
 0.1125000      0.1278459     
 0.1141667      0.6399632E-01 
 0.1158333      0.4116801E-01 
 0.1175000      0.8879951E-01 
 0.1191667      0.1059236     
 0.1208333      0.9790206E-01 
 0.1225000      0.1033424     
 0.1241667      0.7113193E-01 
 0.1258333      0.4179706E-01 
 0.1275000      0.5661602E-01 
 0.1291667      0.9928972E-01 
 0.1308333      0.1058910     
 0.1325000      0.6944989E-01 
 0.1341667      0.3877276E-01 
 0.1358333      0.2810420E-01 
 0.1375000      0.6099347E-01 
 0.1391667      0.7866322E-01 
 0.1408333      0.8092571E-01 
 0.1425000      0.4874449E-01 
 0.1441667      0.3460481E-01 
 0.1458333      0.4213955E-01 
 0.1475000      0.7055868E-01 
 0.1491667      0.5549870E-01 
 0.1508333      0.7371740E-01 
 0.1525000      0.3504339E-01 
 0.1541667      0.3435632E-01 
 0.1558333      0.6211412E-01 
 0.1575000      0.4994844E-01 
 0.1591667      0.1060732E-01 
 0.1608333      0.4689141E-01 
 0.1625000      0.4986313E-01 
 0.1641667      0.4703621E-01 
 0.1658333      0.1569008E-01 
