# SumMovie FRC for input stack : stack1.mrc
# Number of micrographs: 1
# Number of frames per movie: 50
# Pixel size (A): 3.0000
# 1/(A)          FRC
# -----------------------
# 
# Micrograph 1 of 1. Score: .500
 0.8333334E-03  0.9999990     
 0.2500000E-02  0.9744861     
 0.4166666E-02  0.9566598     
 0.5833333E-02  0.9213008     
 0.7499999E-02  0.9020467     
 0.9166666E-02  0.7407236     
 0.1083333E-01  0.7087796     
 0.1250000E-01  0.8369638     
 0.1416667E-01  0.9076136     
 0.1583333E-01  0.9117656     
 0.1750000E-01  0.8546233     
 0.1916667E-01  0.6338738     
 0.2083333E-01  0.7267838     
 0.2250000E-01  0.8414710     
 0.2416667E-01  0.8793828     
 0.2583333E-01  0.8358825     
 0.2750000E-01  0.6821840     
 0.2916667E-01  0.5469903     
 0.3083333E-01  0.6467046     
 0.3250000E-01  0.6485360     
 0.3416666E-01  0.5920075     
 0.3583334E-01  0.4775431     
 0.3750000E-01  0.4232448     
 0.3916667E-01  0.3688431     
 0.4083334E-01  0.3656035     
 0.4250000E-01  0.3301086     
 0.4416666E-01  0.2128504     
 0.4583333E-01  0.1440435     
 0.4750000E-01  0.1848387     
 0.4916666E-01  0.1148492     
 0.5083333E-01  0.9731791E-01 
 0.5250000E-01  0.1064807     
 0.5416667E-01  0.1149465     
 0.5583333E-01  0.1705790     
 0.5750000E-01  0.2204885     
 0.5916666E-01  0.2394199     
 0.6083334E-01  0.2776231     
 0.6250000E-01  0.2374411     
 0.6416667E-01  0.2404913     
 0.6583333E-01  0.2239404     
 0.6750000E-01  0.1440517     
 0.6916667E-01  0.1557201     
 0.7083333E-01  0.1268750     
 0.7250000E-01  0.7671952E-01 
 0.7416667E-01  0.9859620E-01 
 0.7583334E-01  0.1477786     
 0.7749999E-01  0.1993594     
 0.7916667E-01  0.2081804     
 0.8083334E-01  0.2059810     
 0.8250000E-01  0.2101128     
 0.8416667E-01  0.1707548     
 0.8583333E-01  0.1115598     
 0.8750000E-01  0.6709073E-01 
 0.8916666E-01  0.3733691E-01 
 0.9083333E-01  0.1146648     
 0.9250000E-01  0.1351373     
 0.9416667E-01  0.1786499     
 0.9583333E-01  0.1828720     
 0.9750000E-01  0.1605877     
 0.9916665E-01  0.1071692     
 0.1008333      0.9594575E-01 
 0.1025000      0.5050237E-01 
 0.1041667      0.1114661     
 0.1058333      0.1594225     
 0.1075000      0.1390435     
 0.1091667      0.1435836     
 0.1108333      0.1119136     
 0.1125000      0.1147245     
 0.1141667      0.8022184E-01 
 0.1158333      0.5300621E-01 
 0.1175000      0.8472863E-01 
 0.1191667      0.9747543E-01 
 0.1208333      0.1107886     
 0.1225000      0.6891149E-01 
 0.1241667      0.9040080E-01 
 0.1258333      0.6478236E-01 
 0.1275000      0.5497424E-01 
 0.1291667      0.1189425     
 0.1308333      0.1069534     
 0.1325000      0.9376574E-01 
 0.1341667      0.4495872E-01 
 0.1358333      0.6916662E-01 
 0.1375000      0.7912287E-01 
 0.1391667      0.8341628E-01 
 0.1408333      0.1028862     
 0.1425000      0.5849306E-01 
 0.1441667      0.5356525E-01 
 0.1458333      0.8059084E-01 
 0.1475000      0.1015198     
 0.1491667      0.6348673E-01 
 0.1508333      0.6956001E-01 
 0.1525000      0.4899410E-01 
 0.1541667      0.5174167E-01 
 0.1558333      0.5707960E-01 
 0.1575000      0.7670134E-01 
 0.1591667      0.4692376E-01 
 0.1608333      0.7887408E-01 
 0.1625000      0.4683301E-01 
 0.1641667      0.6840371E-01 
 0.1658333      0.5584472E-01 
