# SumMovie FRC for input stack : stack16.mrc
# Number of micrographs: 1
# Number of frames per movie: 50
# Pixel size (A): 3.0000
# 1/(A)          FRC
# -----------------------
# 
# Micrograph 1 of 1. Score: .529
 0.8333334E-03  0.9999994     
 0.2500000E-02  0.9670037     
 0.4166666E-02  0.9459234     
 0.5833333E-02  0.9109923     
 0.7499999E-02  0.8943231     
 0.9166666E-02  0.8411669     
 0.1083333E-01  0.7716865     
 0.1250000E-01  0.8786139     
 0.1416667E-01  0.9333574     
 0.1583333E-01  0.9637749     
 0.1750000E-01  0.9436354     
 0.1916667E-01  0.7649417     
 0.2083333E-01  0.8002009     
 0.2250000E-01  0.8930451     
 0.2416667E-01  0.9345660     
 0.2583333E-01  0.9255852     
 0.2750000E-01  0.8147401     
 0.2916667E-01  0.6806014     
 0.3083333E-01  0.7323530     
 0.3250000E-01  0.7778018     
 0.3416666E-01  0.6988878     
 0.3583334E-01  0.5601271     
 0.3750000E-01  0.4261022     
 0.3916667E-01  0.3591883     
 0.4083334E-01  0.2959371     
 0.4250000E-01  0.1139322     
 0.4416666E-01  0.1226050     
 0.4583333E-01  0.1051606     
 0.4750000E-01  0.1364529     
 0.4916666E-01  0.2709676     
 0.5083333E-01  0.3321373     
 0.5250000E-01  0.3609487     
 0.5416667E-01  0.3591456     
 0.5583333E-01  0.4072702     
 0.5750000E-01  0.3464474     
 0.5916666E-01  0.2641228     
 0.6083334E-01  0.1772440     
 0.6250000E-01  0.9095965E-01 
 0.6416667E-01  0.1115268     
 0.6583333E-01  0.1423376     
 0.6750000E-01  0.1931206     
 0.6916667E-01  0.3011023     
 0.7083333E-01  0.3926767     
 0.7250000E-01  0.3344709     
 0.7416667E-01  0.2719893     
 0.7583334E-01  0.1650966     
 0.7749999E-01  0.1119445     
 0.7916667E-01  0.9331549E-01 
 0.8083334E-01  0.2469826     
 0.8250000E-01  0.2509075     
 0.8416667E-01  0.3290858     
 0.8583333E-01  0.2803513     
 0.8750000E-01  0.1852746     
 0.8916666E-01  0.1164974     
 0.9083333E-01  0.9787213E-01 
 0.9250000E-01  0.1829968     
 0.9416667E-01  0.2416178     
 0.9583333E-01  0.2585626     
 0.9750000E-01  0.2079308     
 0.9916665E-01  0.1246930     
 0.1008333      0.1021664     
 0.1025000      0.1338497     
 0.1041667      0.1904124     
 0.1058333      0.2302286     
 0.1075000      0.1877845     
 0.1091667      0.1303071     
 0.1108333      0.6780745E-01 
 0.1125000      0.1525023     
 0.1141667      0.1820592     
 0.1158333      0.1718876     
 0.1175000      0.1329497     
 0.1191667      0.9165874E-01 
 0.1208333      0.1130441     
 0.1225000      0.1488702     
 0.1241667      0.1687592     
 0.1258333      0.1290883     
 0.1275000      0.8846098E-01 
 0.1291667      0.1049384     
 0.1308333      0.1397991     
 0.1325000      0.1348134     
 0.1341667      0.1071012     
 0.1358333      0.6203863E-01 
 0.1375000      0.1177137     
 0.1391667      0.1332317     
 0.1408333      0.1315183     
 0.1425000      0.8753028E-01 
 0.1441667      0.1137847     
 0.1458333      0.1189145     
 0.1475000      0.1126070     
 0.1491667      0.1163561     
 0.1508333      0.9912971E-01 
 0.1525000      0.1185368     
 0.1541667      0.1103690     
 0.1558333      0.8850066E-01 
 0.1575000      0.8919003E-01 
 0.1591667      0.1077545     
 0.1608333      0.1113217     
 0.1625000      0.6836759E-01 
 0.1641667      0.8996865E-01 
 0.1658333      0.1369591     
