# SumMovie FRC for input stack : stack11.mrc
# Number of micrographs: 1
# Number of frames per movie: 50
# Pixel size (A): 3.0000
# 1/(A)          FRC
# -----------------------
# 
# Micrograph 1 of 1. Score: .577
 0.8333334E-03  0.9999998     
 0.2500000E-02  0.8506231     
 0.4166666E-02  0.8708908     
 0.5833333E-02  0.8516584     
 0.7499999E-02  0.8579494     
 0.9166666E-02  0.7378101     
 0.1083333E-01  0.6256904     
 0.1250000E-01  0.8538992     
 0.1416667E-01  0.9154422     
 0.1583333E-01  0.9441944     
 0.1750000E-01  0.9083050     
 0.1916667E-01  0.6548887     
 0.2083333E-01  0.7417620     
 0.2250000E-01  0.8761894     
 0.2416667E-01  0.9248223     
 0.2583333E-01  0.8933128     
 0.2750000E-01  0.7467258     
 0.2916667E-01  0.6521429     
 0.3083333E-01  0.7203721     
 0.3250000E-01  0.7781981     
 0.3416666E-01  0.7315964     
 0.3583334E-01  0.5954059     
 0.3750000E-01  0.5332589     
 0.3916667E-01  0.5112598     
 0.4083334E-01  0.5214346     
 0.4250000E-01  0.4076000     
 0.4416666E-01  0.3420053     
 0.4583333E-01  0.2999476     
 0.4750000E-01  0.2185036     
 0.4916666E-01  0.1035803     
 0.5083333E-01  0.7678422E-01 
 0.5250000E-01  0.1388202     
 0.5416667E-01  0.1451083     
 0.5583333E-01  0.2188486     
 0.5750000E-01  0.2994442     
 0.5916666E-01  0.3837149     
 0.6083334E-01  0.3613367     
 0.6250000E-01  0.4228373     
 0.6416667E-01  0.4059552     
 0.6583333E-01  0.3277519     
 0.6750000E-01  0.3038950     
 0.6916667E-01  0.1813726     
 0.7083333E-01  0.1052692     
 0.7250000E-01  0.6546843E-01 
 0.7416667E-01  0.1082669     
 0.7583334E-01  0.2019293     
 0.7749999E-01  0.2834906     
 0.7916667E-01  0.3225906     
 0.8083334E-01  0.3779896     
 0.8250000E-01  0.3368187     
 0.8416667E-01  0.3166497     
 0.8583333E-01  0.2089517     
 0.8750000E-01  0.1004302     
 0.8916666E-01  0.6766836E-01 
 0.9083333E-01  0.1340817     
 0.9250000E-01  0.2389572     
 0.9416667E-01  0.2915408     
 0.9583333E-01  0.2971493     
 0.9750000E-01  0.2676939     
 0.9916665E-01  0.2189365     
 0.1008333      0.1054079     
 0.1025000      0.4110484E-01 
 0.1041667      0.1132793     
 0.1058333      0.1899998     
 0.1075000      0.2368056     
 0.1091667      0.2353235     
 0.1108333      0.1969565     
 0.1125000      0.1315718     
 0.1141667      0.6257110E-01 
 0.1158333      0.8146738E-01 
 0.1175000      0.1383236     
 0.1191667      0.1725907     
 0.1208333      0.1618071     
 0.1225000      0.1307985     
 0.1241667      0.7349215E-01 
 0.1258333      0.6333293E-01 
 0.1275000      0.9079209E-01 
 0.1291667      0.1430651     
 0.1308333      0.1660588     
 0.1325000      0.1622182     
 0.1341667      0.8760288E-01 
 0.1358333      0.4850771E-01 
 0.1375000      0.9182718E-01 
 0.1391667      0.1002548     
 0.1408333      0.1280205     
 0.1425000      0.1015540     
 0.1441667      0.6801077E-01 
 0.1458333      0.4460789E-01 
 0.1475000      0.5690740E-01 
 0.1491667      0.1107906     
 0.1508333      0.1022479     
 0.1525000      0.8122531E-01 
 0.1541667      0.6420196E-01 
 0.1558333      0.6343462E-01 
 0.1575000      0.1150112     
 0.1591667      0.6976306E-01 
 0.1608333      0.6260836E-01 
 0.1625000      0.5877674E-01 
 0.1641667      0.7162613E-01 
 0.1658333      0.9257531E-01 
