# SumMovie FRC for input stack : stack11.mrc
# Number of micrographs: 1
# Number of frames per movie: 50
# Pixel size (A): 3.0000
# 1/(A)          FRC
# -----------------------
# 
# Micrograph 1 of 1. Score: .575
 0.8333334E-03  0.9999998     
 0.2500000E-02  0.8504228     
 0.4166666E-02  0.8705429     
 0.5833333E-02  0.8518979     
 0.7499999E-02  0.8575847     
 0.9166666E-02  0.7372290     
 0.1083333E-01  0.6258712     
 0.1250000E-01  0.8528271     
 0.1416667E-01  0.9145918     
 0.1583333E-01  0.9439881     
 0.1750000E-01  0.9076062     
 0.1916667E-01  0.6575276     
 0.2083333E-01  0.7404488     
 0.2250000E-01  0.8758411     
 0.2416667E-01  0.9229746     
 0.2583333E-01  0.8929990     
 0.2750000E-01  0.7440520     
 0.2916667E-01  0.6458543     
 0.3083333E-01  0.7142582     
 0.3250000E-01  0.7742270     
 0.3416666E-01  0.7244194     
 0.3583334E-01  0.5921245     
 0.3750000E-01  0.5275987     
 0.3916667E-01  0.5038434     
 0.4083334E-01  0.5198629     
 0.4250000E-01  0.4039684     
 0.4416666E-01  0.3403491     
 0.4583333E-01  0.2953005     
 0.4750000E-01  0.2209717     
 0.4916666E-01  0.1083727     
 0.5083333E-01  0.7675690E-01 
 0.5250000E-01  0.1380750     
 0.5416667E-01  0.1427467     
 0.5583333E-01  0.2228662     
 0.5750000E-01  0.2997375     
 0.5916666E-01  0.3688048     
 0.6083334E-01  0.3588642     
 0.6250000E-01  0.4110710     
 0.6416667E-01  0.3971452     
 0.6583333E-01  0.3200972     
 0.6750000E-01  0.3033960     
 0.6916667E-01  0.1899743     
 0.7083333E-01  0.1105689     
 0.7250000E-01  0.8106957E-01 
 0.7416667E-01  0.1105452     
 0.7583334E-01  0.2012717     
 0.7749999E-01  0.2735371     
 0.7916667E-01  0.3174041     
 0.8083334E-01  0.3633702     
 0.8250000E-01  0.3262325     
 0.8416667E-01  0.3033756     
 0.8583333E-01  0.2109441     
 0.8750000E-01  0.9952624E-01 
 0.8916666E-01  0.7584994E-01 
 0.9083333E-01  0.1326330     
 0.9250000E-01  0.2293496     
 0.9416667E-01  0.2926599     
 0.9583333E-01  0.3034151     
 0.9750000E-01  0.2623749     
 0.9916665E-01  0.2363608     
 0.1008333      0.1120935     
 0.1025000      0.7060903E-01 
 0.1041667      0.1304594     
 0.1058333      0.2140627     
 0.1075000      0.2307381     
 0.1091667      0.2487381     
 0.1108333      0.2071816     
 0.1125000      0.1487673     
 0.1141667      0.8975981E-01 
 0.1158333      0.9340654E-01 
 0.1175000      0.1600498     
 0.1191667      0.1911255     
 0.1208333      0.1633674     
 0.1225000      0.1446333     
 0.1241667      0.8692837E-01 
 0.1258333      0.8922116E-01 
 0.1275000      0.1045582     
 0.1291667      0.1619406     
 0.1308333      0.1693831     
 0.1325000      0.1790761     
 0.1341667      0.1038835     
 0.1358333      0.6287999E-01 
 0.1375000      0.1231591     
 0.1391667      0.1139704     
 0.1408333      0.1510651     
 0.1425000      0.1156933     
 0.1441667      0.9809446E-01 
 0.1458333      0.8496434E-01 
 0.1475000      0.7886891E-01 
 0.1491667      0.1207949     
 0.1508333      0.1333362     
 0.1525000      0.1018781     
 0.1541667      0.8815967E-01 
 0.1558333      0.9345460E-01 
 0.1575000      0.1348524     
 0.1591667      0.9311706E-01 
 0.1608333      0.9571714E-01 
 0.1625000      0.7881879E-01 
 0.1641667      0.1088873     
 0.1658333      0.1248386     
