# SumMovie FRC for input stack : stack1.mrc
# Number of micrographs: 1
# Number of frames per movie: 50
# Pixel size (A): 3.0000
# 1/(A)          FRC
# -----------------------
# 
# Micrograph 1 of 1. Score: .500
 0.8333334E-03  0.9999990     
 0.2500000E-02  0.9744872     
 0.4166666E-02  0.9566618     
 0.5833333E-02  0.9213024     
 0.7499999E-02  0.9020501     
 0.9166666E-02  0.7407858     
 0.1083333E-01  0.7088253     
 0.1250000E-01  0.8370273     
 0.1416667E-01  0.9076703     
 0.1583333E-01  0.9118165     
 0.1750000E-01  0.8547179     
 0.1916667E-01  0.6341085     
 0.2083333E-01  0.7269610     
 0.2250000E-01  0.8415945     
 0.2416667E-01  0.8795053     
 0.2583333E-01  0.8360537     
 0.2750000E-01  0.6824298     
 0.2916667E-01  0.5474282     
 0.3083333E-01  0.6470032     
 0.3250000E-01  0.6489823     
 0.3416666E-01  0.5923991     
 0.3583334E-01  0.4777312     
 0.3750000E-01  0.4233499     
 0.3916667E-01  0.3692262     
 0.4083334E-01  0.3660571     
 0.4250000E-01  0.3303967     
 0.4416666E-01  0.2129733     
 0.4583333E-01  0.1438568     
 0.4750000E-01  0.1850282     
 0.4916666E-01  0.1147695     
 0.5083333E-01  0.9729350E-01 
 0.5250000E-01  0.1062228     
 0.5416667E-01  0.1149641     
 0.5583333E-01  0.1705071     
 0.5750000E-01  0.2203847     
 0.5916666E-01  0.2395250     
 0.6083334E-01  0.2777643     
 0.6250000E-01  0.2374672     
 0.6416667E-01  0.2402905     
 0.6583333E-01  0.2239738     
 0.6750000E-01  0.1439717     
 0.6916667E-01  0.1556015     
 0.7083333E-01  0.1267268     
 0.7250000E-01  0.7646382E-01 
 0.7416667E-01  0.9826607E-01 
 0.7583334E-01  0.1474907     
 0.7749999E-01  0.1991025     
 0.7916667E-01  0.2082010     
 0.8083334E-01  0.2061138     
 0.8250000E-01  0.2100012     
 0.8416667E-01  0.1703392     
 0.8583333E-01  0.1113899     
 0.8750000E-01  0.6679539E-01 
 0.8916666E-01  0.3679331E-01 
 0.9083333E-01  0.1141463     
 0.9250000E-01  0.1347880     
 0.9416667E-01  0.1784402     
 0.9583333E-01  0.1828643     
 0.9750000E-01  0.1604162     
 0.9916665E-01  0.1067372     
 0.1008333      0.9551285E-01 
 0.1025000      0.5007451E-01 
 0.1041667      0.1114685     
 0.1058333      0.1589985     
 0.1075000      0.1387958     
 0.1091667      0.1433010     
 0.1108333      0.1114825     
 0.1125000      0.1146684     
 0.1141667      0.7999410E-01 
 0.1158333      0.5267701E-01 
 0.1175000      0.8417713E-01 
 0.1191667      0.9760967E-01 
 0.1208333      0.1106306     
 0.1225000      0.6861869E-01 
 0.1241667      0.8997608E-01 
 0.1258333      0.6397571E-01 
 0.1275000      0.5418963E-01 
 0.1291667      0.1187452     
 0.1308333      0.1063499     
 0.1325000      0.9326014E-01 
 0.1341667      0.4426210E-01 
 0.1358333      0.6881780E-01 
 0.1375000      0.7843383E-01 
 0.1391667      0.8300735E-01 
 0.1408333      0.1025567     
 0.1425000      0.5829183E-01 
 0.1441667      0.5291685E-01 
 0.1458333      0.7998430E-01 
 0.1475000      0.1010125     
 0.1491667      0.6303246E-01 
 0.1508333      0.6877109E-01 
 0.1525000      0.4840766E-01 
 0.1541667      0.5117226E-01 
 0.1558333      0.5669784E-01 
 0.1575000      0.7586067E-01 
 0.1591667      0.4593893E-01 
 0.1608333      0.7826078E-01 
 0.1625000      0.4645272E-01 
 0.1641667      0.6829440E-01 
 0.1658333      0.5507472E-01 
