# SumMovie FRC for input stack : stack6.mrc
# Number of micrographs: 1
# Number of frames per movie: 50
# Pixel size (A): 3.0000
# 1/(A)          FRC
# -----------------------
# 
# Micrograph 1 of 1. Score: .572
 0.8333334E-03  0.9999999     
 0.2500000E-02  0.9513415     
 0.4166666E-02  0.9316542     
 0.5833333E-02  0.8461416     
 0.7499999E-02  0.8648202     
 0.9166666E-02  0.6722021     
 0.1083333E-01  0.6537676     
 0.1250000E-01  0.8456770     
 0.1416667E-01  0.8824672     
 0.1583333E-01  0.9306031     
 0.1750000E-01  0.8902158     
 0.1916667E-01  0.5996864     
 0.2083333E-01  0.6592457     
 0.2250000E-01  0.8263087     
 0.2416667E-01  0.8899485     
 0.2583333E-01  0.8415447     
 0.2750000E-01  0.7180518     
 0.2916667E-01  0.6111426     
 0.3083333E-01  0.6705611     
 0.3250000E-01  0.7137200     
 0.3416666E-01  0.6803005     
 0.3583334E-01  0.5711650     
 0.3750000E-01  0.5178005     
 0.3916667E-01  0.5005358     
 0.4083334E-01  0.5312742     
 0.4250000E-01  0.4320776     
 0.4416666E-01  0.3657532     
 0.4583333E-01  0.3322583     
 0.4750000E-01  0.2827494     
 0.4916666E-01  0.2102818     
 0.5083333E-01  0.1186603     
 0.5250000E-01  0.1445986     
 0.5416667E-01  0.9129479E-01 
 0.5583333E-01  0.1315264     
 0.5750000E-01  0.1297995     
 0.5916666E-01  0.2065367     
 0.6083334E-01  0.2659545     
 0.6250000E-01  0.2870347     
 0.6416667E-01  0.3262136     
 0.6583333E-01  0.3244802     
 0.6750000E-01  0.3311118     
 0.6916667E-01  0.3150586     
 0.7083333E-01  0.2646575     
 0.7250000E-01  0.2123090     
 0.7416667E-01  0.1455060     
 0.7583334E-01  0.1024263     
 0.7749999E-01  0.8914541E-01 
 0.7916667E-01  0.9759309E-01 
 0.8083334E-01  0.1713218     
 0.8250000E-01  0.2098424     
 0.8416667E-01  0.2646137     
 0.8583333E-01  0.2843089     
 0.8750000E-01  0.2610031     
 0.8916666E-01  0.2549582     
 0.9083333E-01  0.1314486     
 0.9250000E-01  0.1299988     
 0.9416667E-01  0.8702755E-01 
 0.9583333E-01  0.1301832     
 0.9750000E-01  0.1315388     
 0.9916665E-01  0.1684257     
 0.1008333      0.1895253     
 0.1025000      0.2090034     
 0.1041667      0.1982345     
 0.1058333      0.1430583     
 0.1075000      0.1093731     
 0.1091667      0.5883894E-01 
 0.1108333      0.8399141E-01 
 0.1125000      0.1402190     
 0.1141667      0.1722728     
 0.1158333      0.1966356     
 0.1175000      0.1610148     
 0.1191667      0.1415323     
 0.1208333      0.1008292     
 0.1225000      0.7360703E-01 
 0.1241667      0.9806127E-01 
 0.1258333      0.1010308     
 0.1275000      0.1526039     
 0.1291667      0.1408192     
 0.1308333      0.1404801     
 0.1325000      0.6867722E-01 
 0.1341667      0.5927763E-01 
 0.1358333      0.1149504     
 0.1375000      0.9533312E-01 
 0.1391667      0.9885504E-01 
 0.1408333      0.1227975     
 0.1425000      0.1059627     
 0.1441667      0.8379620E-01 
 0.1458333      0.8522809E-01 
 0.1475000      0.9516688E-01 
 0.1491667      0.1225746     
 0.1508333      0.1320486     
 0.1525000      0.1044724     
 0.1541667      0.6982546E-01 
 0.1558333      0.9927673E-01 
 0.1575000      0.8871245E-01 
 0.1591667      0.1021406     
 0.1608333      0.1241722     
 0.1625000      0.9249276E-01 
 0.1641667      0.8501177E-01 
 0.1658333      0.6530177E-01 
