# SumMovie FRC for input stack : stack1.mrc
# Number of micrographs: 1
# Number of frames per movie: 50
# Pixel size (A): 3.0000
# 1/(A)          FRC
# -----------------------
# 
# Micrograph 1 of 1. Score: .506
 0.8333334E-03  0.9999990     
 0.2500000E-02  0.9744968     
 0.4166666E-02  0.9567111     
 0.5833333E-02  0.9213632     
 0.7499999E-02  0.9023545     
 0.9166666E-02  0.7423751     
 0.1083333E-01  0.7104939     
 0.1250000E-01  0.8394098     
 0.1416667E-01  0.9095121     
 0.1583333E-01  0.9133589     
 0.1750000E-01  0.8579802     
 0.1916667E-01  0.6411905     
 0.2083333E-01  0.7327625     
 0.2250000E-01  0.8462229     
 0.2416667E-01  0.8836939     
 0.2583333E-01  0.8422861     
 0.2750000E-01  0.6918812     
 0.2916667E-01  0.5618958     
 0.3083333E-01  0.6570439     
 0.3250000E-01  0.6647412     
 0.3416666E-01  0.6077604     
 0.3583334E-01  0.4863279     
 0.3750000E-01  0.4287893     
 0.3916667E-01  0.3821636     
 0.4083334E-01  0.3800209     
 0.4250000E-01  0.3397712     
 0.4416666E-01  0.2153276     
 0.4583333E-01  0.1384876     
 0.4750000E-01  0.1897062     
 0.4916666E-01  0.1089786     
 0.5083333E-01  0.9633139E-01 
 0.5250000E-01  0.9900898E-01 
 0.5416667E-01  0.1136988     
 0.5583333E-01  0.1689659     
 0.5750000E-01  0.2179285     
 0.5916666E-01  0.2488094     
 0.6083334E-01  0.2828922     
 0.6250000E-01  0.2398109     
 0.6416667E-01  0.2330665     
 0.6583333E-01  0.2245416     
 0.6750000E-01  0.1403780     
 0.6916667E-01  0.1509901     
 0.7083333E-01  0.1216147     
 0.7250000E-01  0.7036002E-01 
 0.7416667E-01  0.8873664E-01 
 0.7583334E-01  0.1384673     
 0.7749999E-01  0.1899796     
 0.7916667E-01  0.2082416     
 0.8083334E-01  0.2110622     
 0.8250000E-01  0.2027853     
 0.8416667E-01  0.1604929     
 0.8583333E-01  0.1020019     
 0.8750000E-01  0.6126856E-01 
 0.8916666E-01  0.2278591E-01 
 0.9083333E-01  0.9625047E-01 
 0.9250000E-01  0.1252733     
 0.9416667E-01  0.1752549     
 0.9583333E-01  0.1853887     
 0.9750000E-01  0.1535989     
 0.9916665E-01  0.9436618E-01 
 0.1008333      0.8315228E-01 
 0.1025000      0.3656202E-01 
 0.1041667      0.1106007     
 0.1058333      0.1493530     
 0.1075000      0.1411252     
 0.1091667      0.1383716     
 0.1108333      0.1080942     
 0.1125000      0.1142597     
 0.1141667      0.7221795E-01 
 0.1158333      0.4672465E-01 
 0.1175000      0.7415546E-01 
 0.1191667      0.1059947     
 0.1208333      0.9902129E-01 
 0.1225000      0.6157423E-01 
 0.1241667      0.7535948E-01 
 0.1258333      0.4895918E-01 
 0.1275000      0.3353502E-01 
 0.1291667      0.1177070     
 0.1308333      0.9145872E-01 
 0.1325000      0.8190514E-01 
 0.1341667      0.2859780E-01 
 0.1358333      0.5911675E-01 
 0.1375000      0.6431303E-01 
 0.1391667      0.7454231E-01 
 0.1408333      0.9077607E-01 
 0.1425000      0.5879844E-01 
 0.1441667      0.3957121E-01 
 0.1458333      0.6137876E-01 
 0.1475000      0.8728269E-01 
 0.1491667      0.5498965E-01 
 0.1508333      0.4855559E-01 
 0.1525000      0.3899524E-01 
 0.1541667      0.4521874E-01 
 0.1558333      0.4788666E-01 
 0.1575000      0.6003024E-01 
 0.1591667      0.2187945E-01 
 0.1608333      0.6444453E-01 
 0.1625000      0.4511204E-01 
 0.1641667      0.7040909E-01 
 0.1658333      0.4383632E-01 
