# SumMovie FRC for input stack : stack11.mrc
# Number of micrographs: 1
# Number of frames per movie: 50
# Pixel size (A): 3.0000
# 1/(A)          FRC
# -----------------------
# 
# Micrograph 1 of 1. Score: .568
 0.8333334E-03  0.9999998     
 0.2500000E-02  0.8499858     
 0.4166666E-02  0.8700500     
 0.5833333E-02  0.8519399     
 0.7499999E-02  0.8571623     
 0.9166666E-02  0.7361681     
 0.1083333E-01  0.6257075     
 0.1250000E-01  0.8513805     
 0.1416667E-01  0.9135789     
 0.1583333E-01  0.9435782     
 0.1750000E-01  0.9064299     
 0.1916667E-01  0.6586789     
 0.2083333E-01  0.7374725     
 0.2250000E-01  0.8739981     
 0.2416667E-01  0.9202125     
 0.2583333E-01  0.8910975     
 0.2750000E-01  0.7387123     
 0.2916667E-01  0.6348584     
 0.3083333E-01  0.7056007     
 0.3250000E-01  0.7671195     
 0.3416666E-01  0.7139630     
 0.3583334E-01  0.5843832     
 0.3750000E-01  0.5164070     
 0.3916667E-01  0.4912475     
 0.4083334E-01  0.5106632     
 0.4250000E-01  0.3960458     
 0.4416666E-01  0.3311335     
 0.4583333E-01  0.2817155     
 0.4750000E-01  0.2187603     
 0.4916666E-01  0.1064244     
 0.5083333E-01  0.7504233E-01 
 0.5250000E-01  0.1350131     
 0.5416667E-01  0.1318108     
 0.5583333E-01  0.2202165     
 0.5750000E-01  0.2903928     
 0.5916666E-01  0.3491796     
 0.6083334E-01  0.3489355     
 0.6250000E-01  0.3861828     
 0.6416667E-01  0.3788827     
 0.6583333E-01  0.2951848     
 0.6750000E-01  0.2892441     
 0.6916667E-01  0.1868227     
 0.7083333E-01  0.1102057     
 0.7250000E-01  0.8760819E-01 
 0.7416667E-01  0.1078191     
 0.7583334E-01  0.1903360     
 0.7749999E-01  0.2566146     
 0.7916667E-01  0.3022271     
 0.8083334E-01  0.3378084     
 0.8250000E-01  0.3083197     
 0.8416667E-01  0.2830709     
 0.8583333E-01  0.1971661     
 0.8750000E-01  0.8971845E-01 
 0.8916666E-01  0.7599893E-01 
 0.9083333E-01  0.1272728     
 0.9250000E-01  0.2125448     
 0.9416667E-01  0.2730074     
 0.9583333E-01  0.2993966     
 0.9750000E-01  0.2454830     
 0.9916665E-01  0.2264066     
 0.1008333      0.1135569     
 0.1025000      0.8519770E-01 
 0.1041667      0.1431622     
 0.1058333      0.2130970     
 0.1075000      0.2042276     
 0.1091667      0.2430994     
 0.1108333      0.2063419     
 0.1125000      0.1528900     
 0.1141667      0.1019515     
 0.1158333      0.9105079E-01 
 0.1175000      0.1614237     
 0.1191667      0.1906831     
 0.1208333      0.1653186     
 0.1225000      0.1448854     
 0.1241667      0.9257111E-01 
 0.1258333      0.1048508     
 0.1275000      0.1127437     
 0.1291667      0.1645458     
 0.1308333      0.1559331     
 0.1325000      0.1840047     
 0.1341667      0.1107451     
 0.1358333      0.7228892E-01 
 0.1375000      0.1313475     
 0.1391667      0.1134804     
 0.1408333      0.1451107     
 0.1425000      0.1126074     
 0.1441667      0.1173673     
 0.1458333      0.1034578     
 0.1475000      0.1059172     
 0.1491667      0.1148766     
 0.1508333      0.1508849     
 0.1525000      0.1056149     
 0.1541667      0.9518935E-01 
 0.1558333      0.1159439     
 0.1575000      0.1460596     
 0.1591667      0.1076938     
 0.1608333      0.1200859     
 0.1625000      0.9997214E-01 
 0.1641667      0.1232647     
 0.1658333      0.1474693     
