# SumMovie FRC for input stack : stack11.mrc
# Number of micrographs: 1
# Number of frames per movie: 50
# Pixel size (A): 3.0000
# 1/(A)          FRC
# -----------------------
# 
# Micrograph 1 of 1. Score: .569
 0.8333334E-03  0.9999998     
 0.2500000E-02  0.8500347     
 0.4166666E-02  0.8701178     
 0.5833333E-02  0.8519568     
 0.7499999E-02  0.8572258     
 0.9166666E-02  0.7363161     
 0.1083333E-01  0.6257105     
 0.1250000E-01  0.8515616     
 0.1416667E-01  0.9136920     
 0.1583333E-01  0.9436294     
 0.1750000E-01  0.9065678     
 0.1916667E-01  0.6586490     
 0.2083333E-01  0.7378259     
 0.2250000E-01  0.8742539     
 0.2416667E-01  0.9205461     
 0.2583333E-01  0.8913579     
 0.2750000E-01  0.7393389     
 0.2916667E-01  0.6361794     
 0.3083333E-01  0.7065215     
 0.3250000E-01  0.7679480     
 0.3416666E-01  0.7150913     
 0.3583334E-01  0.5854349     
 0.3750000E-01  0.5176113     
 0.3916667E-01  0.4928423     
 0.4083334E-01  0.5118963     
 0.4250000E-01  0.3971632     
 0.4416666E-01  0.3323575     
 0.4583333E-01  0.2833055     
 0.4750000E-01  0.2194737     
 0.4916666E-01  0.1069447     
 0.5083333E-01  0.7544092E-01 
 0.5250000E-01  0.1357134     
 0.5416667E-01  0.1336041     
 0.5583333E-01  0.2208859     
 0.5750000E-01  0.2919655     
 0.5916666E-01  0.3512520     
 0.6083334E-01  0.3501289     
 0.6250000E-01  0.3894690     
 0.6416667E-01  0.3811322     
 0.6583333E-01  0.2978099     
 0.6750000E-01  0.2912869     
 0.6916667E-01  0.1874311     
 0.7083333E-01  0.1106831     
 0.7250000E-01  0.8719019E-01 
 0.7416667E-01  0.1083423     
 0.7583334E-01  0.1919508     
 0.7749999E-01  0.2584264     
 0.7916667E-01  0.3040911     
 0.8083334E-01  0.3406380     
 0.8250000E-01  0.3105220     
 0.8416667E-01  0.2852191     
 0.8583333E-01  0.1989786     
 0.8750000E-01  0.9097797E-01 
 0.8916666E-01  0.7689860E-01 
 0.9083333E-01  0.1282306     
 0.9250000E-01  0.2141160     
 0.9416667E-01  0.2756130     
 0.9583333E-01  0.3003316     
 0.9750000E-01  0.2479565     
 0.9916665E-01  0.2283519     
 0.1008333      0.1132508     
 0.1025000      0.8497318E-01 
 0.1041667      0.1426252     
 0.1058333      0.2146160     
 0.1075000      0.2077645     
 0.1091667      0.2448649     
 0.1108333      0.2072109     
 0.1125000      0.1529066     
 0.1141667      0.1016999     
 0.1158333      0.9202027E-01 
 0.1175000      0.1626808     
 0.1191667      0.1915606     
 0.1208333      0.1653582     
 0.1225000      0.1453142     
 0.1241667      0.9281147E-01 
 0.1258333      0.1046575     
 0.1275000      0.1130844     
 0.1291667      0.1647650     
 0.1308333      0.1574869     
 0.1325000      0.1845655     
 0.1341667      0.1109640     
 0.1358333      0.7161284E-01 
 0.1375000      0.1316377     
 0.1391667      0.1139132     
 0.1408333      0.1476608     
 0.1425000      0.1138940     
 0.1441667      0.1171278     
 0.1458333      0.1031969     
 0.1475000      0.1044385     
 0.1491667      0.1163759     
 0.1508333      0.1506006     
 0.1525000      0.1067919     
 0.1541667      0.9603222E-01 
 0.1558333      0.1155076     
 0.1575000      0.1460957     
 0.1591667      0.1075075     
 0.1608333      0.1203440     
 0.1625000      0.9935127E-01 
 0.1641667      0.1239823     
 0.1658333      0.1461164     
