# SumMovie FRC for input stack : stack1.mrc
# Number of micrographs: 1
# Number of frames per movie: 50
# Pixel size (A): 3.0000
# 1/(A)          FRC
# -----------------------
# 
# Micrograph 1 of 1. Score: .514
 0.8333334E-03  0.9999990     
 0.2500000E-02  0.9745046     
 0.4166666E-02  0.9567676     
 0.5833333E-02  0.9214045     
 0.7499999E-02  0.9026610     
 0.9166666E-02  0.7445554     
 0.1083333E-01  0.7126430     
 0.1250000E-01  0.8424242     
 0.1416667E-01  0.9118891     
 0.1583333E-01  0.9152967     
 0.1750000E-01  0.8620306     
 0.1916667E-01  0.6499941     
 0.2083333E-01  0.7399288     
 0.2250000E-01  0.8519056     
 0.2416667E-01  0.8888171     
 0.2583333E-01  0.8499176     
 0.2750000E-01  0.7039697     
 0.2916667E-01  0.5812039     
 0.3083333E-01  0.6699988     
 0.3250000E-01  0.6846861     
 0.3416666E-01  0.6280380     
 0.3583334E-01  0.4981258     
 0.3750000E-01  0.4360836     
 0.3916667E-01  0.3995210     
 0.4083334E-01  0.4001675     
 0.4250000E-01  0.3508204     
 0.4416666E-01  0.2182443     
 0.4583333E-01  0.1308693     
 0.4750000E-01  0.1917978     
 0.4916666E-01  0.1001107     
 0.5083333E-01  0.9357966E-01 
 0.5250000E-01  0.8811221E-01 
 0.5416667E-01  0.1090117     
 0.5583333E-01  0.1698723     
 0.5750000E-01  0.2115145     
 0.5916666E-01  0.2638668     
 0.6083334E-01  0.2899380     
 0.6250000E-01  0.2463308     
 0.6416667E-01  0.2235348     
 0.6583333E-01  0.2235802     
 0.6750000E-01  0.1353188     
 0.6916667E-01  0.1369667     
 0.7083333E-01  0.1097294     
 0.7250000E-01  0.6091954E-01 
 0.7416667E-01  0.7482723E-01 
 0.7583334E-01  0.1303809     
 0.7749999E-01  0.1806088     
 0.7916667E-01  0.2180492     
 0.8083334E-01  0.2195395     
 0.8250000E-01  0.1987624     
 0.8416667E-01  0.1467695     
 0.8583333E-01  0.9072100E-01 
 0.8750000E-01  0.6016545E-01 
 0.8916666E-01  0.1377962E-01 
 0.9083333E-01  0.7865579E-01 
 0.9250000E-01  0.1187339     
 0.9416667E-01  0.1722311     
 0.9583333E-01  0.1946158     
 0.9750000E-01  0.1465501     
 0.9916665E-01  0.8507970E-01 
 0.1008333      0.6630355E-01 
 0.1025000      0.2417272E-01 
 0.1041667      0.9844366E-01 
 0.1058333      0.1406793     
 0.1075000      0.1525729     
 0.1091667      0.1334178     
 0.1108333      0.1144920     
 0.1125000      0.1136545     
 0.1141667      0.6076122E-01 
 0.1158333      0.4352905E-01 
 0.1175000      0.7947399E-01 
 0.1191667      0.1129826     
 0.1208333      0.8256377E-01 
 0.1225000      0.7141456E-01 
 0.1241667      0.5978987E-01 
 0.1258333      0.3998442E-01 
 0.1275000      0.2255623E-01 
 0.1291667      0.1166812     
 0.1308333      0.7835478E-01 
 0.1325000      0.6865930E-01 
 0.1341667      0.2761371E-01 
 0.1358333      0.4306341E-01 
 0.1375000      0.5490532E-01 
 0.1391667      0.7135689E-01 
 0.1408333      0.8051389E-01 
 0.1425000      0.7023942E-01 
 0.1441667      0.3818696E-01 
 0.1458333      0.4225875E-01 
 0.1475000      0.7689530E-01 
 0.1491667      0.6065898E-01 
 0.1508333      0.5119510E-01 
 0.1525000      0.3820082E-01 
 0.1541667      0.5661797E-01 
 0.1558333      0.5704058E-01 
 0.1575000      0.4254163E-01 
 0.1591667      0.1834302E-01 
 0.1608333      0.4088487E-01 
 0.1625000      0.5663789E-01 
 0.1641667      0.7108258E-01 
 0.1658333      0.4233607E-01 
