# SumMovie FRC for input stack : stack11.mrc
# Number of micrographs: 1
# Number of frames per movie: 50
# Pixel size (A): 3.0000
# 1/(A)          FRC
# -----------------------
# 
# Micrograph 1 of 1. Score: .570
 0.8333334E-03  0.9999998     
 0.2500000E-02  0.8500950     
 0.4166666E-02  0.8701805     
 0.5833333E-02  0.8519574     
 0.7499999E-02  0.8573055     
 0.9166666E-02  0.7365292     
 0.1083333E-01  0.6257944     
 0.1250000E-01  0.8518084     
 0.1416667E-01  0.9138446     
 0.1583333E-01  0.9437198     
 0.1750000E-01  0.9067763     
 0.1916667E-01  0.6585950     
 0.2083333E-01  0.7384167     
 0.2250000E-01  0.8746130     
 0.2416667E-01  0.9210318     
 0.2583333E-01  0.8917525     
 0.2750000E-01  0.7404048     
 0.2916667E-01  0.6382827     
 0.3083333E-01  0.7080207     
 0.3250000E-01  0.7691603     
 0.3416666E-01  0.7169465     
 0.3583334E-01  0.5868843     
 0.3750000E-01  0.5196220     
 0.3916667E-01  0.4950581     
 0.4083334E-01  0.5137174     
 0.4250000E-01  0.3987147     
 0.4416666E-01  0.3340945     
 0.4583333E-01  0.2858545     
 0.4750000E-01  0.2197570     
 0.4916666E-01  0.1075347     
 0.5083333E-01  0.7585678E-01 
 0.5250000E-01  0.1365321     
 0.5416667E-01  0.1361088     
 0.5583333E-01  0.2213105     
 0.5750000E-01  0.2937617     
 0.5916666E-01  0.3542483     
 0.6083334E-01  0.3519606     
 0.6250000E-01  0.3937035     
 0.6416667E-01  0.3843474     
 0.6583333E-01  0.3026480     
 0.6750000E-01  0.2941749     
 0.6916667E-01  0.1884442     
 0.7083333E-01  0.1109891     
 0.7250000E-01  0.8682141E-01 
 0.7416667E-01  0.1090072     
 0.7583334E-01  0.1940526     
 0.7749999E-01  0.2612880     
 0.7916667E-01  0.3069844     
 0.8083334E-01  0.3448263     
 0.8250000E-01  0.3138254     
 0.8416667E-01  0.2882679     
 0.8583333E-01  0.2017424     
 0.8750000E-01  0.9289265E-01 
 0.8916666E-01  0.7729503E-01 
 0.9083333E-01  0.1287094     
 0.9250000E-01  0.2174159     
 0.9416667E-01  0.2795035     
 0.9583333E-01  0.3015285     
 0.9750000E-01  0.2507812     
 0.9916665E-01  0.2313955     
 0.1008333      0.1130071     
 0.1025000      0.8379725E-01 
 0.1041667      0.1412432     
 0.1058333      0.2163092     
 0.1075000      0.2128931     
 0.1091667      0.2469471     
 0.1108333      0.2081676     
 0.1125000      0.1532285     
 0.1141667      0.1010002     
 0.1158333      0.9309622E-01 
 0.1175000      0.1641060     
 0.1191667      0.1924462     
 0.1208333      0.1644968     
 0.1225000      0.1462710     
 0.1241667      0.9258414E-01 
 0.1258333      0.1032615     
 0.1275000      0.1122638     
 0.1291667      0.1652775     
 0.1308333      0.1607785     
 0.1325000      0.1845215     
 0.1341667      0.1104090     
 0.1358333      0.7076369E-01 
 0.1375000      0.1313080     
 0.1391667      0.1152731     
 0.1408333      0.1508349     
 0.1425000      0.1150970     
 0.1441667      0.1153364     
 0.1458333      0.1025581     
 0.1475000      0.1015435     
 0.1491667      0.1182323     
 0.1508333      0.1489535     
 0.1525000      0.1078616     
 0.1541667      0.9744941E-01 
 0.1558333      0.1134887     
 0.1575000      0.1454734     
 0.1591667      0.1069393     
 0.1608333      0.1185880     
 0.1625000      0.9734333E-01 
 0.1641667      0.1249367     
 0.1658333      0.1433853     
