# SumMovie FRC for input stack : stack1.mrc
# Number of micrographs: 1
# Number of frames per movie: 50
# Pixel size (A): 3.0000
# 1/(A)          FRC
# -----------------------
# 
# Micrograph 1 of 1. Score: .531
 0.8333334E-03  0.9999990     
 0.2500000E-02  0.9744605     
 0.4166666E-02  0.9567874     
 0.5833333E-02  0.9214059     
 0.7499999E-02  0.9030500     
 0.9166666E-02  0.7483431     
 0.1083333E-01  0.7177477     
 0.1250000E-01  0.8485705     
 0.1416667E-01  0.9161607     
 0.1583333E-01  0.9187948     
 0.1750000E-01  0.8695787     
 0.1916667E-01  0.6656553     
 0.2083333E-01  0.7536461     
 0.2250000E-01  0.8628420     
 0.2416667E-01  0.8983951     
 0.2583333E-01  0.8650323     
 0.2750000E-01  0.7299079     
 0.2916667E-01  0.6214219     
 0.3083333E-01  0.6965847     
 0.3250000E-01  0.7226338     
 0.3416666E-01  0.6689661     
 0.3583334E-01  0.5286514     
 0.3750000E-01  0.4601956     
 0.3916667E-01  0.4357027     
 0.4083334E-01  0.4405711     
 0.4250000E-01  0.3741958     
 0.4416666E-01  0.2311373     
 0.4583333E-01  0.1346476     
 0.4750000E-01  0.1780023     
 0.4916666E-01  0.8784355E-01 
 0.5083333E-01  0.6867621E-01 
 0.5250000E-01  0.7332880E-01 
 0.5416667E-01  0.1014821     
 0.5583333E-01  0.1827845     
 0.5750000E-01  0.2183572     
 0.5916666E-01  0.3131742     
 0.6083334E-01  0.3187889     
 0.6250000E-01  0.2944898     
 0.6416667E-01  0.2520163     
 0.6583333E-01  0.2458318     
 0.6750000E-01  0.1462783     
 0.6916667E-01  0.1090630     
 0.7083333E-01  0.8182203E-01 
 0.7250000E-01  0.5641882E-01 
 0.7416667E-01  0.8087499E-01 
 0.7583334E-01  0.1417237     
 0.7749999E-01  0.2194307     
 0.7916667E-01  0.2813938     
 0.8083334E-01  0.2646479     
 0.8250000E-01  0.2542311     
 0.8416667E-01  0.1788731     
 0.8583333E-01  0.1040370     
 0.8750000E-01  0.5235410E-01 
 0.8916666E-01  0.4604112E-01 
 0.9083333E-01  0.1070560     
 0.9250000E-01  0.1592654     
 0.9416667E-01  0.2125048     
 0.9583333E-01  0.2240730     
 0.9750000E-01  0.1694661     
 0.9916665E-01  0.1132202     
 0.1008333      0.6607579E-01 
 0.1025000      0.5481695E-01 
 0.1041667      0.7783351E-01 
 0.1058333      0.1401682     
 0.1075000      0.1555530     
 0.1091667      0.1514677     
 0.1108333      0.1011889     
 0.1125000      0.1277004     
 0.1141667      0.5909029E-01 
 0.1158333      0.3661335E-01 
 0.1175000      0.8190370E-01 
 0.1191667      0.1046871     
 0.1208333      0.1036785     
 0.1225000      0.9796899E-01 
 0.1241667      0.5654040E-01 
 0.1258333      0.3536564E-01 
 0.1275000      0.5160739E-01 
 0.1291667      0.8834477E-01 
 0.1308333      0.1048931     
 0.1325000      0.6246696E-01 
 0.1341667      0.4183019E-01 
 0.1358333      0.3384112E-01 
 0.1375000      0.5861521E-01 
 0.1391667      0.7379065E-01 
 0.1408333      0.7270201E-01 
 0.1425000      0.5042622E-01 
 0.1441667      0.1449075E-01 
 0.1458333      0.4405227E-01 
 0.1475000      0.6980747E-01 
 0.1491667      0.5986245E-01 
 0.1508333      0.7148874E-01 
 0.1525000      0.4832073E-01 
 0.1541667      0.3580464E-01 
 0.1558333      0.6604370E-01 
 0.1575000      0.4329225E-01 
 0.1591667      0.1612356E-01 
 0.1608333      0.3601879E-01 
 0.1625000      0.5139868E-01 
 0.1641667      0.5255697E-01 
 0.1658333      0.1601589E-01 
