# SumMovie FRC for input stack : stack1.mrc
# Number of micrographs: 1
# Number of frames per movie: 50
# Pixel size (A): 3.0000
# 1/(A)          FRC
# -----------------------
# 
# Micrograph 1 of 1. Score: .544
 0.8333334E-03  0.9999993     
 0.2500000E-02  0.9744793     
 0.4166666E-02  0.9570947     
 0.5833333E-02  0.9208494     
 0.7499999E-02  0.9049377     
 0.9166666E-02  0.7502640     
 0.1083333E-01  0.7271378     
 0.1250000E-01  0.8561701     
 0.1416667E-01  0.9224094     
 0.1583333E-01  0.9255373     
 0.1750000E-01  0.8742355     
 0.1916667E-01  0.6735072     
 0.2083333E-01  0.7631795     
 0.2250000E-01  0.8703619     
 0.2416667E-01  0.9036012     
 0.2583333E-01  0.8717685     
 0.2750000E-01  0.7485608     
 0.2916667E-01  0.6423826     
 0.3083333E-01  0.7085630     
 0.3250000E-01  0.7396556     
 0.3416666E-01  0.6851003     
 0.3583334E-01  0.5450990     
 0.3750000E-01  0.4802037     
 0.3916667E-01  0.4573472     
 0.4083334E-01  0.4490743     
 0.4250000E-01  0.3958947     
 0.4416666E-01  0.2505423     
 0.4583333E-01  0.1628919     
 0.4750000E-01  0.1810905     
 0.4916666E-01  0.9534085E-01 
 0.5083333E-01  0.5752993E-01 
 0.5250000E-01  0.6807650E-01 
 0.5416667E-01  0.1138254     
 0.5583333E-01  0.1868462     
 0.5750000E-01  0.2478715     
 0.5916666E-01  0.3185143     
 0.6083334E-01  0.3418051     
 0.6250000E-01  0.3292811     
 0.6416667E-01  0.2939929     
 0.6583333E-01  0.2687963     
 0.6750000E-01  0.1614526     
 0.6916667E-01  0.1252362     
 0.7083333E-01  0.8645137E-01 
 0.7250000E-01  0.6150604E-01 
 0.7416667E-01  0.9819296E-01 
 0.7583334E-01  0.1525175     
 0.7749999E-01  0.2505051     
 0.7916667E-01  0.2964731     
 0.8083334E-01  0.2844100     
 0.8250000E-01  0.2845999     
 0.8416667E-01  0.2140382     
 0.8583333E-01  0.1182355     
 0.8750000E-01  0.5653830E-01 
 0.8916666E-01  0.3456040E-01 
 0.9083333E-01  0.1194550     
 0.9250000E-01  0.1853902     
 0.9416667E-01  0.2342842     
 0.9583333E-01  0.2430993     
 0.9750000E-01  0.1976438     
 0.9916665E-01  0.1077488     
 0.1008333      0.6394871E-01 
 0.1025000      0.4334090E-01 
 0.1041667      0.1247092     
 0.1058333      0.1549253     
 0.1075000      0.1542587     
 0.1091667      0.1671654     
 0.1108333      0.1235621     
 0.1125000      0.1275238     
 0.1141667      0.4238237E-01 
 0.1158333      0.5948708E-01 
 0.1175000      0.1080606     
 0.1191667      0.1048057     
 0.1208333      0.1040239     
 0.1225000      0.9557316E-01 
 0.1241667      0.4324877E-01 
 0.1258333      0.3632487E-01 
 0.1275000      0.5378088E-01 
 0.1291667      0.1049852     
 0.1308333      0.1263419     
 0.1325000      0.6542674E-01 
 0.1341667      0.3801198E-01 
 0.1358333      0.3887830E-01 
 0.1375000      0.9061051E-01 
 0.1391667      0.6289238E-01 
 0.1408333      0.9703795E-01 
 0.1425000      0.6971865E-01 
 0.1441667      0.2355222E-01 
 0.1458333      0.3844701E-01 
 0.1475000      0.7599445E-01 
 0.1491667      0.6222255E-01 
 0.1508333      0.6625894E-01 
 0.1525000      0.4327222E-01 
 0.1541667      0.5374985E-01 
 0.1558333      0.8038387E-01 
 0.1575000      0.4022626E-01 
 0.1591667      0.2533927E-01 
 0.1608333      0.3615924E-01 
 0.1625000      0.4919325E-01 
 0.1641667      0.3402469E-01 
 0.1658333      0.3195961E-01 
