# SumMovie FRC for input stack : stack16.mrc
# Number of micrographs: 1
# Number of frames per movie: 50
# Pixel size (A): 3.0000
# 1/(A)          FRC
# -----------------------
# 
# Micrograph 1 of 1. Score: .532
 0.8333334E-03  0.9999994     
 0.2500000E-02  0.9671109     
 0.4166666E-02  0.9459175     
 0.5833333E-02  0.9113680     
 0.7499999E-02  0.8947307     
 0.9166666E-02  0.8417963     
 0.1083333E-01  0.7732275     
 0.1250000E-01  0.8799905     
 0.1416667E-01  0.9338970     
 0.1583333E-01  0.9646420     
 0.1750000E-01  0.9447564     
 0.1916667E-01  0.7685714     
 0.2083333E-01  0.8028566     
 0.2250000E-01  0.8971933     
 0.2416667E-01  0.9374120     
 0.2583333E-01  0.9290256     
 0.2750000E-01  0.8222837     
 0.2916667E-01  0.6898633     
 0.3083333E-01  0.7389393     
 0.3250000E-01  0.7864367     
 0.3416666E-01  0.7098534     
 0.3583334E-01  0.5802662     
 0.3750000E-01  0.4312311     
 0.3916667E-01  0.3616699     
 0.4083334E-01  0.2965126     
 0.4250000E-01  0.1123172     
 0.4416666E-01  0.1232396     
 0.4583333E-01  0.1001590     
 0.4750000E-01  0.1350224     
 0.4916666E-01  0.2720490     
 0.5083333E-01  0.3405938     
 0.5250000E-01  0.3728082     
 0.5416667E-01  0.3678554     
 0.5583333E-01  0.4156342     
 0.5750000E-01  0.3574825     
 0.5916666E-01  0.2688597     
 0.6083334E-01  0.1884483     
 0.6250000E-01  0.8834942E-01 
 0.6416667E-01  0.1013827     
 0.6583333E-01  0.1422332     
 0.6750000E-01  0.2095246     
 0.6916667E-01  0.3119082     
 0.7083333E-01  0.4036954     
 0.7250000E-01  0.3473164     
 0.7416667E-01  0.2814668     
 0.7583334E-01  0.1726449     
 0.7749999E-01  0.1070556     
 0.7916667E-01  0.9141265E-01 
 0.8083334E-01  0.2466808     
 0.8250000E-01  0.2666435     
 0.8416667E-01  0.3449815     
 0.8583333E-01  0.2894027     
 0.8750000E-01  0.1845241     
 0.8916666E-01  0.1084686     
 0.9083333E-01  0.7795744E-01 
 0.9250000E-01  0.1786928     
 0.9416667E-01  0.2439725     
 0.9583333E-01  0.2746769     
 0.9750000E-01  0.2185134     
 0.9916665E-01  0.1057850     
 0.1008333      0.7838875E-01 
 0.1025000      0.1239203     
 0.1041667      0.1838726     
 0.1058333      0.2332984     
 0.1075000      0.1882557     
 0.1091667      0.1216112     
 0.1108333      0.4585288E-01 
 0.1125000      0.1484829     
 0.1141667      0.1771995     
 0.1158333      0.1794369     
 0.1175000      0.1129792     
 0.1191667      0.7475460E-01 
 0.1208333      0.8914733E-01 
 0.1225000      0.1480562     
 0.1241667      0.1608846     
 0.1258333      0.1158029     
 0.1275000      0.7465829E-01 
 0.1291667      0.8596464E-01 
 0.1308333      0.1424981     
 0.1325000      0.1358472     
 0.1341667      0.9054220E-01 
 0.1358333      0.4878709E-01 
 0.1375000      0.9827652E-01 
 0.1391667      0.1246087     
 0.1408333      0.1125138     
 0.1425000      0.7112243E-01 
 0.1441667      0.8664550E-01 
 0.1458333      0.1100534     
 0.1475000      0.1021562     
 0.1491667      0.8318834E-01 
 0.1508333      0.8589067E-01 
 0.1525000      0.1057682     
 0.1541667      0.9055832E-01 
 0.1558333      0.8050402E-01 
 0.1575000      0.5516379E-01 
 0.1591667      0.9323485E-01 
 0.1608333      0.9918318E-01 
 0.1625000      0.5243138E-01 
 0.1641667      0.5672533E-01 
 0.1658333      0.1394970     
