# SumMovie FRC for input stack : stack11.mrc
# Number of micrographs: 1
# Number of frames per movie: 50
# Pixel size (A): 3.0000
# 1/(A)          FRC
# -----------------------
# 
# Micrograph 1 of 1. Score: .570
 0.8333334E-03  0.9999998     
 0.2500000E-02  0.8500670     
 0.4166666E-02  0.8701550     
 0.5833333E-02  0.8519659     
 0.7499999E-02  0.8572614     
 0.9166666E-02  0.7364076     
 0.1083333E-01  0.6257282     
 0.1250000E-01  0.8516725     
 0.1416667E-01  0.9137638     
 0.1583333E-01  0.9436691     
 0.1750000E-01  0.9066580     
 0.1916667E-01  0.6586336     
 0.2083333E-01  0.7380668     
 0.2250000E-01  0.8744196     
 0.2416667E-01  0.9207605     
 0.2583333E-01  0.8915388     
 0.2750000E-01  0.7397745     
 0.2916667E-01  0.6370407     
 0.3083333E-01  0.7071777     
 0.3250000E-01  0.7684834     
 0.3416666E-01  0.7158699     
 0.3583334E-01  0.5860988     
 0.3750000E-01  0.5184718     
 0.3916667E-01  0.4938468     
 0.4083334E-01  0.5127558     
 0.4250000E-01  0.3978743     
 0.4416666E-01  0.3331895     
 0.4583333E-01  0.2843660     
 0.4750000E-01  0.2197588     
 0.4916666E-01  0.1072381     
 0.5083333E-01  0.7565723E-01 
 0.5250000E-01  0.1361025     
 0.5416667E-01  0.1346925     
 0.5583333E-01  0.2212195     
 0.5750000E-01  0.2928363     
 0.5916666E-01  0.3525985     
 0.6083334E-01  0.3509728     
 0.6250000E-01  0.3914981     
 0.6416667E-01  0.3825558     
 0.6583333E-01  0.2997934     
 0.6750000E-01  0.2926029     
 0.6916667E-01  0.1878588     
 0.7083333E-01  0.1109233     
 0.7250000E-01  0.8709672E-01 
 0.7416667E-01  0.1086848     
 0.7583334E-01  0.1928513     
 0.7749999E-01  0.2596910     
 0.7916667E-01  0.3053143     
 0.8083334E-01  0.3425255     
 0.8250000E-01  0.3119152     
 0.8416667E-01  0.2865473     
 0.8583333E-01  0.2000925     
 0.8750000E-01  0.9180317E-01 
 0.8916666E-01  0.7719286E-01 
 0.9083333E-01  0.1284675     
 0.9250000E-01  0.2153920     
 0.9416667E-01  0.2773282     
 0.9583333E-01  0.3009290     
 0.9750000E-01  0.2493359     
 0.9916665E-01  0.2296070     
 0.1008333      0.1131397     
 0.1025000      0.8453181E-01 
 0.1041667      0.1420373     
 0.1058333      0.2155086     
 0.1075000      0.2100380     
 0.1091667      0.2457531     
 0.1108333      0.2076885     
 0.1125000      0.1529444     
 0.1141667      0.1014582     
 0.1158333      0.9260012E-01 
 0.1175000      0.1633717     
 0.1191667      0.1919821     
 0.1208333      0.1650612     
 0.1225000      0.1457013     
 0.1241667      0.9290582E-01 
 0.1258333      0.1041346     
 0.1275000      0.1129490     
 0.1291667      0.1650069     
 0.1308333      0.1587007     
 0.1325000      0.1845678     
 0.1341667      0.1109813     
 0.1358333      0.7117613E-01 
 0.1375000      0.1316316     
 0.1391667      0.1142980     
 0.1408333      0.1492494     
 0.1425000      0.1145029     
 0.1441667      0.1165604     
 0.1458333      0.1029502     
 0.1475000      0.1031601     
 0.1491667      0.1171937     
 0.1508333      0.1501125     
 0.1525000      0.1071896     
 0.1541667      0.9657485E-01 
 0.1558333      0.1147968     
 0.1575000      0.1460588     
 0.1591667      0.1072795     
 0.1608333      0.1199435     
 0.1625000      0.9865481E-01 
 0.1641667      0.1245253     
 0.1658333      0.1450346     
