# SumMovie FRC for input stack : stack11.mrc
# Number of micrographs: 1
# Number of frames per movie: 50
# Pixel size (A): 3.0000
# 1/(A)          FRC
# -----------------------
# 
# Micrograph 1 of 1. Score: .576
 0.8333334E-03  0.9999998     
 0.2500000E-02  0.8504935     
 0.4166666E-02  0.8706401     
 0.5833333E-02  0.8518549     
 0.7499999E-02  0.8576948     
 0.9166666E-02  0.7375025     
 0.1083333E-01  0.6259290     
 0.1250000E-01  0.8531857     
 0.1416667E-01  0.9148622     
 0.1583333E-01  0.9441029     
 0.1750000E-01  0.9078490     
 0.1916667E-01  0.6571532     
 0.2083333E-01  0.7410095     
 0.2250000E-01  0.8761000     
 0.2416667E-01  0.9235986     
 0.2583333E-01  0.8932190     
 0.2750000E-01  0.7454125     
 0.2916667E-01  0.6482707     
 0.3083333E-01  0.7161655     
 0.3250000E-01  0.7757277     
 0.3416666E-01  0.7269083     
 0.3583334E-01  0.5935593     
 0.3750000E-01  0.5295945     
 0.3916667E-01  0.5062565     
 0.4083334E-01  0.5204321     
 0.4250000E-01  0.4049720     
 0.4416666E-01  0.3414401     
 0.4583333E-01  0.2976449     
 0.4750000E-01  0.2208059     
 0.4916666E-01  0.1078903     
 0.5083333E-01  0.7766756E-01 
 0.5250000E-01  0.1377279     
 0.5416667E-01  0.1447495     
 0.5583333E-01  0.2225850     
 0.5750000E-01  0.3004712     
 0.5916666E-01  0.3730596     
 0.6083334E-01  0.3606792     
 0.6250000E-01  0.4148477     
 0.6416667E-01  0.4009308     
 0.6583333E-01  0.3239547     
 0.6750000E-01  0.3046301     
 0.6916667E-01  0.1879319     
 0.7083333E-01  0.1091015     
 0.7250000E-01  0.7846194E-01 
 0.7416667E-01  0.1097936     
 0.7583334E-01  0.2015890     
 0.7749999E-01  0.2763430     
 0.7916667E-01  0.3191435     
 0.8083334E-01  0.3681644     
 0.8250000E-01  0.3293754     
 0.8416667E-01  0.3072271     
 0.8583333E-01  0.2118902     
 0.8750000E-01  0.1001401     
 0.8916666E-01  0.7498132E-01 
 0.9083333E-01  0.1331625     
 0.9250000E-01  0.2326559     
 0.9416667E-01  0.2930180     
 0.9583333E-01  0.3032410     
 0.9750000E-01  0.2649738     
 0.9916665E-01  0.2329640     
 0.1008333      0.1117363     
 0.1025000      0.6303238E-01 
 0.1041667      0.1255848     
 0.1058333      0.2100662     
 0.1075000      0.2351395     
 0.1091667      0.2455176     
 0.1108333      0.2056183     
 0.1125000      0.1451722     
 0.1141667      0.8397922E-01 
 0.1158333      0.9144477E-01 
 0.1175000      0.1557379     
 0.1191667      0.1886733     
 0.1208333      0.1629196     
 0.1225000      0.1411138     
 0.1241667      0.8193062E-01 
 0.1258333      0.8199281E-01 
 0.1275000      0.1016001     
 0.1291667      0.1572326     
 0.1308333      0.1705246     
 0.1325000      0.1761730     
 0.1341667      0.9975467E-01 
 0.1358333      0.5872157E-01 
 0.1375000      0.1159116     
 0.1391667      0.1105316     
 0.1408333      0.1448060     
 0.1425000      0.1123255     
 0.1441667      0.8893672E-01 
 0.1458333      0.7486845E-01 
 0.1475000      0.6965517E-01 
 0.1491667      0.1210138     
 0.1508333      0.1244659     
 0.1525000      0.9629097E-01 
 0.1541667      0.8204731E-01 
 0.1558333      0.8245049E-01 
 0.1575000      0.1291343     
 0.1591667      0.8628774E-01 
 0.1608333      0.8529836E-01 
 0.1625000      0.7014418E-01 
 0.1641667      0.9911985E-01 
 0.1658333      0.1140534     
