# SumMovie FRC for input stack : stack11.mrc
# Number of micrographs: 1
# Number of frames per movie: 50
# Pixel size (A): 3.0000
# 1/(A)          FRC
# -----------------------
# 
# Micrograph 1 of 1. Score: .577
 0.8333334E-03  0.9999998     
 0.2500000E-02  0.8506301     
 0.4166666E-02  0.8709331     
 0.5833333E-02  0.8516240     
 0.7499999E-02  0.8579880     
 0.9166666E-02  0.7377468     
 0.1083333E-01  0.6257589     
 0.1250000E-01  0.8539994     
 0.1416667E-01  0.9155058     
 0.1583333E-01  0.9441972     
 0.1750000E-01  0.9083189     
 0.1916667E-01  0.6543252     
 0.2083333E-01  0.7417419     
 0.2250000E-01  0.8761411     
 0.2416667E-01  0.9249209     
 0.2583333E-01  0.8932925     
 0.2750000E-01  0.7467958     
 0.2916667E-01  0.6524110     
 0.3083333E-01  0.7207895     
 0.3250000E-01  0.7783188     
 0.3416666E-01  0.7322558     
 0.3583334E-01  0.5954977     
 0.3750000E-01  0.5331153     
 0.3916667E-01  0.5113966     
 0.4083334E-01  0.5214604     
 0.4250000E-01  0.4078167     
 0.4416666E-01  0.3422771     
 0.4583333E-01  0.3001743     
 0.4750000E-01  0.2179335     
 0.4916666E-01  0.1029105     
 0.5083333E-01  0.7532718E-01 
 0.5250000E-01  0.1385885     
 0.5416667E-01  0.1445372     
 0.5583333E-01  0.2170878     
 0.5750000E-01  0.2998096     
 0.5916666E-01  0.3849890     
 0.6083334E-01  0.3617699     
 0.6250000E-01  0.4235014     
 0.6416667E-01  0.4058525     
 0.6583333E-01  0.3280717     
 0.6750000E-01  0.3034853     
 0.6916667E-01  0.1811009     
 0.7083333E-01  0.1065343     
 0.7250000E-01  0.6276162E-01 
 0.7416667E-01  0.1086541     
 0.7583334E-01  0.2008366     
 0.7749999E-01  0.2843071     
 0.7916667E-01  0.3242762     
 0.8083334E-01  0.3794766     
 0.8250000E-01  0.3375441     
 0.8416667E-01  0.3173704     
 0.8583333E-01  0.2069766     
 0.8750000E-01  0.1005230     
 0.8916666E-01  0.6570837E-01 
 0.9083333E-01  0.1331084     
 0.9250000E-01  0.2395057     
 0.9416667E-01  0.2903651     
 0.9583333E-01  0.2964960     
 0.9750000E-01  0.2675445     
 0.9916665E-01  0.2160276     
 0.1008333      0.1047901     
 0.1025000      0.3717870E-01 
 0.1041667      0.1101968     
 0.1058333      0.1868025     
 0.1075000      0.2362540     
 0.1091667      0.2337045     
 0.1108333      0.1972215     
 0.1125000      0.1292005     
 0.1141667      0.5899898E-01 
 0.1158333      0.8008890E-01 
 0.1175000      0.1375469     
 0.1191667      0.1697295     
 0.1208333      0.1616510     
 0.1225000      0.1302887     
 0.1241667      0.7235709E-01 
 0.1258333      0.6095551E-01 
 0.1275000      0.8861873E-01 
 0.1291667      0.1411545     
 0.1308333      0.1662155     
 0.1325000      0.1604342     
 0.1341667      0.8503098E-01 
 0.1358333      0.4786566E-01 
 0.1375000      0.8844241E-01 
 0.1391667      0.9826927E-01 
 0.1408333      0.1260572     
 0.1425000      0.9889621E-01 
 0.1441667      0.6694224E-01 
 0.1458333      0.4243987E-01 
 0.1475000      0.5662982E-01 
 0.1491667      0.1097626     
 0.1508333      0.9844583E-01 
 0.1525000      0.7890591E-01 
 0.1541667      0.6265445E-01 
 0.1558333      0.6031856E-01 
 0.1575000      0.1128145     
 0.1591667      0.6872259E-01 
 0.1608333      0.5960171E-01 
 0.1625000      0.5733329E-01 
 0.1641667      0.6738669E-01 
 0.1658333      0.8986308E-01 
