# SumMovie FRC for input stack : stack1.mrc
# Number of micrographs: 1
# Number of frames per movie: 50
# Pixel size (A): 3.0000
# 1/(A)          FRC
# -----------------------
# 
# Micrograph 1 of 1. Score: .544
 0.8333334E-03  0.9999993     
 0.2500000E-02  0.9744710     
 0.4166666E-02  0.9571081     
 0.5833333E-02  0.9208473     
 0.7499999E-02  0.9050608     
 0.9166666E-02  0.7498934     
 0.1083333E-01  0.7270921     
 0.1250000E-01  0.8561886     
 0.1416667E-01  0.9223859     
 0.1583333E-01  0.9254738     
 0.1750000E-01  0.8742828     
 0.1916667E-01  0.6730346     
 0.2083333E-01  0.7634863     
 0.2250000E-01  0.8705019     
 0.2416667E-01  0.9034884     
 0.2583333E-01  0.8719036     
 0.2750000E-01  0.7483428     
 0.2916667E-01  0.6416568     
 0.3083333E-01  0.7081111     
 0.3250000E-01  0.7397857     
 0.3416666E-01  0.6854666     
 0.3583334E-01  0.5457903     
 0.3750000E-01  0.4816556     
 0.3916667E-01  0.4572827     
 0.4083334E-01  0.4498491     
 0.4250000E-01  0.3952165     
 0.4416666E-01  0.2511643     
 0.4583333E-01  0.1624230     
 0.4750000E-01  0.1805319     
 0.4916666E-01  0.9383114E-01 
 0.5083333E-01  0.5749996E-01 
 0.5250000E-01  0.6975368E-01 
 0.5416667E-01  0.1142604     
 0.5583333E-01  0.1874425     
 0.5750000E-01  0.2492869     
 0.5916666E-01  0.3194271     
 0.6083334E-01  0.3440279     
 0.6250000E-01  0.3296868     
 0.6416667E-01  0.2953699     
 0.6583333E-01  0.2702586     
 0.6750000E-01  0.1622867     
 0.6916667E-01  0.1259895     
 0.7083333E-01  0.8810476E-01 
 0.7250000E-01  0.6089440E-01 
 0.7416667E-01  0.1005230     
 0.7583334E-01  0.1553578     
 0.7749999E-01  0.2508530     
 0.7916667E-01  0.2969504     
 0.8083334E-01  0.2871752     
 0.8250000E-01  0.2871667     
 0.8416667E-01  0.2189822     
 0.8583333E-01  0.1187489     
 0.8750000E-01  0.5566025E-01 
 0.8916666E-01  0.3490425E-01 
 0.9083333E-01  0.1244721     
 0.9250000E-01  0.1901690     
 0.9416667E-01  0.2361354     
 0.9583333E-01  0.2448417     
 0.9750000E-01  0.1972191     
 0.9916665E-01  0.1094997     
 0.1008333      0.6674044E-01 
 0.1025000      0.4433510E-01 
 0.1041667      0.1241061     
 0.1058333      0.1573649     
 0.1075000      0.1547043     
 0.1091667      0.1708922     
 0.1108333      0.1254851     
 0.1125000      0.1295938     
 0.1141667      0.4454432E-01 
 0.1158333      0.6215664E-01 
 0.1175000      0.1066810     
 0.1191667      0.1087685     
 0.1208333      0.1065146     
 0.1225000      0.9518923E-01 
 0.1241667      0.4638585E-01 
 0.1258333      0.3974259E-01 
 0.1275000      0.5535771E-01 
 0.1291667      0.1108623     
 0.1308333      0.1270128     
 0.1325000      0.6810211E-01 
 0.1341667      0.3929408E-01 
 0.1358333      0.3587316E-01 
 0.1375000      0.9297440E-01 
 0.1391667      0.6920879E-01 
 0.1408333      0.9680587E-01 
 0.1425000      0.7140393E-01 
 0.1441667      0.3012143E-01 
 0.1458333      0.4170679E-01 
 0.1475000      0.7849982E-01 
 0.1491667      0.6372816E-01 
 0.1508333      0.6968110E-01 
 0.1525000      0.4118549E-01 
 0.1541667      0.5659078E-01 
 0.1558333      0.7766192E-01 
 0.1575000      0.4185945E-01 
 0.1591667      0.2190165E-01 
 0.1608333      0.4641059E-01 
 0.1625000      0.5211684E-01 
 0.1641667      0.3561603E-01 
 0.1658333      0.2888030E-01 
