# SumMovie FRC for input stack : stack1.mrc
# Number of micrographs: 1
# Number of frames per movie: 50
# Pixel size (A): 3.0000
# 1/(A)          FRC
# -----------------------
# 
# Micrograph 1 of 1. Score: .546
 0.8333334E-03  0.9999993     
 0.2500000E-02  0.9744557     
 0.4166666E-02  0.9570128     
 0.5833333E-02  0.9206778     
 0.7499999E-02  0.9048476     
 0.9166666E-02  0.7497596     
 0.1083333E-01  0.7273667     
 0.1250000E-01  0.8559209     
 0.1416667E-01  0.9223139     
 0.1583333E-01  0.9261349     
 0.1750000E-01  0.8739867     
 0.1916667E-01  0.6745544     
 0.2083333E-01  0.7638820     
 0.2250000E-01  0.8705014     
 0.2416667E-01  0.9033519     
 0.2583333E-01  0.8719242     
 0.2750000E-01  0.7478000     
 0.2916667E-01  0.6441327     
 0.3083333E-01  0.7089914     
 0.3250000E-01  0.7379637     
 0.3416666E-01  0.6843455     
 0.3583334E-01  0.5453702     
 0.3750000E-01  0.4828786     
 0.3916667E-01  0.4609456     
 0.4083334E-01  0.4488991     
 0.4250000E-01  0.4000901     
 0.4416666E-01  0.2587026     
 0.4583333E-01  0.1699325     
 0.4750000E-01  0.1881362     
 0.4916666E-01  0.9650285E-01 
 0.5083333E-01  0.6288954E-01 
 0.5250000E-01  0.6851251E-01 
 0.5416667E-01  0.1268738     
 0.5583333E-01  0.1860542     
 0.5750000E-01  0.2529333     
 0.5916666E-01  0.3156496     
 0.6083334E-01  0.3429185     
 0.6250000E-01  0.3285978     
 0.6416667E-01  0.2997894     
 0.6583333E-01  0.2719852     
 0.6750000E-01  0.1612371     
 0.6916667E-01  0.1347078     
 0.7083333E-01  0.8652635E-01 
 0.7250000E-01  0.6995238E-01 
 0.7416667E-01  0.1067650     
 0.7583334E-01  0.1664652     
 0.7749999E-01  0.2468375     
 0.7916667E-01  0.2983836     
 0.8083334E-01  0.2883096     
 0.8250000E-01  0.2845802     
 0.8416667E-01  0.2258299     
 0.8583333E-01  0.1236134     
 0.8750000E-01  0.6138220E-01 
 0.8916666E-01  0.3244105E-01 
 0.9083333E-01  0.1307971     
 0.9250000E-01  0.1957040     
 0.9416667E-01  0.2366069     
 0.9583333E-01  0.2487493     
 0.9750000E-01  0.1961752     
 0.9916665E-01  0.1091648     
 0.1008333      0.6724175E-01 
 0.1025000      0.4451316E-01 
 0.1041667      0.1206090     
 0.1058333      0.1535105     
 0.1075000      0.1589748     
 0.1091667      0.1748957     
 0.1108333      0.1309925     
 0.1125000      0.1240028     
 0.1141667      0.3866080E-01 
 0.1158333      0.6453080E-01 
 0.1175000      0.1088698     
 0.1191667      0.1098594     
 0.1208333      0.1134747     
 0.1225000      0.9841210E-01 
 0.1241667      0.4644742E-01 
 0.1258333      0.3935456E-01 
 0.1275000      0.5824741E-01 
 0.1291667      0.1128718     
 0.1308333      0.1208547     
 0.1325000      0.6773812E-01 
 0.1341667      0.4737367E-01 
 0.1358333      0.2826775E-01 
 0.1375000      0.1027525     
 0.1391667      0.6460961E-01 
 0.1408333      0.1078136     
 0.1425000      0.6526129E-01 
 0.1441667      0.3376175E-01 
 0.1458333      0.3118503E-01 
 0.1475000      0.7369421E-01 
 0.1491667      0.5730623E-01 
 0.1508333      0.6401945E-01 
 0.1525000      0.2745869E-01 
 0.1541667      0.5670794E-01 
 0.1558333      0.8449407E-01 
 0.1575000      0.4510977E-01 
 0.1591667      0.2129479E-01 
 0.1608333      0.3421211E-01 
 0.1625000      0.4907731E-01 
 0.1641667      0.3642096E-01 
 0.1658333      0.2942027E-01 
