# SumMovie FRC for input stack : stack6.mrc
# Number of micrographs: 1
# Number of frames per movie: 50
# Pixel size (A): 3.0000
# 1/(A)          FRC
# -----------------------
# 
# Micrograph 1 of 1. Score: .581
 0.8333334E-03  0.9999999     
 0.2500000E-02  0.9513960     
 0.4166666E-02  0.9316695     
 0.5833333E-02  0.8462820     
 0.7499999E-02  0.8654305     
 0.9166666E-02  0.6740485     
 0.1083333E-01  0.6558532     
 0.1250000E-01  0.8464924     
 0.1416667E-01  0.8843610     
 0.1583333E-01  0.9320725     
 0.1750000E-01  0.8918602     
 0.1916667E-01  0.6010246     
 0.2083333E-01  0.6633442     
 0.2250000E-01  0.8312069     
 0.2416667E-01  0.8940505     
 0.2583333E-01  0.8471349     
 0.2750000E-01  0.7239573     
 0.2916667E-01  0.6201834     
 0.3083333E-01  0.6812522     
 0.3250000E-01  0.7228468     
 0.3416666E-01  0.6888798     
 0.3583334E-01  0.5824755     
 0.3750000E-01  0.5315269     
 0.3916667E-01  0.5146741     
 0.4083334E-01  0.5507256     
 0.4250000E-01  0.4430217     
 0.4416666E-01  0.3737683     
 0.4583333E-01  0.3474365     
 0.4750000E-01  0.2915252     
 0.4916666E-01  0.2173371     
 0.5083333E-01  0.1184625     
 0.5250000E-01  0.1354886     
 0.5416667E-01  0.8282048E-01 
 0.5583333E-01  0.1207274     
 0.5750000E-01  0.1290634     
 0.5916666E-01  0.2129627     
 0.6083334E-01  0.2741551     
 0.6250000E-01  0.2913840     
 0.6416667E-01  0.3425056     
 0.6583333E-01  0.3418635     
 0.6750000E-01  0.3408541     
 0.6916667E-01  0.3197533     
 0.7083333E-01  0.2776866     
 0.7250000E-01  0.2176354     
 0.7416667E-01  0.1381582     
 0.7583334E-01  0.9816881E-01 
 0.7749999E-01  0.8764940E-01 
 0.7916667E-01  0.8624781E-01 
 0.8083334E-01  0.1750686     
 0.8250000E-01  0.2150225     
 0.8416667E-01  0.2721880     
 0.8583333E-01  0.2868638     
 0.8750000E-01  0.2691004     
 0.8916666E-01  0.2456022     
 0.9083333E-01  0.1406167     
 0.9250000E-01  0.1174111     
 0.9416667E-01  0.7216954E-01 
 0.9583333E-01  0.1147980     
 0.9750000E-01  0.1124291     
 0.9916665E-01  0.1563076     
 0.1008333      0.1960529     
 0.1025000      0.2250707     
 0.1041667      0.1831883     
 0.1058333      0.1454568     
 0.1075000      0.9473320E-01 
 0.1091667      0.4838745E-01 
 0.1108333      0.7344479E-01 
 0.1125000      0.1135378     
 0.1141667      0.1687152     
 0.1158333      0.1894623     
 0.1175000      0.1492889     
 0.1191667      0.1369962     
 0.1208333      0.7378340E-01 
 0.1225000      0.5557272E-01 
 0.1241667      0.5769154E-01 
 0.1258333      0.9025421E-01 
 0.1275000      0.1355754     
 0.1291667      0.1317619     
 0.1308333      0.1194984     
 0.1325000      0.5567560E-01 
 0.1341667      0.4462719E-01 
 0.1358333      0.9411688E-01 
 0.1375000      0.7370166E-01 
 0.1391667      0.8249204E-01 
 0.1408333      0.1069654     
 0.1425000      0.9447397E-01 
 0.1441667      0.7132798E-01 
 0.1458333      0.5744411E-01 
 0.1475000      0.7286946E-01 
 0.1491667      0.9486555E-01 
 0.1508333      0.1084987     
 0.1525000      0.7688643E-01 
 0.1541667      0.4749293E-01 
 0.1558333      0.7336190E-01 
 0.1575000      0.7094610E-01 
 0.1591667      0.9080015E-01 
 0.1608333      0.8691561E-01 
 0.1625000      0.6832794E-01 
 0.1641667      0.7716542E-01 
 0.1658333      0.4024426E-01 
