# SumMovie FRC for input stack : stack11.mrc
# Number of micrographs: 1
# Number of frames per movie: 50
# Pixel size (A): 3.0000
# 1/(A)          FRC
# -----------------------
# 
# Micrograph 1 of 1. Score: .577
 0.8333334E-03  0.9999998     
 0.2500000E-02  0.8506331     
 0.4166666E-02  0.8709374     
 0.5833333E-02  0.8516028     
 0.7499999E-02  0.8579249     
 0.9166666E-02  0.7374774     
 0.1083333E-01  0.6259593     
 0.1250000E-01  0.8539540     
 0.1416667E-01  0.9155134     
 0.1583333E-01  0.9441623     
 0.1750000E-01  0.9083307     
 0.1916667E-01  0.6542275     
 0.2083333E-01  0.7418177     
 0.2250000E-01  0.8761817     
 0.2416667E-01  0.9248987     
 0.2583333E-01  0.8934531     
 0.2750000E-01  0.7466909     
 0.2916667E-01  0.6523500     
 0.3083333E-01  0.7205157     
 0.3250000E-01  0.7780527     
 0.3416666E-01  0.7322589     
 0.3583334E-01  0.5953845     
 0.3750000E-01  0.5329052     
 0.3916667E-01  0.5112338     
 0.4083334E-01  0.5213032     
 0.4250000E-01  0.4081329     
 0.4416666E-01  0.3431201     
 0.4583333E-01  0.3001849     
 0.4750000E-01  0.2170298     
 0.4916666E-01  0.1031654     
 0.5083333E-01  0.7373039E-01 
 0.5250000E-01  0.1380250     
 0.5416667E-01  0.1445429     
 0.5583333E-01  0.2166351     
 0.5750000E-01  0.2999018     
 0.5916666E-01  0.3843006     
 0.6083334E-01  0.3615386     
 0.6250000E-01  0.4235616     
 0.6416667E-01  0.4059273     
 0.6583333E-01  0.3295947     
 0.6750000E-01  0.3042784     
 0.6916667E-01  0.1824666     
 0.7083333E-01  0.1069063     
 0.7250000E-01  0.6322227E-01 
 0.7416667E-01  0.1101643     
 0.7583334E-01  0.2000800     
 0.7749999E-01  0.2849482     
 0.7916667E-01  0.3256888     
 0.8083334E-01  0.3798101     
 0.8250000E-01  0.3376139     
 0.8416667E-01  0.3173960     
 0.8583333E-01  0.2065497     
 0.8750000E-01  0.1012463     
 0.8916666E-01  0.6491154E-01 
 0.9083333E-01  0.1340797     
 0.9250000E-01  0.2402639     
 0.9416667E-01  0.2907359     
 0.9583333E-01  0.2973891     
 0.9750000E-01  0.2676533     
 0.9916665E-01  0.2178242     
 0.1008333      0.1051642     
 0.1025000      0.3672234E-01 
 0.1041667      0.1095700     
 0.1058333      0.1893751     
 0.1075000      0.2367959     
 0.1091667      0.2339331     
 0.1108333      0.1989290     
 0.1125000      0.1300217     
 0.1141667      0.5927556E-01 
 0.1158333      0.8000680E-01 
 0.1175000      0.1383828     
 0.1191667      0.1690294     
 0.1208333      0.1629176     
 0.1225000      0.1324289     
 0.1241667      0.7151623E-01 
 0.1258333      0.6172083E-01 
 0.1275000      0.8716256E-01 
 0.1291667      0.1413889     
 0.1308333      0.1676336     
 0.1325000      0.1618861     
 0.1341667      0.8521396E-01 
 0.1358333      0.4855187E-01 
 0.1375000      0.8859159E-01 
 0.1391667      0.9919805E-01 
 0.1408333      0.1285746     
 0.1425000      0.9902977E-01 
 0.1441667      0.6608668E-01 
 0.1458333      0.4170034E-01 
 0.1475000      0.5541972E-01 
 0.1491667      0.1110376     
 0.1508333      0.9713501E-01 
 0.1525000      0.7926402E-01 
 0.1541667      0.6292114E-01 
 0.1558333      0.6021693E-01 
 0.1575000      0.1142395     
 0.1591667      0.7019988E-01 
 0.1608333      0.6087571E-01 
 0.1625000      0.5497773E-01 
 0.1641667      0.6851222E-01 
 0.1658333      0.9248789E-01 
