# SumMovie FRC for input stack : stack11.mrc
# Number of micrographs: 1
# Number of frames per movie: 50
# Pixel size (A): 3.0000
# 1/(A)          FRC
# -----------------------
# 
# Micrograph 1 of 1. Score: .574
 0.8333334E-03  0.9999998     
 0.2500000E-02  0.8503149     
 0.4166666E-02  0.8704097     
 0.5833333E-02  0.8519245     
 0.7499999E-02  0.8575054     
 0.9166666E-02  0.7370197     
 0.1083333E-01  0.6259475     
 0.1250000E-01  0.8525147     
 0.1416667E-01  0.9143255     
 0.1583333E-01  0.9439331     
 0.1750000E-01  0.9073932     
 0.1916667E-01  0.6580137     
 0.2083333E-01  0.7398338     
 0.2250000E-01  0.8754662     
 0.2416667E-01  0.9223738     
 0.2583333E-01  0.8926536     
 0.2750000E-01  0.7431595     
 0.2916667E-01  0.6438895     
 0.3083333E-01  0.7123839     
 0.3250000E-01  0.7727294     
 0.3416666E-01  0.7221113     
 0.3583334E-01  0.5906338     
 0.3750000E-01  0.5251751     
 0.3916667E-01  0.5012218     
 0.4083334E-01  0.5185518     
 0.4250000E-01  0.4025876     
 0.4416666E-01  0.3385574     
 0.4583333E-01  0.2933026     
 0.4750000E-01  0.2209121     
 0.4916666E-01  0.1085334     
 0.5083333E-01  0.7641653E-01 
 0.5250000E-01  0.1372940     
 0.5416667E-01  0.1411725     
 0.5583333E-01  0.2224367     
 0.5750000E-01  0.2983077     
 0.5916666E-01  0.3639398     
 0.6083334E-01  0.3572758     
 0.6250000E-01  0.4058035     
 0.6416667E-01  0.3932045     
 0.6583333E-01  0.3150966     
 0.6750000E-01  0.3012305     
 0.6916667E-01  0.1900610     
 0.7083333E-01  0.1114422     
 0.7250000E-01  0.8278885E-01 
 0.7416667E-01  0.1100904     
 0.7583334E-01  0.1992130     
 0.7749999E-01  0.2694241     
 0.7916667E-01  0.3141685     
 0.8083334E-01  0.3576345     
 0.8250000E-01  0.3228592     
 0.8416667E-01  0.2989593     
 0.8583333E-01  0.2085529     
 0.8750000E-01  0.9769835E-01 
 0.8916666E-01  0.7699561E-01 
 0.9083333E-01  0.1313989     
 0.9250000E-01  0.2264580     
 0.9416667E-01  0.2893062     
 0.9583333E-01  0.3033507     
 0.9750000E-01  0.2586077     
 0.9916665E-01  0.2363738     
 0.1008333      0.1122760     
 0.1025000      0.7585534E-01 
 0.1041667      0.1345030     
 0.1058333      0.2168865     
 0.1075000      0.2258466     
 0.1091667      0.2488510     
 0.1108333      0.2083007     
 0.1125000      0.1512660     
 0.1141667      0.9493881E-01 
 0.1158333      0.9361146E-01 
 0.1175000      0.1627869     
 0.1191667      0.1930354     
 0.1208333      0.1634867     
 0.1225000      0.1463363     
 0.1241667      0.8870306E-01 
 0.1258333      0.9443375E-01 
 0.1275000      0.1074565     
 0.1291667      0.1645284     
 0.1308333      0.1681071     
 0.1325000      0.1809604     
 0.1341667      0.1062924     
 0.1358333      0.6605545E-01 
 0.1375000      0.1271714     
 0.1391667      0.1154514     
 0.1408333      0.1524385     
 0.1425000      0.1162083     
 0.1441667      0.1056784     
 0.1458333      0.9271964E-01 
 0.1475000      0.8794291E-01 
 0.1491667      0.1213944     
 0.1508333      0.1398157     
 0.1525000      0.1054084     
 0.1541667      0.9308334E-01 
 0.1558333      0.1008832     
 0.1575000      0.1392885     
 0.1591667      0.9955800E-01 
 0.1608333      0.1051918     
 0.1625000      0.8496657E-01 
 0.1641667      0.1174028     
 0.1658333      0.1313776     
