# SumMovie FRC for input stack : stack1.mrc
# Number of micrographs: 1
# Number of frames per movie: 50
# Pixel size (A): 3.0000
# 1/(A)          FRC
# -----------------------
# 
# Micrograph 1 of 1. Score: .535
 0.8333334E-03  0.9999990     
 0.2500000E-02  0.9744246     
 0.4166666E-02  0.9567722     
 0.5833333E-02  0.9214025     
 0.7499999E-02  0.9031959     
 0.9166666E-02  0.7485543     
 0.1083333E-01  0.7187840     
 0.1250000E-01  0.8497479     
 0.1416667E-01  0.9167826     
 0.1583333E-01  0.9192118     
 0.1750000E-01  0.8708200     
 0.1916667E-01  0.6676953     
 0.2083333E-01  0.7562169     
 0.2250000E-01  0.8649395     
 0.2416667E-01  0.9001756     
 0.2583333E-01  0.8676672     
 0.2750000E-01  0.7350471     
 0.2916667E-01  0.6293607     
 0.3083333E-01  0.7011756     
 0.3250000E-01  0.7293792     
 0.3416666E-01  0.6747552     
 0.3583334E-01  0.5349832     
 0.3750000E-01  0.4687158     
 0.3916667E-01  0.4433323     
 0.4083334E-01  0.4473050     
 0.4250000E-01  0.3804784     
 0.4416666E-01  0.2390224     
 0.4583333E-01  0.1420700     
 0.4750000E-01  0.1725917     
 0.4916666E-01  0.8875383E-01 
 0.5083333E-01  0.6266519E-01 
 0.5250000E-01  0.7456459E-01 
 0.5416667E-01  0.1033846     
 0.5583333E-01  0.1850902     
 0.5750000E-01  0.2307562     
 0.5916666E-01  0.3236702     
 0.6083334E-01  0.3280980     
 0.6250000E-01  0.3103605     
 0.6416667E-01  0.2724974     
 0.6583333E-01  0.2584232     
 0.6750000E-01  0.1552388     
 0.6916667E-01  0.1125045     
 0.7083333E-01  0.7972114E-01 
 0.7250000E-01  0.5953054E-01 
 0.7416667E-01  0.9278579E-01 
 0.7583334E-01  0.1498583     
 0.7749999E-01  0.2395055     
 0.7916667E-01  0.2929136     
 0.8083334E-01  0.2796923     
 0.8250000E-01  0.2756967     
 0.8416667E-01  0.2070893     
 0.8583333E-01  0.1129383     
 0.8750000E-01  0.4783274E-01 
 0.8916666E-01  0.4618355E-01 
 0.9083333E-01  0.1227775     
 0.9250000E-01  0.1756693     
 0.9416667E-01  0.2244788     
 0.9583333E-01  0.2355593     
 0.9750000E-01  0.1855785     
 0.9916665E-01  0.1180815     
 0.1008333      0.6564278E-01 
 0.1025000      0.6007138E-01 
 0.1041667      0.1005016     
 0.1058333      0.1466179     
 0.1075000      0.1539250     
 0.1091667      0.1620965     
 0.1108333      0.1079526     
 0.1125000      0.1242285     
 0.1141667      0.4672623E-01 
 0.1158333      0.4278762E-01 
 0.1175000      0.9090848E-01 
 0.1191667      0.1130573     
 0.1208333      0.1061475     
 0.1225000      0.1005004     
 0.1241667      0.4522094E-01 
 0.1258333      0.3715342E-01 
 0.1275000      0.5352809E-01 
 0.1291667      0.1011004     
 0.1308333      0.1197623     
 0.1325000      0.6303549E-01 
 0.1341667      0.4394522E-01 
 0.1358333      0.3485132E-01 
 0.1375000      0.8142259E-01 
 0.1391667      0.6912915E-01 
 0.1408333      0.7878911E-01 
 0.1425000      0.6549218E-01 
 0.1441667      0.2536850E-01 
 0.1458333      0.4606485E-01 
 0.1475000      0.8004931E-01 
 0.1491667      0.7049611E-01 
 0.1508333      0.6464051E-01 
 0.1525000      0.4837560E-01 
 0.1541667      0.5021235E-01 
 0.1558333      0.6206400E-01 
 0.1575000      0.3893448E-01 
 0.1591667      0.2529516E-01 
 0.1608333      0.4341881E-01 
 0.1625000      0.5523341E-01 
 0.1641667      0.4797300E-01 
 0.1658333      0.2644728E-01 
