# SumMovie FRC for input stack : stack6.mrc
# Number of micrographs: 1
# Number of frames per movie: 50
# Pixel size (A): 3.0000
# 1/(A)          FRC
# -----------------------
# 
# Micrograph 1 of 1. Score: .564
 0.8333334E-03  0.9999998     
 0.2500000E-02  0.9512997     
 0.4166666E-02  0.9316364     
 0.5833333E-02  0.8460422     
 0.7499999E-02  0.8642766     
 0.9166666E-02  0.6706403     
 0.1083333E-01  0.6518700     
 0.1250000E-01  0.8449392     
 0.1416667E-01  0.8807850     
 0.1583333E-01  0.9293514     
 0.1750000E-01  0.8887030     
 0.1916667E-01  0.5979015     
 0.2083333E-01  0.6552612     
 0.2250000E-01  0.8218090     
 0.2416667E-01  0.8863820     
 0.2583333E-01  0.8365628     
 0.2750000E-01  0.7119836     
 0.2916667E-01  0.6025493     
 0.3083333E-01  0.6605961     
 0.3250000E-01  0.7033342     
 0.3416666E-01  0.6721778     
 0.3583334E-01  0.5612569     
 0.3750000E-01  0.5045897     
 0.3916667E-01  0.4870951     
 0.4083334E-01  0.5129676     
 0.4250000E-01  0.4222095     
 0.4416666E-01  0.3594857     
 0.4583333E-01  0.3189265     
 0.4750000E-01  0.2760201     
 0.4916666E-01  0.2022061     
 0.5083333E-01  0.1186806     
 0.5250000E-01  0.1487355     
 0.5416667E-01  0.9385724E-01 
 0.5583333E-01  0.1381261     
 0.5750000E-01  0.1289579     
 0.5916666E-01  0.1972647     
 0.6083334E-01  0.2535485     
 0.6250000E-01  0.2811262     
 0.6416667E-01  0.3106740     
 0.6583333E-01  0.3098413     
 0.6750000E-01  0.3195197     
 0.6916667E-01  0.3084639     
 0.7083333E-01  0.2522658     
 0.7250000E-01  0.2078958     
 0.7416667E-01  0.1472131     
 0.7583334E-01  0.1029055     
 0.7749999E-01  0.8593769E-01 
 0.7916667E-01  0.1072129     
 0.8083334E-01  0.1693216     
 0.8250000E-01  0.2054901     
 0.8416667E-01  0.2520107     
 0.8583333E-01  0.2767366     
 0.8750000E-01  0.2513785     
 0.8916666E-01  0.2589024     
 0.9083333E-01  0.1290241     
 0.9250000E-01  0.1363849     
 0.9416667E-01  0.9165033E-01 
 0.9583333E-01  0.1366761     
 0.9750000E-01  0.1404980     
 0.9916665E-01  0.1724557     
 0.1008333      0.1869589     
 0.1025000      0.2029268     
 0.1041667      0.2004517     
 0.1058333      0.1382571     
 0.1075000      0.1179681     
 0.1091667      0.7441393E-01 
 0.1108333      0.9069502E-01 
 0.1125000      0.1464383     
 0.1141667      0.1642816     
 0.1158333      0.2011197     
 0.1175000      0.1706374     
 0.1191667      0.1485968     
 0.1208333      0.1207794     
 0.1225000      0.8795831E-01 
 0.1241667      0.1144953     
 0.1258333      0.1123274     
 0.1275000      0.1667272     
 0.1291667      0.1501556     
 0.1308333      0.1592121     
 0.1325000      0.8398025E-01 
 0.1341667      0.7912696E-01 
 0.1358333      0.1214616     
 0.1375000      0.1108023     
 0.1391667      0.1111982     
 0.1408333      0.1377100     
 0.1425000      0.1114987     
 0.1441667      0.1009118     
 0.1458333      0.9947482E-01 
 0.1475000      0.1209717     
 0.1491667      0.1383127     
 0.1508333      0.1464967     
 0.1525000      0.1264584     
 0.1541667      0.8568469E-01 
 0.1558333      0.1182078     
 0.1575000      0.1069524     
 0.1591667      0.1258449     
 0.1608333      0.1424494     
 0.1625000      0.1101076     
 0.1641667      0.9895417E-01 
 0.1658333      0.8663393E-01 
