# SumMovie FRC for input stack : stack16.mrc
# Number of micrographs: 1
# Number of frames per movie: 50
# Pixel size (A): 3.0000
# 1/(A)          FRC
# -----------------------
# 
# Micrograph 1 of 1. Score: .537
 0.8333334E-03  0.9999994     
 0.2500000E-02  0.9671507     
 0.4166666E-02  0.9456818     
 0.5833333E-02  0.9116322     
 0.7499999E-02  0.8956622     
 0.9166666E-02  0.8420603     
 0.1083333E-01  0.7746280     
 0.1250000E-01  0.8819777     
 0.1416667E-01  0.9348008     
 0.1583333E-01  0.9653373     
 0.1750000E-01  0.9454795     
 0.1916667E-01  0.7732100     
 0.2083333E-01  0.8037782     
 0.2250000E-01  0.9003369     
 0.2416667E-01  0.9400693     
 0.2583333E-01  0.9319427     
 0.2750000E-01  0.8274468     
 0.2916667E-01  0.6973646     
 0.3083333E-01  0.7451248     
 0.3250000E-01  0.7930506     
 0.3416666E-01  0.7223189     
 0.3583334E-01  0.5930318     
 0.3750000E-01  0.4379108     
 0.3916667E-01  0.3709124     
 0.4083334E-01  0.2948834     
 0.4250000E-01  0.1194541     
 0.4416666E-01  0.1305033     
 0.4583333E-01  0.9872228E-01 
 0.4750000E-01  0.1453032     
 0.4916666E-01  0.2691478     
 0.5083333E-01  0.3394471     
 0.5250000E-01  0.3817365     
 0.5416667E-01  0.3669885     
 0.5583333E-01  0.4133101     
 0.5750000E-01  0.3596845     
 0.5916666E-01  0.2767046     
 0.6083334E-01  0.1921121     
 0.6250000E-01  0.8633357E-01 
 0.6416667E-01  0.1057061     
 0.6583333E-01  0.1418871     
 0.6750000E-01  0.2145221     
 0.6916667E-01  0.3170283     
 0.7083333E-01  0.4010557     
 0.7250000E-01  0.3539951     
 0.7416667E-01  0.2795721     
 0.7583334E-01  0.1806224     
 0.7749999E-01  0.1158605     
 0.7916667E-01  0.9565269E-01 
 0.8083334E-01  0.2433288     
 0.8250000E-01  0.2677535     
 0.8416667E-01  0.3558833     
 0.8583333E-01  0.2900792     
 0.8750000E-01  0.1866584     
 0.8916666E-01  0.1129019     
 0.9083333E-01  0.8629607E-01 
 0.9250000E-01  0.1890037     
 0.9416667E-01  0.2514349     
 0.9583333E-01  0.2793993     
 0.9750000E-01  0.2189155     
 0.9916665E-01  0.1107669     
 0.1008333      0.8356255E-01 
 0.1025000      0.1298019     
 0.1041667      0.1843085     
 0.1058333      0.2426170     
 0.1075000      0.1816223     
 0.1091667      0.1178997     
 0.1108333      0.4779582E-01 
 0.1125000      0.1460203     
 0.1141667      0.1810397     
 0.1158333      0.1781347     
 0.1175000      0.1149041     
 0.1191667      0.6294011E-01 
 0.1208333      0.9510522E-01 
 0.1225000      0.1564312     
 0.1241667      0.1695544     
 0.1258333      0.1122405     
 0.1275000      0.7787013E-01 
 0.1291667      0.8892997E-01 
 0.1308333      0.1356397     
 0.1325000      0.1341721     
 0.1341667      0.8982670E-01 
 0.1358333      0.4486688E-01 
 0.1375000      0.1011146     
 0.1391667      0.1379416     
 0.1408333      0.1186681     
 0.1425000      0.6717064E-01 
 0.1441667      0.9260612E-01 
 0.1458333      0.1085120     
 0.1475000      0.1051384     
 0.1491667      0.7840807E-01 
 0.1508333      0.7070761E-01 
 0.1525000      0.1056923     
 0.1541667      0.9652714E-01 
 0.1558333      0.7654037E-01 
 0.1575000      0.5474335E-01 
 0.1591667      0.9276509E-01 
 0.1608333      0.1038308     
 0.1625000      0.5037374E-01 
 0.1641667      0.6492280E-01 
 0.1658333      0.1369846     
