# SumMovie FRC for input stack : stack11.mrc
# Number of micrographs: 1
# Number of frames per movie: 50
# Pixel size (A): 3.0000
# 1/(A)          FRC
# -----------------------
# 
# Micrograph 1 of 1. Score: .570
 0.8333334E-03  0.9999998     
 0.2500000E-02  0.8500832     
 0.4166666E-02  0.8701646     
 0.5833333E-02  0.8519543     
 0.7499999E-02  0.8572896     
 0.9166666E-02  0.7365009     
 0.1083333E-01  0.6258076     
 0.1250000E-01  0.8517770     
 0.1416667E-01  0.9138246     
 0.1583333E-01  0.9437113     
 0.1750000E-01  0.9067540     
 0.1916667E-01  0.6586106     
 0.2083333E-01  0.7383602     
 0.2250000E-01  0.8745645     
 0.2416667E-01  0.9209666     
 0.2583333E-01  0.8917065     
 0.2750000E-01  0.7403038     
 0.2916667E-01  0.6380497     
 0.3083333E-01  0.7078604     
 0.3250000E-01  0.7690212     
 0.3416666E-01  0.7167425     
 0.3583334E-01  0.5866464     
 0.3750000E-01  0.5194175     
 0.3916667E-01  0.4947697     
 0.4083334E-01  0.5134970     
 0.4250000E-01  0.3985699     
 0.4416666E-01  0.3338569     
 0.4583333E-01  0.2856373     
 0.4750000E-01  0.2196534     
 0.4916666E-01  0.1073607     
 0.5083333E-01  0.7583794E-01 
 0.5250000E-01  0.1363817     
 0.5416667E-01  0.1357655     
 0.5583333E-01  0.2211985     
 0.5750000E-01  0.2934401     
 0.5916666E-01  0.3538824     
 0.6083334E-01  0.3518051     
 0.6250000E-01  0.3931264     
 0.6416667E-01  0.3839355     
 0.6583333E-01  0.3021882     
 0.6750000E-01  0.2937961     
 0.6916667E-01  0.1883135     
 0.7083333E-01  0.1109404     
 0.7250000E-01  0.8688052E-01 
 0.7416667E-01  0.1089273     
 0.7583334E-01  0.1936844     
 0.7749999E-01  0.2610321     
 0.7916667E-01  0.3065822     
 0.8083334E-01  0.3442765     
 0.8250000E-01  0.3135061     
 0.8416667E-01  0.2878644     
 0.8583333E-01  0.2014791     
 0.8750000E-01  0.9270796E-01 
 0.8916666E-01  0.7707018E-01 
 0.9083333E-01  0.1285264     
 0.9250000E-01  0.2172700     
 0.9416667E-01  0.2791359     
 0.9583333E-01  0.3014306     
 0.9750000E-01  0.2503413     
 0.9916665E-01  0.2311426     
 0.1008333      0.1130245     
 0.1025000      0.8400763E-01 
 0.1041667      0.1414268     
 0.1058333      0.2160625     
 0.1075000      0.2122068     
 0.1091667      0.2466774     
 0.1108333      0.2081614     
 0.1125000      0.1532256     
 0.1141667      0.1011343     
 0.1158333      0.9288479E-01 
 0.1175000      0.1639412     
 0.1191667      0.1923089     
 0.1208333      0.1645442     
 0.1225000      0.1463325     
 0.1241667      0.9258219E-01 
 0.1258333      0.1033355     
 0.1275000      0.1121249     
 0.1291667      0.1653832     
 0.1308333      0.1606448     
 0.1325000      0.1845307     
 0.1341667      0.1105328     
 0.1358333      0.7095911E-01 
 0.1375000      0.1313669     
 0.1391667      0.1151809     
 0.1408333      0.1506257     
 0.1425000      0.1148853     
 0.1441667      0.1154696     
 0.1458333      0.1027648     
 0.1475000      0.1020731     
 0.1491667      0.1181257     
 0.1508333      0.1491500     
 0.1525000      0.1078836     
 0.1541667      0.9756909E-01 
 0.1558333      0.1137882     
 0.1575000      0.1455165     
 0.1591667      0.1072432     
 0.1608333      0.1187609     
 0.1625000      0.9769024E-01 
 0.1641667      0.1250070     
 0.1658333      0.1439157     
