# SumMovie FRC for input stack : stack1.mrc
# Number of micrographs: 1
# Number of frames per movie: 50
# Pixel size (A): 3.0000
# 1/(A)          FRC
# -----------------------
# 
# Micrograph 1 of 1. Score: .521
 0.8333334E-03  0.9999990     
 0.2500000E-02  0.9744982     
 0.4166666E-02  0.9568027     
 0.5833333E-02  0.9214348     
 0.7499999E-02  0.9028842     
 0.9166666E-02  0.7464257     
 0.1083333E-01  0.7148638     
 0.1250000E-01  0.8452473     
 0.1416667E-01  0.9139251     
 0.1583333E-01  0.9169381     
 0.1750000E-01  0.8656321     
 0.1916667E-01  0.6577641     
 0.2083333E-01  0.7462950     
 0.2250000E-01  0.8569449     
 0.2416667E-01  0.8932776     
 0.2583333E-01  0.8568120     
 0.2750000E-01  0.7154685     
 0.2916667E-01  0.5995675     
 0.3083333E-01  0.6822913     
 0.3250000E-01  0.7027314     
 0.3416666E-01  0.6478572     
 0.3583334E-01  0.5112192     
 0.3750000E-01  0.4453941     
 0.3916667E-01  0.4164465     
 0.4083334E-01  0.4187237     
 0.4250000E-01  0.3608909     
 0.4416666E-01  0.2214962     
 0.4583333E-01  0.1278084     
 0.4750000E-01  0.1882038     
 0.4916666E-01  0.9218887E-01 
 0.5083333E-01  0.8600209E-01 
 0.5250000E-01  0.7855263E-01 
 0.5416667E-01  0.1033300     
 0.5583333E-01  0.1734684     
 0.5750000E-01  0.2076606     
 0.5916666E-01  0.2840517     
 0.6083334E-01  0.3005792     
 0.6250000E-01  0.2610461     
 0.6416667E-01  0.2249491     
 0.6583333E-01  0.2270876     
 0.6750000E-01  0.1344102     
 0.6916667E-01  0.1199689     
 0.7083333E-01  0.9696535E-01 
 0.7250000E-01  0.5480267E-01 
 0.7416667E-01  0.6779946E-01 
 0.7583334E-01  0.1295582     
 0.7749999E-01  0.1836526     
 0.7916667E-01  0.2421344     
 0.8083334E-01  0.2347474     
 0.8250000E-01  0.2105679     
 0.8416667E-01  0.1448226     
 0.8583333E-01  0.8931690E-01 
 0.8750000E-01  0.6285658E-01 
 0.8916666E-01  0.2405340E-01 
 0.9083333E-01  0.7952776E-01 
 0.9250000E-01  0.1286111     
 0.9416667E-01  0.1839440     
 0.9583333E-01  0.2070113     
 0.9750000E-01  0.1478622     
 0.9916665E-01  0.9164448E-01 
 0.1008333      0.6250085E-01 
 0.1025000      0.2908478E-01 
 0.1041667      0.7614451E-01 
 0.1058333      0.1402536     
 0.1075000      0.1625398     
 0.1091667      0.1361139     
 0.1108333      0.1151434     
 0.1125000      0.1174805     
 0.1141667      0.5895881E-01 
 0.1158333      0.4282704E-01 
 0.1175000      0.8815247E-01 
 0.1191667      0.1095909     
 0.1208333      0.8146590E-01 
 0.1225000      0.8971959E-01 
 0.1241667      0.6152938E-01 
 0.1258333      0.3956703E-01 
 0.1275000      0.3729674E-01 
 0.1291667      0.1101144     
 0.1308333      0.7578725E-01 
 0.1325000      0.5656108E-01 
 0.1341667      0.3910112E-01 
 0.1358333      0.2781712E-01 
 0.1375000      0.4897573E-01 
 0.1391667      0.7286976E-01 
 0.1408333      0.8242996E-01 
 0.1425000      0.5506207E-01 
 0.1441667      0.4252120E-01 
 0.1458333      0.3895173E-01 
 0.1475000      0.6783804E-01 
 0.1491667      0.6012372E-01 
 0.1508333      0.6963183E-01 
 0.1525000      0.2892547E-01 
 0.1541667      0.4715380E-01 
 0.1558333      0.7042874E-01 
 0.1575000      0.4086522E-01 
 0.1591667      0.2150465E-01 
 0.1608333      0.3155866E-01 
 0.1625000      0.5746848E-01 
 0.1641667      0.5274038E-01 
 0.1658333      0.2869762E-01 
