# SumMovie FRC for input stack : stack6.mrc
# Number of micrographs: 1
# Number of frames per movie: 50
# Pixel size (A): 3.0000
# 1/(A)          FRC
# -----------------------
# 
# Micrograph 1 of 1. Score: .572
 0.8333334E-03  0.9999999     
 0.2500000E-02  0.9513439     
 0.4166666E-02  0.9316711     
 0.5833333E-02  0.8461800     
 0.7499999E-02  0.8648311     
 0.9166666E-02  0.6722941     
 0.1083333E-01  0.6539403     
 0.1250000E-01  0.8458060     
 0.1416667E-01  0.8825318     
 0.1583333E-01  0.9307024     
 0.1750000E-01  0.8904306     
 0.1916667E-01  0.5998241     
 0.2083333E-01  0.6595201     
 0.2250000E-01  0.8265488     
 0.2416667E-01  0.8902739     
 0.2583333E-01  0.8418990     
 0.2750000E-01  0.7185295     
 0.2916667E-01  0.6118543     
 0.3083333E-01  0.6714702     
 0.3250000E-01  0.7142093     
 0.3416666E-01  0.6813664     
 0.3583334E-01  0.5722708     
 0.3750000E-01  0.5189289     
 0.3916667E-01  0.5011995     
 0.4083334E-01  0.5325364     
 0.4250000E-01  0.4324849     
 0.4416666E-01  0.3665590     
 0.4583333E-01  0.3331673     
 0.4750000E-01  0.2836017     
 0.4916666E-01  0.2107051     
 0.5083333E-01  0.1182750     
 0.5250000E-01  0.1447589     
 0.5416667E-01  0.9118496E-01 
 0.5583333E-01  0.1311708     
 0.5750000E-01  0.1302081     
 0.5916666E-01  0.2071420     
 0.6083334E-01  0.2668839     
 0.6250000E-01  0.2880814     
 0.6416667E-01  0.3282108     
 0.6583333E-01  0.3254632     
 0.6750000E-01  0.3323689     
 0.6916667E-01  0.3160338     
 0.7083333E-01  0.2654818     
 0.7250000E-01  0.2134506     
 0.7416667E-01  0.1455592     
 0.7583334E-01  0.1029323     
 0.7749999E-01  0.8875497E-01 
 0.7916667E-01  0.9799299E-01 
 0.8083334E-01  0.1718992     
 0.8250000E-01  0.2111843     
 0.8416667E-01  0.2655649     
 0.8583333E-01  0.2857453     
 0.8750000E-01  0.2613272     
 0.8916666E-01  0.2558442     
 0.9083333E-01  0.1330043     
 0.9250000E-01  0.1300671     
 0.9416667E-01  0.8688800E-01 
 0.9583333E-01  0.1296480     
 0.9750000E-01  0.1307375     
 0.9916665E-01  0.1693464     
 0.1008333      0.1899000     
 0.1025000      0.2105643     
 0.1041667      0.1984090     
 0.1058333      0.1437090     
 0.1075000      0.1084002     
 0.1091667      0.5845413E-01 
 0.1108333      0.8404710E-01 
 0.1125000      0.1398074     
 0.1141667      0.1722302     
 0.1158333      0.1966047     
 0.1175000      0.1604008     
 0.1191667      0.1414833     
 0.1208333      0.1000614     
 0.1225000      0.7189538E-01 
 0.1241667      0.9713826E-01 
 0.1258333      0.1012287     
 0.1275000      0.1528521     
 0.1291667      0.1408339     
 0.1308333      0.1411300     
 0.1325000      0.6743230E-01 
 0.1341667      0.5887647E-01 
 0.1358333      0.1135799     
 0.1375000      0.9469048E-01 
 0.1391667      0.9778802E-01 
 0.1408333      0.1221252     
 0.1425000      0.1052412     
 0.1441667      0.8302126E-01 
 0.1458333      0.8497511E-01 
 0.1475000      0.9443482E-01 
 0.1491667      0.1219516     
 0.1508333      0.1315441     
 0.1525000      0.1031417     
 0.1541667      0.6998824E-01 
 0.1558333      0.9914578E-01 
 0.1575000      0.8850625E-01 
 0.1591667      0.1016594     
 0.1608333      0.1237514     
 0.1625000      0.9249701E-01 
 0.1641667      0.8486811E-01 
 0.1658333      0.6547355E-01 
