# SumMovie FRC for input stack : stack6.mrc
# Number of micrographs: 1
# Number of frames per movie: 50
# Pixel size (A): 3.0000
# 1/(A)          FRC
# -----------------------
# 
# Micrograph 1 of 1. Score: .592
 0.8333334E-03  0.9999999     
 0.2500000E-02  0.9512970     
 0.4166666E-02  0.9319933     
 0.5833333E-02  0.8475024     
 0.7499999E-02  0.8653067     
 0.9166666E-02  0.6792349     
 0.1083333E-01  0.6589712     
 0.1250000E-01  0.8498261     
 0.1416667E-01  0.8880885     
 0.1583333E-01  0.9353498     
 0.1750000E-01  0.8940986     
 0.1916667E-01  0.6001256     
 0.2083333E-01  0.6729415     
 0.2250000E-01  0.8431536     
 0.2416667E-01  0.9029574     
 0.2583333E-01  0.8568163     
 0.2750000E-01  0.7350699     
 0.2916667E-01  0.6250302     
 0.3083333E-01  0.6982271     
 0.3250000E-01  0.7290075     
 0.3416666E-01  0.7026383     
 0.3583334E-01  0.6006537     
 0.3750000E-01  0.5385913     
 0.3916667E-01  0.5311380     
 0.4083334E-01  0.5741090     
 0.4250000E-01  0.4565431     
 0.4416666E-01  0.3954503     
 0.4583333E-01  0.3620361     
 0.4750000E-01  0.3018451     
 0.4916666E-01  0.2239596     
 0.5083333E-01  0.1337735     
 0.5250000E-01  0.1150226     
 0.5416667E-01  0.6129557E-01 
 0.5583333E-01  0.9736031E-01 
 0.5750000E-01  0.1223357     
 0.5916666E-01  0.1967887     
 0.6083334E-01  0.2690854     
 0.6250000E-01  0.2886823     
 0.6416667E-01  0.3457573     
 0.6583333E-01  0.3760286     
 0.6750000E-01  0.3501029     
 0.6916667E-01  0.3458069     
 0.7083333E-01  0.2886544     
 0.7250000E-01  0.2205941     
 0.7416667E-01  0.1215336     
 0.7583334E-01  0.7906572E-01 
 0.7749999E-01  0.6399214E-01 
 0.7916667E-01  0.7913399E-01 
 0.8083334E-01  0.1853311     
 0.8250000E-01  0.2324240     
 0.8416667E-01  0.2996653     
 0.8583333E-01  0.3107739     
 0.8750000E-01  0.2917510     
 0.8916666E-01  0.2423035     
 0.9083333E-01  0.1640591     
 0.9250000E-01  0.8399066E-01 
 0.9416667E-01  0.4484900E-01 
 0.9583333E-01  0.8523762E-01 
 0.9750000E-01  0.8735611E-01 
 0.9916665E-01  0.1456535     
 0.1008333      0.2157822     
 0.1025000      0.2361674     
 0.1041667      0.1737081     
 0.1058333      0.1444902     
 0.1075000      0.8032522E-01 
 0.1091667      0.7602137E-01 
 0.1108333      0.4334973E-01 
 0.1125000      0.8984065E-01 
 0.1141667      0.1417969     
 0.1158333      0.1912562     
 0.1175000      0.1752350     
 0.1191667      0.1307819     
 0.1208333      0.4050972E-01 
 0.1225000      0.4394424E-01 
 0.1241667      0.4557678E-01 
 0.1258333      0.1055011     
 0.1275000      0.1222630     
 0.1291667      0.1303907     
 0.1308333      0.1073648     
 0.1325000      0.5837585E-01 
 0.1341667      0.5217722E-01 
 0.1358333      0.7778913E-01 
 0.1375000      0.7217145E-01 
 0.1391667      0.1070079     
 0.1408333      0.9217860E-01 
 0.1425000      0.7271229E-01 
 0.1441667      0.5687168E-01 
 0.1458333      0.4473725E-01 
 0.1475000      0.4701374E-01 
 0.1491667      0.8049981E-01 
 0.1508333      0.9366622E-01 
 0.1525000      0.6773875E-01 
 0.1541667      0.4840361E-01 
 0.1558333      0.3753633E-01 
 0.1575000      0.7440307E-01 
 0.1591667      0.8016020E-01 
 0.1608333      0.7765207E-01 
 0.1625000      0.7688060E-01 
 0.1641667      0.5722133E-01 
 0.1658333      0.2761827E-01 
