# SumMovie FRC for input stack : stack1.mrc
# Number of micrographs: 1
# Number of frames per movie: 50
# Pixel size (A): 3.0000
# 1/(A)          FRC
# -----------------------
# 
# Micrograph 1 of 1. Score: .546
 0.8333334E-03  0.9999993     
 0.2500000E-02  0.9744595     
 0.4166666E-02  0.9570100     
 0.5833333E-02  0.9206978     
 0.7499999E-02  0.9047959     
 0.9166666E-02  0.7498849     
 0.1083333E-01  0.7274175     
 0.1250000E-01  0.8559785     
 0.1416667E-01  0.9222702     
 0.1583333E-01  0.9262321     
 0.1750000E-01  0.8740000     
 0.1916667E-01  0.6748973     
 0.2083333E-01  0.7639078     
 0.2250000E-01  0.8703893     
 0.2416667E-01  0.9033222     
 0.2583333E-01  0.8718806     
 0.2750000E-01  0.7478223     
 0.2916667E-01  0.6445194     
 0.3083333E-01  0.7088941     
 0.3250000E-01  0.7375411     
 0.3416666E-01  0.6839088     
 0.3583334E-01  0.5449505     
 0.3750000E-01  0.4825513     
 0.3916667E-01  0.4613421     
 0.4083334E-01  0.4484161     
 0.4250000E-01  0.4008278     
 0.4416666E-01  0.2596090     
 0.4583333E-01  0.1697579     
 0.4750000E-01  0.1881968     
 0.4916666E-01  0.9727920E-01 
 0.5083333E-01  0.6329448E-01 
 0.5250000E-01  0.6754223E-01 
 0.5416667E-01  0.1281486     
 0.5583333E-01  0.1858844     
 0.5750000E-01  0.2522844     
 0.5916666E-01  0.3155138     
 0.6083334E-01  0.3421957     
 0.6250000E-01  0.3283080     
 0.6416667E-01  0.2995101     
 0.6583333E-01  0.2720021     
 0.6750000E-01  0.1620378     
 0.6916667E-01  0.1351181     
 0.7083333E-01  0.8516088E-01 
 0.7250000E-01  0.7017237E-01 
 0.7416667E-01  0.1071585     
 0.7583334E-01  0.1657317     
 0.7749999E-01  0.2466589     
 0.7916667E-01  0.2983845     
 0.8083334E-01  0.2873471     
 0.8250000E-01  0.2830509     
 0.8416667E-01  0.2252853     
 0.8583333E-01  0.1229056     
 0.8750000E-01  0.6175695E-01 
 0.8916666E-01  0.3145228E-01 
 0.9083333E-01  0.1297226     
 0.9250000E-01  0.1943971     
 0.9416667E-01  0.2361073     
 0.9583333E-01  0.2474884     
 0.9750000E-01  0.1962585     
 0.9916665E-01  0.1076055     
 0.1008333      0.6622604E-01 
 0.1025000      0.4377348E-01 
 0.1041667      0.1203908     
 0.1058333      0.1519835     
 0.1075000      0.1591845     
 0.1091667      0.1741349     
 0.1108333      0.1299677     
 0.1125000      0.1216489     
 0.1141667      0.3581173E-01 
 0.1158333      0.6387824E-01 
 0.1175000      0.1084514     
 0.1191667      0.1080312     
 0.1208333      0.1129867     
 0.1225000      0.1003034     
 0.1241667      0.4610930E-01 
 0.1258333      0.3847792E-01 
 0.1275000      0.5827191E-01 
 0.1291667      0.1113302     
 0.1308333      0.1200295     
 0.1325000      0.6633991E-01 
 0.1341667      0.4765623E-01 
 0.1358333      0.2839295E-01 
 0.1375000      0.1025977     
 0.1391667      0.6271613E-01 
 0.1408333      0.1079841     
 0.1425000      0.6359304E-01 
 0.1441667      0.3178678E-01 
 0.1458333      0.2929438E-01 
 0.1475000      0.7244692E-01 
 0.1491667      0.5521128E-01 
 0.1508333      0.6213995E-01 
 0.1525000      0.2595114E-01 
 0.1541667      0.5613581E-01 
 0.1558333      0.8538383E-01 
 0.1575000      0.4423080E-01 
 0.1591667      0.2153843E-01 
 0.1608333      0.3142422E-01 
 0.1625000      0.4646367E-01 
 0.1641667      0.3765718E-01 
 0.1658333      0.2955324E-01 
