# SumMovie FRC for input stack : stack1.mrc
# Number of micrographs: 1
# Number of frames per movie: 50
# Pixel size (A): 3.0000
# 1/(A)          FRC
# -----------------------
# 
# Micrograph 1 of 1. Score: .516
 0.8333334E-03  0.9999990     
 0.2500000E-02  0.9745054     
 0.4166666E-02  0.9567877     
 0.5833333E-02  0.9214100     
 0.7499999E-02  0.9027508     
 0.9166666E-02  0.7451403     
 0.1083333E-01  0.7133317     
 0.1250000E-01  0.8433397     
 0.1416667E-01  0.9125733     
 0.1583333E-01  0.9158511     
 0.1750000E-01  0.8632159     
 0.1916667E-01  0.6526205     
 0.2083333E-01  0.7420707     
 0.2250000E-01  0.8536435     
 0.2416667E-01  0.8903395     
 0.2583333E-01  0.8522042     
 0.2750000E-01  0.7077373     
 0.2916667E-01  0.5871981     
 0.3083333E-01  0.6741313     
 0.3250000E-01  0.6907920     
 0.3416666E-01  0.6345677     
 0.3583334E-01  0.5025146     
 0.3750000E-01  0.4390943     
 0.3916667E-01  0.4050658     
 0.4083334E-01  0.4063808     
 0.4250000E-01  0.3542163     
 0.4416666E-01  0.2192281     
 0.4583333E-01  0.1290718     
 0.4750000E-01  0.1913012     
 0.4916666E-01  0.9708785E-01 
 0.5083333E-01  0.9200146E-01 
 0.5250000E-01  0.8482241E-01 
 0.5416667E-01  0.1073485     
 0.5583333E-01  0.1708564     
 0.5750000E-01  0.2096843     
 0.5916666E-01  0.2699150     
 0.6083334E-01  0.2928663     
 0.6250000E-01  0.2500272     
 0.6416667E-01  0.2225411     
 0.6583333E-01  0.2241585     
 0.6750000E-01  0.1344929     
 0.6916667E-01  0.1313152     
 0.7083333E-01  0.1058439     
 0.7250000E-01  0.5863730E-01 
 0.7416667E-01  0.7160657E-01 
 0.7583334E-01  0.1294630     
 0.7749999E-01  0.1800351     
 0.7916667E-01  0.2240314     
 0.8083334E-01  0.2238388     
 0.8250000E-01  0.2009110     
 0.8416667E-01  0.1436693     
 0.8583333E-01  0.8879446E-01 
 0.8750000E-01  0.6107009E-01 
 0.8916666E-01  0.1531187E-01 
 0.9083333E-01  0.7642157E-01 
 0.9250000E-01  0.1200514     
 0.9416667E-01  0.1738392     
 0.9583333E-01  0.1985644     
 0.9750000E-01  0.1454152     
 0.9916665E-01  0.8541687E-01 
 0.1008333      0.6306825E-01 
 0.1025000      0.2329047E-01 
 0.1041667      0.9149792E-01 
 0.1058333      0.1398482     
 0.1075000      0.1572342     
 0.1091667      0.1338711     
 0.1108333      0.1162666     
 0.1125000      0.1139341     
 0.1141667      0.5872451E-01 
 0.1158333      0.4351527E-01 
 0.1175000      0.8304784E-01 
 0.1191667      0.1131570     
 0.1208333      0.8013639E-01 
 0.1225000      0.7765314E-01 
 0.1241667      0.5923960E-01 
 0.1258333      0.3985021E-01 
 0.1275000      0.2514544E-01 
 0.1291667      0.1160223     
 0.1308333      0.7615275E-01 
 0.1325000      0.6403871E-01 
 0.1341667      0.3129267E-01 
 0.1358333      0.3702262E-01 
 0.1375000      0.5366905E-01 
 0.1391667      0.7233126E-01 
 0.1408333      0.8024416E-01 
 0.1425000      0.6864620E-01 
 0.1441667      0.4014638E-01 
 0.1458333      0.4047427E-01 
 0.1475000      0.7395096E-01 
 0.1491667      0.6212420E-01 
 0.1508333      0.5715574E-01 
 0.1525000      0.3594649E-01 
 0.1541667      0.5761182E-01 
 0.1558333      0.6379009E-01 
 0.1575000      0.4033951E-01 
 0.1591667      0.2132658E-01 
 0.1608333      0.3635555E-01 
 0.1625000      0.5904656E-01 
 0.1641667      0.6696300E-01 
 0.1658333      0.4090675E-01 
