# SumMovie FRC for input stack : stack1.mrc
# Number of micrographs: 1
# Number of frames per movie: 50
# Pixel size (A): 3.0000
# 1/(A)          FRC
# -----------------------
# 
# Micrograph 1 of 1. Score: .546
 0.8333334E-03  0.9999993     
 0.2500000E-02  0.9744500     
 0.4166666E-02  0.9570490     
 0.5833333E-02  0.9207080     
 0.7499999E-02  0.9049788     
 0.9166666E-02  0.7492501     
 0.1083333E-01  0.7275046     
 0.1250000E-01  0.8558606     
 0.1416667E-01  0.9223081     
 0.1583333E-01  0.9260324     
 0.1750000E-01  0.8737788     
 0.1916667E-01  0.6743171     
 0.2083333E-01  0.7637943     
 0.2250000E-01  0.8707871     
 0.2416667E-01  0.9031847     
 0.2583333E-01  0.8719160     
 0.2750000E-01  0.7474024     
 0.2916667E-01  0.6425222     
 0.3083333E-01  0.7083657     
 0.3250000E-01  0.7378556     
 0.3416666E-01  0.6847606     
 0.3583334E-01  0.5463281     
 0.3750000E-01  0.4833758     
 0.3916667E-01  0.4593690     
 0.4083334E-01  0.4491079     
 0.4250000E-01  0.3973784     
 0.4416666E-01  0.2565973     
 0.4583333E-01  0.1675190     
 0.4750000E-01  0.1865974     
 0.4916666E-01  0.9288642E-01 
 0.5083333E-01  0.6172592E-01 
 0.5250000E-01  0.6787699E-01 
 0.5416667E-01  0.1229040     
 0.5583333E-01  0.1862863     
 0.5750000E-01  0.2507223     
 0.5916666E-01  0.3167172     
 0.6083334E-01  0.3447898     
 0.6250000E-01  0.3267861     
 0.6416667E-01  0.2996707     
 0.6583333E-01  0.2719602     
 0.6750000E-01  0.1613232     
 0.6916667E-01  0.1335330     
 0.7083333E-01  0.8779886E-01 
 0.7250000E-01  0.6860544E-01 
 0.7416667E-01  0.1058779     
 0.7583334E-01  0.1659088     
 0.7749999E-01  0.2468190     
 0.7916667E-01  0.2966589     
 0.8083334E-01  0.2899067     
 0.8250000E-01  0.2868358     
 0.8416667E-01  0.2272340     
 0.8583333E-01  0.1233024     
 0.8750000E-01  0.6016338E-01 
 0.8916666E-01  0.3641931E-01 
 0.9083333E-01  0.1318542     
 0.9250000E-01  0.1984668     
 0.9416667E-01  0.2372696     
 0.9583333E-01  0.2497360     
 0.9750000E-01  0.1944561     
 0.9916665E-01  0.1142842     
 0.1008333      0.7084005E-01 
 0.1025000      0.4923258E-01 
 0.1041667      0.1211709     
 0.1058333      0.1582021     
 0.1075000      0.1593709     
 0.1091667      0.1757307     
 0.1108333      0.1323965     
 0.1125000      0.1287625     
 0.1141667      0.4615659E-01 
 0.1158333      0.6561876E-01 
 0.1175000      0.1056762     
 0.1191667      0.1162332     
 0.1208333      0.1165251     
 0.1225000      0.9931479E-01 
 0.1241667      0.5000234E-01 
 0.1258333      0.4339107E-01 
 0.1275000      0.5926429E-01 
 0.1291667      0.1195805     
 0.1308333      0.1247978     
 0.1325000      0.7349986E-01 
 0.1341667      0.4542869E-01 
 0.1358333      0.2621564E-01 
 0.1375000      0.1039677     
 0.1391667      0.7382923E-01 
 0.1408333      0.1072583     
 0.1425000      0.6824948E-01 
 0.1441667      0.4101799E-01 
 0.1458333      0.3511014E-01 
 0.1475000      0.7640996E-01 
 0.1491667      0.6817808E-01 
 0.1508333      0.6728020E-01 
 0.1525000      0.2986241E-01 
 0.1541667      0.5873116E-01 
 0.1558333      0.7860901E-01 
 0.1575000      0.4578154E-01 
 0.1591667      0.2667817E-01 
 0.1608333      0.4677640E-01 
 0.1625000      0.5665237E-01 
 0.1641667      0.3454729E-01 
 0.1658333      0.2965651E-01 
