# SumMovie FRC for input stack : stack6.mrc
# Number of micrographs: 1
# Number of frames per movie: 50
# Pixel size (A): 3.0000
# 1/(A)          FRC
# -----------------------
# 
# Micrograph 1 of 1. Score: .590
 0.8333334E-03  0.9999999     
 0.2500000E-02  0.9513739     
 0.4166666E-02  0.9318385     
 0.5833333E-02  0.8469210     
 0.7499999E-02  0.8657897     
 0.9166666E-02  0.6767427     
 0.1083333E-01  0.6586149     
 0.1250000E-01  0.8485464     
 0.1416667E-01  0.8868429     
 0.1583333E-01  0.9344234     
 0.1750000E-01  0.8940189     
 0.1916667E-01  0.6004089     
 0.2083333E-01  0.6690623     
 0.2250000E-01  0.8387063     
 0.2416667E-01  0.9004471     
 0.2583333E-01  0.8546886     
 0.2750000E-01  0.7312416     
 0.2916667E-01  0.6272212     
 0.3083333E-01  0.6940265     
 0.3250000E-01  0.7286178     
 0.3416666E-01  0.6999958     
 0.3583334E-01  0.5973273     
 0.3750000E-01  0.5424843     
 0.3916667E-01  0.5282335     
 0.4083334E-01  0.5715209     
 0.4250000E-01  0.4558692     
 0.4416666E-01  0.3902609     
 0.4583333E-01  0.3633679     
 0.4750000E-01  0.3001421     
 0.4916666E-01  0.2228654     
 0.5083333E-01  0.1308361     
 0.5250000E-01  0.1200616     
 0.5416667E-01  0.6940100E-01 
 0.5583333E-01  0.1013059     
 0.5750000E-01  0.1271808     
 0.5916666E-01  0.2033337     
 0.6083334E-01  0.2728496     
 0.6250000E-01  0.2977334     
 0.6416667E-01  0.3472951     
 0.6583333E-01  0.3653297     
 0.6750000E-01  0.3487817     
 0.6916667E-01  0.3390380     
 0.7083333E-01  0.2860501     
 0.7250000E-01  0.2257599     
 0.7416667E-01  0.1355428     
 0.7583334E-01  0.9012327E-01 
 0.7749999E-01  0.7317971E-01 
 0.7916667E-01  0.7703175E-01 
 0.8083334E-01  0.1897274     
 0.8250000E-01  0.2255303     
 0.8416667E-01  0.2879846     
 0.8583333E-01  0.3056726     
 0.8750000E-01  0.2874374     
 0.8916666E-01  0.2501287     
 0.9083333E-01  0.1673506     
 0.9250000E-01  0.9035726E-01 
 0.9416667E-01  0.5249523E-01 
 0.9583333E-01  0.8948098E-01 
 0.9750000E-01  0.8972947E-01 
 0.9916665E-01  0.1532301     
 0.1008333      0.2059229     
 0.1025000      0.2360670     
 0.1041667      0.1809004     
 0.1058333      0.1478325     
 0.1075000      0.8293528E-01 
 0.1091667      0.6990530E-01 
 0.1108333      0.5874848E-01 
 0.1125000      0.9121171E-01 
 0.1141667      0.1533853     
 0.1158333      0.1864951     
 0.1175000      0.1802795     
 0.1191667      0.1487009     
 0.1208333      0.5587917E-01 
 0.1225000      0.4589209E-01 
 0.1241667      0.4291245E-01 
 0.1258333      0.1110487     
 0.1275000      0.1390664     
 0.1291667      0.1312501     
 0.1308333      0.1153567     
 0.1325000      0.6645644E-01 
 0.1341667      0.5870906E-01 
 0.1358333      0.7818034E-01 
 0.1375000      0.7158248E-01 
 0.1391667      0.1037256     
 0.1408333      0.9739901E-01 
 0.1425000      0.7966250E-01 
 0.1441667      0.6818978E-01 
 0.1458333      0.4383431E-01 
 0.1475000      0.5461346E-01 
 0.1491667      0.8078700E-01 
 0.1508333      0.9748640E-01 
 0.1525000      0.6803768E-01 
 0.1541667      0.5196257E-01 
 0.1558333      0.5750733E-01 
 0.1575000      0.7672507E-01 
 0.1591667      0.8665383E-01 
 0.1608333      0.7843766E-01 
 0.1625000      0.8310892E-01 
 0.1641667      0.6458572E-01 
 0.1658333      0.3188576E-01 
