# SumMovie FRC for input stack : stack16.mrc
# Number of micrographs: 1
# Number of frames per movie: 50
# Pixel size (A): 3.0000
# 1/(A)          FRC
# -----------------------
# 
# Micrograph 1 of 1. Score: .525
 0.8333334E-03  0.9999994     
 0.2500000E-02  0.9669175     
 0.4166666E-02  0.9458447     
 0.5833333E-02  0.9107103     
 0.7499999E-02  0.8941360     
 0.9166666E-02  0.8407772     
 0.1083333E-01  0.7706662     
 0.1250000E-01  0.8776574     
 0.1416667E-01  0.9329579     
 0.1583333E-01  0.9632380     
 0.1750000E-01  0.9428161     
 0.1916667E-01  0.7623487     
 0.2083333E-01  0.7979652     
 0.2250000E-01  0.8901035     
 0.2416667E-01  0.9322425     
 0.2583333E-01  0.9225513     
 0.2750000E-01  0.8088081     
 0.2916667E-01  0.6735533     
 0.3083333E-01  0.7266369     
 0.3250000E-01  0.7712972     
 0.3416666E-01  0.6918260     
 0.3583334E-01  0.5453875     
 0.3750000E-01  0.4219804     
 0.3916667E-01  0.3576805     
 0.4083334E-01  0.2895326     
 0.4250000E-01  0.1164443     
 0.4416666E-01  0.1226955     
 0.4583333E-01  0.1088554     
 0.4750000E-01  0.1371199     
 0.4916666E-01  0.2660214     
 0.5083333E-01  0.3214682     
 0.5250000E-01  0.3474021     
 0.5416667E-01  0.3511424     
 0.5583333E-01  0.3965707     
 0.5750000E-01  0.3330903     
 0.5916666E-01  0.2561985     
 0.6083334E-01  0.1632026     
 0.6250000E-01  0.9163512E-01 
 0.6416667E-01  0.1195013     
 0.6583333E-01  0.1377487     
 0.6750000E-01  0.1786013     
 0.6916667E-01  0.2875239     
 0.7083333E-01  0.3727953     
 0.7250000E-01  0.3245246     
 0.7416667E-01  0.2579928     
 0.7583334E-01  0.1587211     
 0.7749999E-01  0.1115359     
 0.7916667E-01  0.8876639E-01 
 0.8083334E-01  0.2368340     
 0.8250000E-01  0.2326844     
 0.8416667E-01  0.3117136     
 0.8583333E-01  0.2676609     
 0.8750000E-01  0.1794100     
 0.8916666E-01  0.1190323     
 0.9083333E-01  0.9684442E-01 
 0.9250000E-01  0.1846039     
 0.9416667E-01  0.2347843     
 0.9583333E-01  0.2410729     
 0.9750000E-01  0.1970884     
 0.9916665E-01  0.1305850     
 0.1008333      0.1139928     
 0.1025000      0.1315487     
 0.1041667      0.1838171     
 0.1058333      0.2167664     
 0.1075000      0.1817596     
 0.1091667      0.1258263     
 0.1108333      0.6842611E-01 
 0.1125000      0.1527484     
 0.1141667      0.1809809     
 0.1158333      0.1755518     
 0.1175000      0.1344132     
 0.1191667      0.8129895E-01 
 0.1208333      0.1172696     
 0.1225000      0.1494559     
 0.1241667      0.1749068     
 0.1258333      0.1238497     
 0.1275000      0.9040029E-01 
 0.1291667      0.1227385     
 0.1308333      0.1326679     
 0.1325000      0.1342046     
 0.1341667      0.1135902     
 0.1358333      0.7824565E-01 
 0.1375000      0.1378507     
 0.1391667      0.1386937     
 0.1408333      0.1464682     
 0.1425000      0.1074305     
 0.1441667      0.1209219     
 0.1458333      0.1201788     
 0.1475000      0.1209552     
 0.1491667      0.1191933     
 0.1508333      0.9284202E-01 
 0.1525000      0.1380477     
 0.1541667      0.1137702     
 0.1558333      0.1003110     
 0.1575000      0.9620293E-01 
 0.1591667      0.1070271     
 0.1608333      0.1250875     
 0.1625000      0.7235480E-01 
 0.1641667      0.9912758E-01 
 0.1658333      0.1350535     
