# SumMovie FRC for input stack : stack11.mrc
# Number of micrographs: 1
# Number of frames per movie: 50
# Pixel size (A): 3.0000
# 1/(A)          FRC
# -----------------------
# 
# Micrograph 1 of 1. Score: .573
 0.8333334E-03  0.9999998     
 0.2500000E-02  0.8502412     
 0.4166666E-02  0.8703707     
 0.5833333E-02  0.8519419     
 0.7499999E-02  0.8574486     
 0.9166666E-02  0.7369056     
 0.1083333E-01  0.6258872     
 0.1250000E-01  0.8522938     
 0.1416667E-01  0.9141611     
 0.1583333E-01  0.9438741     
 0.1750000E-01  0.9072045     
 0.1916667E-01  0.6583738     
 0.2083333E-01  0.7393924     
 0.2250000E-01  0.8751873     
 0.2416667E-01  0.9219418     
 0.2583333E-01  0.8923705     
 0.2750000E-01  0.7422667     
 0.2916667E-01  0.6421623     
 0.3083333E-01  0.7108344     
 0.3250000E-01  0.7715119     
 0.3416666E-01  0.7203470     
 0.3583334E-01  0.5895484     
 0.3750000E-01  0.5231270     
 0.3916667E-01  0.4992793     
 0.4083334E-01  0.5169592     
 0.4250000E-01  0.4012494     
 0.4416666E-01  0.3372254     
 0.4583333E-01  0.2909190     
 0.4750000E-01  0.2208126     
 0.4916666E-01  0.1085393     
 0.5083333E-01  0.7636108E-01 
 0.5250000E-01  0.1374833     
 0.5416667E-01  0.1399261     
 0.5583333E-01  0.2224591     
 0.5750000E-01  0.2969184     
 0.5916666E-01  0.3606463     
 0.6083334E-01  0.3553946     
 0.6250000E-01  0.4019589     
 0.6416667E-01  0.3904927     
 0.6583333E-01  0.3107993     
 0.6750000E-01  0.2988803     
 0.6916667E-01  0.1897908     
 0.7083333E-01  0.1111465     
 0.7250000E-01  0.8433906E-01 
 0.7416667E-01  0.1095230     
 0.7583334E-01  0.1977839     
 0.7749999E-01  0.2665250     
 0.7916667E-01  0.3120891     
 0.8083334E-01  0.3532670     
 0.8250000E-01  0.3198838     
 0.8416667E-01  0.2955499     
 0.8583333E-01  0.2060099     
 0.8750000E-01  0.9672774E-01 
 0.8916666E-01  0.7783008E-01 
 0.9083333E-01  0.1309194     
 0.9250000E-01  0.2234700     
 0.9416667E-01  0.2861179     
 0.9583333E-01  0.3026211     
 0.9750000E-01  0.2562647     
 0.9916665E-01  0.2353646     
 0.1008333      0.1128059     
 0.1025000      0.7940733E-01 
 0.1041667      0.1370260     
 0.1058333      0.2179840     
 0.1075000      0.2216004     
 0.1091667      0.2486543     
 0.1108333      0.2086481     
 0.1125000      0.1524400     
 0.1141667      0.9760805E-01 
 0.1158333      0.9345878E-01 
 0.1175000      0.1640808     
 0.1191667      0.1932767     
 0.1208333      0.1639385     
 0.1225000      0.1457875     
 0.1241667      0.9008179E-01 
 0.1258333      0.9844594E-01 
 0.1275000      0.1098981     
 0.1291667      0.1646731     
 0.1308333      0.1662789     
 0.1325000      0.1826343     
 0.1341667      0.1083461     
 0.1358333      0.6787179E-01 
 0.1375000      0.1293984     
 0.1391667      0.1158381     
 0.1408333      0.1530697     
 0.1425000      0.1161274     
 0.1441667      0.1099604     
 0.1458333      0.9764729E-01 
 0.1475000      0.9361590E-01 
 0.1491667      0.1214911     
 0.1508333      0.1439260     
 0.1525000      0.1075303     
 0.1541667      0.9531777E-01 
 0.1558333      0.1057756     
 0.1575000      0.1422116     
 0.1591667      0.1016207     
 0.1608333      0.1112077     
 0.1625000      0.8995242E-01 
 0.1641667      0.1216823     
 0.1658333      0.1363658     
