# SumMovie FRC for input stack : stack6.mrc
# Number of micrographs: 1
# Number of frames per movie: 50
# Pixel size (A): 3.0000
# 1/(A)          FRC
# -----------------------
# 
# Micrograph 1 of 1. Score: .592
 0.8333334E-03  0.9999999     
 0.2500000E-02  0.9512997     
 0.4166666E-02  0.9319168     
 0.5833333E-02  0.8474565     
 0.7499999E-02  0.8654088     
 0.9166666E-02  0.6781770     
 0.1083333E-01  0.6581013     
 0.1250000E-01  0.8497385     
 0.1416667E-01  0.8878616     
 0.1583333E-01  0.9351238     
 0.1750000E-01  0.8939744     
 0.1916667E-01  0.6009099     
 0.2083333E-01  0.6728756     
 0.2250000E-01  0.8428115     
 0.2416667E-01  0.9024482     
 0.2583333E-01  0.8571737     
 0.2750000E-01  0.7349669     
 0.2916667E-01  0.6261272     
 0.3083333E-01  0.6976186     
 0.3250000E-01  0.7293850     
 0.3416666E-01  0.7023789     
 0.3583334E-01  0.6001478     
 0.3750000E-01  0.5392637     
 0.3916667E-01  0.5311306     
 0.4083334E-01  0.5746213     
 0.4250000E-01  0.4580313     
 0.4416666E-01  0.3956686     
 0.4583333E-01  0.3664974     
 0.4750000E-01  0.3031071     
 0.4916666E-01  0.2231369     
 0.5083333E-01  0.1349189     
 0.5250000E-01  0.1181028     
 0.5416667E-01  0.6272344E-01 
 0.5583333E-01  0.9967967E-01 
 0.5750000E-01  0.1212044     
 0.5916666E-01  0.2001753     
 0.6083334E-01  0.2712263     
 0.6250000E-01  0.2931324     
 0.6416667E-01  0.3452291     
 0.6583333E-01  0.3729745     
 0.6750000E-01  0.3491120     
 0.6916667E-01  0.3471641     
 0.7083333E-01  0.2918283     
 0.7250000E-01  0.2239882     
 0.7416667E-01  0.1278108     
 0.7583334E-01  0.7802530E-01 
 0.7749999E-01  0.7135625E-01 
 0.7916667E-01  0.7811907E-01 
 0.8083334E-01  0.1862298     
 0.8250000E-01  0.2289653     
 0.8416667E-01  0.2965074     
 0.8583333E-01  0.3110768     
 0.8750000E-01  0.2919326     
 0.8916666E-01  0.2453635     
 0.9083333E-01  0.1632757     
 0.9250000E-01  0.8588286E-01 
 0.9416667E-01  0.5163066E-01 
 0.9583333E-01  0.8670281E-01 
 0.9750000E-01  0.8878168E-01 
 0.9916665E-01  0.1419973     
 0.1008333      0.2188177     
 0.1025000      0.2417863     
 0.1041667      0.1738276     
 0.1058333      0.1521904     
 0.1075000      0.8295649E-01 
 0.1091667      0.7310091E-01 
 0.1108333      0.4628226E-01 
 0.1125000      0.8496792E-01 
 0.1141667      0.1419697     
 0.1158333      0.1929490     
 0.1175000      0.1716097     
 0.1191667      0.1327285     
 0.1208333      0.4340268E-01 
 0.1225000      0.4403958E-01 
 0.1241667      0.3383021E-01 
 0.1258333      0.1036510     
 0.1275000      0.1234291     
 0.1291667      0.1279131     
 0.1308333      0.1171294     
 0.1325000      0.6200331E-01 
 0.1341667      0.4945406E-01 
 0.1358333      0.7524696E-01 
 0.1375000      0.6770170E-01 
 0.1391667      0.1029465     
 0.1408333      0.9080701E-01 
 0.1425000      0.7183916E-01 
 0.1441667      0.6103405E-01 
 0.1458333      0.3745341E-01 
 0.1475000      0.5292809E-01 
 0.1491667      0.7467899E-01 
 0.1508333      0.9287874E-01 
 0.1525000      0.6719539E-01 
 0.1541667      0.4656644E-01 
 0.1558333      0.3786816E-01 
 0.1575000      0.7330205E-01 
 0.1591667      0.8480094E-01 
 0.1608333      0.7641460E-01 
 0.1625000      0.7731809E-01 
 0.1641667      0.5636571E-01 
 0.1658333      0.2935816E-01 
