# SumMovie FRC for input stack : stack16.mrc
# Number of micrographs: 1
# Number of frames per movie: 50
# Pixel size (A): 3.0000
# 1/(A)          FRC
# -----------------------
# 
# Micrograph 1 of 1. Score: .527
 0.8333334E-03  0.9999994     
 0.2500000E-02  0.9669452     
 0.4166666E-02  0.9458782     
 0.5833333E-02  0.9107897     
 0.7499999E-02  0.8942054     
 0.9166666E-02  0.8408952     
 0.1083333E-01  0.7709789     
 0.1250000E-01  0.8779783     
 0.1416667E-01  0.9330844     
 0.1583333E-01  0.9634057     
 0.1750000E-01  0.9430910     
 0.1916667E-01  0.7631801     
 0.2083333E-01  0.7986961     
 0.2250000E-01  0.8910364     
 0.2416667E-01  0.9330078     
 0.2583333E-01  0.9235592     
 0.2750000E-01  0.8107330     
 0.2916667E-01  0.6757206     
 0.3083333E-01  0.7285109     
 0.3250000E-01  0.7733517     
 0.3416666E-01  0.6939860     
 0.3583334E-01  0.5499957     
 0.3750000E-01  0.4233103     
 0.3916667E-01  0.3580642     
 0.4083334E-01  0.2921678     
 0.4250000E-01  0.1155050     
 0.4416666E-01  0.1227176     
 0.4583333E-01  0.1082030     
 0.4750000E-01  0.1371252     
 0.4916666E-01  0.2680386     
 0.5083333E-01  0.3252337     
 0.5250000E-01  0.3518202     
 0.5416667E-01  0.3534731     
 0.5583333E-01  0.4000190     
 0.5750000E-01  0.3374808     
 0.5916666E-01  0.2594421     
 0.6083334E-01  0.1676770     
 0.6250000E-01  0.9162568E-01 
 0.6416667E-01  0.1170923     
 0.6583333E-01  0.1392317     
 0.6750000E-01  0.1834223     
 0.6916667E-01  0.2925315     
 0.7083333E-01  0.3797496     
 0.7250000E-01  0.3282145     
 0.7416667E-01  0.2631237     
 0.7583334E-01  0.1605563     
 0.7749999E-01  0.1124865     
 0.7916667E-01  0.9110841E-01 
 0.8083334E-01  0.2407878     
 0.8250000E-01  0.2387082     
 0.8416667E-01  0.3176351     
 0.8583333E-01  0.2720940     
 0.8750000E-01  0.1814993     
 0.8916666E-01  0.1181494     
 0.9083333E-01  0.9861895E-01 
 0.9250000E-01  0.1841662     
 0.9416667E-01  0.2371628     
 0.9583333E-01  0.2464995     
 0.9750000E-01  0.2011513     
 0.9916665E-01  0.1301717     
 0.1008333      0.1120755     
 0.1025000      0.1331232     
 0.1041667      0.1867643     
 0.1058333      0.2213287     
 0.1075000      0.1842499     
 0.1091667      0.1280034     
 0.1108333      0.6853276E-01 
 0.1125000      0.1539209     
 0.1141667      0.1830521     
 0.1158333      0.1737936     
 0.1175000      0.1359739     
 0.1191667      0.8599222E-01 
 0.1208333      0.1177307     
 0.1225000      0.1503110     
 0.1241667      0.1739177     
 0.1258333      0.1275773     
 0.1275000      0.9214255E-01 
 0.1291667      0.1183937     
 0.1308333      0.1369216     
 0.1325000      0.1362169     
 0.1341667      0.1128467     
 0.1358333      0.7504276E-01 
 0.1375000      0.1324839     
 0.1391667      0.1381209     
 0.1408333      0.1437638     
 0.1425000      0.1023427     
 0.1441667      0.1209192     
 0.1458333      0.1204879     
 0.1475000      0.1186895     
 0.1491667      0.1228738     
 0.1508333      0.9609482E-01 
 0.1525000      0.1339114     
 0.1541667      0.1159521     
 0.1558333      0.9994014E-01 
 0.1575000      0.9670240E-01 
 0.1591667      0.1080156     
 0.1608333      0.1232442     
 0.1625000      0.7304653E-01 
 0.1641667      0.9841664E-01 
 0.1658333      0.1363049     
