# SumMovie FRC for input stack : stack11.mrc
# Number of micrographs: 1
# Number of frames per movie: 50
# Pixel size (A): 3.0000
# 1/(A)          FRC
# -----------------------
# 
# Micrograph 1 of 1. Score: .577
 0.8333334E-03  0.9999998     
 0.2500000E-02  0.8506165     
 0.4166666E-02  0.8709142     
 0.5833333E-02  0.8516227     
 0.7499999E-02  0.8579458     
 0.9166666E-02  0.7375742     
 0.1083333E-01  0.6258720     
 0.1250000E-01  0.8539194     
 0.1416667E-01  0.9154745     
 0.1583333E-01  0.9441863     
 0.1750000E-01  0.9083046     
 0.1916667E-01  0.6544009     
 0.2083333E-01  0.7417866     
 0.2250000E-01  0.8761748     
 0.2416667E-01  0.9248500     
 0.2583333E-01  0.8934154     
 0.2750000E-01  0.7467029     
 0.2916667E-01  0.6522627     
 0.3083333E-01  0.7204617     
 0.3250000E-01  0.7780578     
 0.3416666E-01  0.7320295     
 0.3583334E-01  0.5955052     
 0.3750000E-01  0.5329937     
 0.3916667E-01  0.5112416     
 0.4083334E-01  0.5214359     
 0.4250000E-01  0.4081460     
 0.4416666E-01  0.3428450     
 0.4583333E-01  0.3001823     
 0.4750000E-01  0.2176301     
 0.4916666E-01  0.1032172     
 0.5083333E-01  0.7455149E-01 
 0.5250000E-01  0.1383265     
 0.5416667E-01  0.1445274     
 0.5583333E-01  0.2168711     
 0.5750000E-01  0.3001124     
 0.5916666E-01  0.3844330     
 0.6083334E-01  0.3614914     
 0.6250000E-01  0.4234754     
 0.6416667E-01  0.4056478     
 0.6583333E-01  0.3292554     
 0.6750000E-01  0.3045410     
 0.6916667E-01  0.1828994     
 0.7083333E-01  0.1073419     
 0.7250000E-01  0.6393097E-01 
 0.7416667E-01  0.1098707     
 0.7583334E-01  0.2004837     
 0.7749999E-01  0.2845910     
 0.7916667E-01  0.3250412     
 0.8083334E-01  0.3795060     
 0.8250000E-01  0.3373717     
 0.8416667E-01  0.3170635     
 0.8583333E-01  0.2075169     
 0.8750000E-01  0.1012651     
 0.8916666E-01  0.6565203E-01 
 0.9083333E-01  0.1338975     
 0.9250000E-01  0.2399379     
 0.9416667E-01  0.2913217     
 0.9583333E-01  0.2975966     
 0.9750000E-01  0.2677778     
 0.9916665E-01  0.2186061     
 0.1008333      0.1052906     
 0.1025000      0.3819995E-01 
 0.1041667      0.1106867     
 0.1058333      0.1895198     
 0.1075000      0.2372434     
 0.1091667      0.2346999     
 0.1108333      0.1986553     
 0.1125000      0.1307519     
 0.1141667      0.6043240E-01 
 0.1158333      0.8066996E-01 
 0.1175000      0.1388641     
 0.1191667      0.1703858     
 0.1208333      0.1628660     
 0.1225000      0.1321864     
 0.1241667      0.7196619E-01 
 0.1258333      0.6254961E-01 
 0.1275000      0.8812603E-01 
 0.1291667      0.1425983     
 0.1308333      0.1679610     
 0.1325000      0.1621121     
 0.1341667      0.8586301E-01 
 0.1358333      0.4953298E-01 
 0.1375000      0.9010480E-01 
 0.1391667      0.9974333E-01 
 0.1408333      0.1286318     
 0.1425000      0.9959391E-01 
 0.1441667      0.6748565E-01 
 0.1458333      0.4366087E-01 
 0.1475000      0.5621110E-01 
 0.1491667      0.1110904     
 0.1508333      0.9890749E-01 
 0.1525000      0.8024303E-01 
 0.1541667      0.6381359E-01 
 0.1558333      0.6115952E-01 
 0.1575000      0.1146459     
 0.1591667      0.7035642E-01 
 0.1608333      0.6113021E-01 
 0.1625000      0.5630395E-01 
 0.1641667      0.6937413E-01 
 0.1658333      0.9272546E-01 
