# SumMovie FRC for input stack : stack11.mrc
# Number of micrographs: 1
# Number of frames per movie: 50
# Pixel size (A): 3.0000
# 1/(A)          FRC
# -----------------------
# 
# Micrograph 1 of 1. Score: .577
 0.8333334E-03  0.9999998     
 0.2500000E-02  0.8506220     
 0.4166666E-02  0.8709137     
 0.5833333E-02  0.8516468     
 0.7499999E-02  0.8579689     
 0.9166666E-02  0.7378252     
 0.1083333E-01  0.6257058     
 0.1250000E-01  0.8539822     
 0.1416667E-01  0.9155043     
 0.1583333E-01  0.9442062     
 0.1750000E-01  0.9083323     
 0.1916667E-01  0.6544296     
 0.2083333E-01  0.7417148     
 0.2250000E-01  0.8761418     
 0.2416667E-01  0.9248868     
 0.2583333E-01  0.8932662     
 0.2750000E-01  0.7468532     
 0.2916667E-01  0.6524516     
 0.3083333E-01  0.7208354     
 0.3250000E-01  0.7784637     
 0.3416666E-01  0.7321883     
 0.3583334E-01  0.5954815     
 0.3750000E-01  0.5333299     
 0.3916667E-01  0.5114381     
 0.4083334E-01  0.5213111     
 0.4250000E-01  0.4076490     
 0.4416666E-01  0.3417300     
 0.4583333E-01  0.2999640     
 0.4750000E-01  0.2179988     
 0.4916666E-01  0.1028876     
 0.5083333E-01  0.7669199E-01 
 0.5250000E-01  0.1386652     
 0.5416667E-01  0.1446306     
 0.5583333E-01  0.2178130     
 0.5750000E-01  0.2994373     
 0.5916666E-01  0.3841656     
 0.6083334E-01  0.3615956     
 0.6250000E-01  0.4227332     
 0.6416667E-01  0.4058097     
 0.6583333E-01  0.3276313     
 0.6750000E-01  0.3034064     
 0.6916667E-01  0.1801977     
 0.7083333E-01  0.1052879     
 0.7250000E-01  0.6366257E-01 
 0.7416667E-01  0.1076638     
 0.7583334E-01  0.2013416     
 0.7749999E-01  0.2835546     
 0.7916667E-01  0.3227502     
 0.8083334E-01  0.3784717     
 0.8250000E-01  0.3373785     
 0.8416667E-01  0.3170089     
 0.8583333E-01  0.2080410     
 0.8750000E-01  0.9933171E-01 
 0.8916666E-01  0.6645799E-01 
 0.9083333E-01  0.1333399     
 0.9250000E-01  0.2390790     
 0.9416667E-01  0.2897199     
 0.9583333E-01  0.2964556     
 0.9750000E-01  0.2670513     
 0.9916665E-01  0.2155825     
 0.1008333      0.1042870     
 0.1025000      0.3832278E-01 
 0.1041667      0.1115526     
 0.1058333      0.1861852     
 0.1075000      0.2357768     
 0.1091667      0.2340210     
 0.1108333      0.1961632     
 0.1125000      0.1292701     
 0.1141667      0.5969083E-01 
 0.1158333      0.8078663E-01 
 0.1175000      0.1372521     
 0.1191667      0.1701851     
 0.1208333      0.1607673     
 0.1225000      0.1297577     
 0.1241667      0.7279996E-01 
 0.1258333      0.6100108E-01 
 0.1275000      0.8970697E-01 
 0.1291667      0.1408008     
 0.1308333      0.1649726     
 0.1325000      0.1606730     
 0.1341667      0.8537977E-01 
 0.1358333      0.4714690E-01 
 0.1375000      0.8887080E-01 
 0.1391667      0.9858245E-01 
 0.1408333      0.1251970     
 0.1425000      0.9949244E-01 
 0.1441667      0.6663071E-01 
 0.1458333      0.4173238E-01 
 0.1475000      0.5725564E-01 
 0.1491667      0.1094263     
 0.1508333      0.9947385E-01 
 0.1525000      0.7873553E-01 
 0.1541667      0.6300054E-01 
 0.1558333      0.6074199E-01 
 0.1575000      0.1129230     
 0.1591667      0.6921907E-01 
 0.1608333      0.5979149E-01 
 0.1625000      0.5864120E-01 
 0.1641667      0.6791350E-01 
 0.1658333      0.8844451E-01 
