# SumMovie FRC for input stack : stack16.mrc
# Number of micrographs: 1
# Number of frames per movie: 50
# Pixel size (A): 3.0000
# 1/(A)          FRC
# -----------------------
# 
# Micrograph 1 of 1. Score: .525
 0.8333334E-03  0.9999994     
 0.2500000E-02  0.9669175     
 0.4166666E-02  0.9458446     
 0.5833333E-02  0.9107100     
 0.7499999E-02  0.8941354     
 0.9166666E-02  0.8407770     
 0.1083333E-01  0.7706662     
 0.1250000E-01  0.8776585     
 0.1416667E-01  0.9329581     
 0.1583333E-01  0.9632391     
 0.1750000E-01  0.9428161     
 0.1916667E-01  0.7623501     
 0.2083333E-01  0.7979680     
 0.2250000E-01  0.8901055     
 0.2416667E-01  0.9322447     
 0.2583333E-01  0.9225537     
 0.2750000E-01  0.8088142     
 0.2916667E-01  0.6735586     
 0.3083333E-01  0.7266431     
 0.3250000E-01  0.7713026     
 0.3416666E-01  0.6918319     
 0.3583334E-01  0.5453963     
 0.3750000E-01  0.4219841     
 0.3916667E-01  0.3576787     
 0.4083334E-01  0.2895347     
 0.4250000E-01  0.1164399     
 0.4416666E-01  0.1227026     
 0.4583333E-01  0.1088586     
 0.4750000E-01  0.1371200     
 0.4916666E-01  0.2660250     
 0.5083333E-01  0.3214749     
 0.5250000E-01  0.3474039     
 0.5416667E-01  0.3511460     
 0.5583333E-01  0.3965765     
 0.5750000E-01  0.3330980     
 0.5916666E-01  0.2562070     
 0.6083334E-01  0.1632007     
 0.6250000E-01  0.9163974E-01 
 0.6416667E-01  0.1194918     
 0.6583333E-01  0.1377446     
 0.6750000E-01  0.1786121     
 0.6916667E-01  0.2875351     
 0.7083333E-01  0.3728076     
 0.7250000E-01  0.3245418     
 0.7416667E-01  0.2580022     
 0.7583334E-01  0.1587182     
 0.7749999E-01  0.1115440     
 0.7916667E-01  0.8878240E-01 
 0.8083334E-01  0.2368502     
 0.8250000E-01  0.2326977     
 0.8416667E-01  0.3117262     
 0.8583333E-01  0.2676677     
 0.8750000E-01  0.1794165     
 0.8916666E-01  0.1190322     
 0.9083333E-01  0.9685422E-01 
 0.9250000E-01  0.1845919     
 0.9416667E-01  0.2348042     
 0.9583333E-01  0.2410868     
 0.9750000E-01  0.1971018     
 0.9916665E-01  0.1305839     
 0.1008333      0.1139844     
 0.1025000      0.1315668     
 0.1041667      0.1838242     
 0.1058333      0.2167821     
 0.1075000      0.1817692     
 0.1091667      0.1258355     
 0.1108333      0.6841473E-01 
 0.1125000      0.1527554     
 0.1141667      0.1809793     
 0.1158333      0.1755407     
 0.1175000      0.1344074     
 0.1191667      0.8130573E-01 
 0.1208333      0.1172824     
 0.1225000      0.1494642     
 0.1241667      0.1749028     
 0.1258333      0.1238661     
 0.1275000      0.9042964E-01 
 0.1291667      0.1227323     
 0.1308333      0.1326935     
 0.1325000      0.1342124     
 0.1341667      0.1135991     
 0.1358333      0.7823266E-01 
 0.1375000      0.1378416     
 0.1391667      0.1386907     
 0.1408333      0.1464577     
 0.1425000      0.1074291     
 0.1441667      0.1209135     
 0.1458333      0.1201805     
 0.1475000      0.1209432     
 0.1491667      0.1192086     
 0.1508333      0.9283856E-01 
 0.1525000      0.1380321     
 0.1541667      0.1137704     
 0.1558333      0.1003172     
 0.1575000      0.9622144E-01 
 0.1591667      0.1070222     
 0.1608333      0.1251040     
 0.1625000      0.7235737E-01 
 0.1641667      0.9913846E-01 
 0.1658333      0.1350604     
