# SumMovie FRC for input stack : stack1.mrc
# Number of micrographs: 1
# Number of frames per movie: 50
# Pixel size (A): 3.0000
# 1/(A)          FRC
# -----------------------
# 
# Micrograph 1 of 1. Score: .531
 0.8333334E-03  0.9999990     
 0.2500000E-02  0.9744577     
 0.4166666E-02  0.9567908     
 0.5833333E-02  0.9214185     
 0.7499999E-02  0.9030936     
 0.9166666E-02  0.7481719     
 0.1083333E-01  0.7178276     
 0.1250000E-01  0.8485700     
 0.1416667E-01  0.9161142     
 0.1583333E-01  0.9187071     
 0.1750000E-01  0.8695939     
 0.1916667E-01  0.6655030     
 0.2083333E-01  0.7537614     
 0.2250000E-01  0.8629477     
 0.2416667E-01  0.8983548     
 0.2583333E-01  0.8650611     
 0.2750000E-01  0.7300444     
 0.2916667E-01  0.6212088     
 0.3083333E-01  0.6965617     
 0.3250000E-01  0.7226669     
 0.3416666E-01  0.6693028     
 0.3583334E-01  0.5293567     
 0.3750000E-01  0.4611501     
 0.3916667E-01  0.4361386     
 0.4083334E-01  0.4405824     
 0.4250000E-01  0.3744378     
 0.4416666E-01  0.2317734     
 0.4583333E-01  0.1343154     
 0.4750000E-01  0.1778787     
 0.4916666E-01  0.8822573E-01 
 0.5083333E-01  0.6912552E-01 
 0.5250000E-01  0.7342593E-01 
 0.5416667E-01  0.1017532     
 0.5583333E-01  0.1826666     
 0.5750000E-01  0.2190352     
 0.5916666E-01  0.3138261     
 0.6083334E-01  0.3197681     
 0.6250000E-01  0.2945284     
 0.6416667E-01  0.2535122     
 0.6583333E-01  0.2469076     
 0.6750000E-01  0.1469298     
 0.6916667E-01  0.1097436     
 0.7083333E-01  0.8216106E-01 
 0.7250000E-01  0.5635217E-01 
 0.7416667E-01  0.8138641E-01 
 0.7583334E-01  0.1431705     
 0.7749999E-01  0.2201148     
 0.7916667E-01  0.2829344     
 0.8083334E-01  0.2656819     
 0.8250000E-01  0.2552327     
 0.8416667E-01  0.1808852     
 0.8583333E-01  0.1046606     
 0.8750000E-01  0.5309732E-01 
 0.8916666E-01  0.4686069E-01 
 0.9083333E-01  0.1081556     
 0.9250000E-01  0.1610800     
 0.9416667E-01  0.2136164     
 0.9583333E-01  0.2255295     
 0.9750000E-01  0.1700110     
 0.9916665E-01  0.1146559     
 0.1008333      0.6663300E-01 
 0.1025000      0.5561958E-01 
 0.1041667      0.7711302E-01 
 0.1058333      0.1418070     
 0.1075000      0.1557106     
 0.1091667      0.1526933     
 0.1108333      0.1023962     
 0.1125000      0.1282050     
 0.1141667      0.5949250E-01 
 0.1158333      0.3708329E-01 
 0.1175000      0.8238035E-01 
 0.1191667      0.1062070     
 0.1208333      0.1041516     
 0.1225000      0.9931152E-01 
 0.1241667      0.5847342E-01 
 0.1258333      0.3601312E-01 
 0.1275000      0.5357567E-01 
 0.1291667      0.9070853E-01 
 0.1308333      0.1075782     
 0.1325000      0.6403014E-01 
 0.1341667      0.4164478E-01 
 0.1358333      0.3325373E-01 
 0.1375000      0.6158787E-01 
 0.1391667      0.7411235E-01 
 0.1408333      0.7268968E-01 
 0.1425000      0.5183252E-01 
 0.1441667      0.1815971E-01 
 0.1458333      0.4443911E-01 
 0.1475000      0.7070240E-01 
 0.1491667      0.6006269E-01 
 0.1508333      0.7206066E-01 
 0.1525000      0.4668209E-01 
 0.1541667      0.3661580E-01 
 0.1558333      0.6323357E-01 
 0.1575000      0.4478333E-01 
 0.1591667      0.1467468E-01 
 0.1608333      0.3978572E-01 
 0.1625000      0.5155432E-01 
 0.1641667      0.5252824E-01 
 0.1658333      0.1608440E-01 
