# SumMovie FRC for input stack : stack1.mrc
# Number of micrographs: 1
# Number of frames per movie: 50
# Pixel size (A): 3.0000
# 1/(A)          FRC
# -----------------------
# 
# Micrograph 1 of 1. Score: .546
 0.8333334E-03  0.9999993     
 0.2500000E-02  0.9744568     
 0.4166666E-02  0.9570095     
 0.5833333E-02  0.9206718     
 0.7499999E-02  0.9048172     
 0.9166666E-02  0.7497694     
 0.1083333E-01  0.7274026     
 0.1250000E-01  0.8558860     
 0.1416667E-01  0.9222894     
 0.1583333E-01  0.9261751     
 0.1750000E-01  0.8739711     
 0.1916667E-01  0.6748109     
 0.2083333E-01  0.7638786     
 0.2250000E-01  0.8704184     
 0.2416667E-01  0.9032534     
 0.2583333E-01  0.8719022     
 0.2750000E-01  0.7477134     
 0.2916667E-01  0.6443924     
 0.3083333E-01  0.7088146     
 0.3250000E-01  0.7376394     
 0.3416666E-01  0.6840101     
 0.3583334E-01  0.5451985     
 0.3750000E-01  0.4830235     
 0.3916667E-01  0.4611518     
 0.4083334E-01  0.4487080     
 0.4250000E-01  0.4004195     
 0.4416666E-01  0.2597023     
 0.4583333E-01  0.1702599     
 0.4750000E-01  0.1883176     
 0.4916666E-01  0.9704231E-01 
 0.5083333E-01  0.6362029E-01 
 0.5250000E-01  0.6830638E-01 
 0.5416667E-01  0.1281629     
 0.5583333E-01  0.1857398     
 0.5750000E-01  0.2533959     
 0.5916666E-01  0.3162616     
 0.6083334E-01  0.3425004     
 0.6250000E-01  0.3284000     
 0.6416667E-01  0.2997904     
 0.6583333E-01  0.2725376     
 0.6750000E-01  0.1618250     
 0.6916667E-01  0.1356634     
 0.7083333E-01  0.8562786E-01 
 0.7250000E-01  0.6973933E-01 
 0.7416667E-01  0.1081345     
 0.7583334E-01  0.1666507     
 0.7749999E-01  0.2458590     
 0.7916667E-01  0.2982315     
 0.8083334E-01  0.2880725     
 0.8250000E-01  0.2842366     
 0.8416667E-01  0.2268985     
 0.8583333E-01  0.1233674     
 0.8750000E-01  0.6126232E-01 
 0.8916666E-01  0.3182597E-01 
 0.9083333E-01  0.1312562     
 0.9250000E-01  0.1957545     
 0.9416667E-01  0.2361666     
 0.9583333E-01  0.2480038     
 0.9750000E-01  0.1961653     
 0.9916665E-01  0.1078026     
 0.1008333      0.6690348E-01 
 0.1025000      0.4367408E-01 
 0.1041667      0.1199794     
 0.1058333      0.1526360     
 0.1075000      0.1588302     
 0.1091667      0.1755723     
 0.1108333      0.1311143     
 0.1125000      0.1223864     
 0.1141667      0.3619250E-01 
 0.1158333      0.6489776E-01 
 0.1175000      0.1084080     
 0.1191667      0.1090572     
 0.1208333      0.1139970     
 0.1225000      0.1007061     
 0.1241667      0.4709250E-01 
 0.1258333      0.3973038E-01 
 0.1275000      0.5863709E-01 
 0.1291667      0.1134883     
 0.1308333      0.1202859     
 0.1325000      0.6816219E-01 
 0.1341667      0.4807563E-01 
 0.1358333      0.2687928E-01 
 0.1375000      0.1022748     
 0.1391667      0.6421480E-01 
 0.1408333      0.1077941     
 0.1425000      0.6348109E-01 
 0.1441667      0.3419987E-01 
 0.1458333      0.3003705E-01 
 0.1475000      0.7377456E-01 
 0.1491667      0.5624042E-01 
 0.1508333      0.6211747E-01 
 0.1525000      0.2619979E-01 
 0.1541667      0.5736741E-01 
 0.1558333      0.8451546E-01 
 0.1575000      0.4416064E-01 
 0.1591667      0.2113941E-01 
 0.1608333      0.3390507E-01 
 0.1625000      0.4739437E-01 
 0.1641667      0.3793257E-01 
 0.1658333      0.2804329E-01 
