# SumMovie FRC for input stack : stack11.mrc
# Number of micrographs: 1
# Number of frames per movie: 50
# Pixel size (A): 3.0000
# 1/(A)          FRC
# -----------------------
# 
# Micrograph 1 of 1. Score: .577
 0.8333334E-03  0.9999998     
 0.2500000E-02  0.8506393     
 0.4166666E-02  0.8709520     
 0.5833333E-02  0.8516102     
 0.7499999E-02  0.8579401     
 0.9166666E-02  0.7375802     
 0.1083333E-01  0.6258785     
 0.1250000E-01  0.8539975     
 0.1416667E-01  0.9155229     
 0.1583333E-01  0.9441611     
 0.1750000E-01  0.9083317     
 0.1916667E-01  0.6542045     
 0.2083333E-01  0.7417906     
 0.2250000E-01  0.8761392     
 0.2416667E-01  0.9249195     
 0.2583333E-01  0.8933713     
 0.2750000E-01  0.7467034     
 0.2916667E-01  0.6522686     
 0.3083333E-01  0.7207027     
 0.3250000E-01  0.7782145     
 0.3416666E-01  0.7323657     
 0.3583334E-01  0.5953345     
 0.3750000E-01  0.5328363     
 0.3916667E-01  0.5113120     
 0.4083334E-01  0.5213867     
 0.4250000E-01  0.4078875     
 0.4416666E-01  0.3427794     
 0.4583333E-01  0.3002265     
 0.4750000E-01  0.2174530     
 0.4916666E-01  0.1031015     
 0.5083333E-01  0.7418734E-01 
 0.5250000E-01  0.1385140     
 0.5416667E-01  0.1445754     
 0.5583333E-01  0.2168532     
 0.5750000E-01  0.2998192     
 0.5916666E-01  0.3847642     
 0.6083334E-01  0.3617910     
 0.6250000E-01  0.4236626     
 0.6416667E-01  0.4059805     
 0.6583333E-01  0.3288419     
 0.6750000E-01  0.3034585     
 0.6916667E-01  0.1815167     
 0.7083333E-01  0.1067148     
 0.7250000E-01  0.6258106E-01 
 0.7416667E-01  0.1094556     
 0.7583334E-01  0.2005673     
 0.7749999E-01  0.2848662     
 0.7916667E-01  0.3252373     
 0.8083334E-01  0.3796045     
 0.8250000E-01  0.3377387     
 0.8416667E-01  0.3176584     
 0.8583333E-01  0.2063813     
 0.8750000E-01  0.1008643     
 0.8916666E-01  0.6510139E-01 
 0.9083333E-01  0.1335313     
 0.9250000E-01  0.2399848     
 0.9416667E-01  0.2901717     
 0.9583333E-01  0.2967409     
 0.9750000E-01  0.2675051     
 0.9916665E-01  0.2169874     
 0.1008333      0.1049316     
 0.1025000      0.3656735E-01 
 0.1041667      0.1095867     
 0.1058333      0.1880963     
 0.1075000      0.2363801     
 0.1091667      0.2337844     
 0.1108333      0.1982767     
 0.1125000      0.1289930     
 0.1141667      0.5881079E-01 
 0.1158333      0.7977513E-01 
 0.1175000      0.1380518     
 0.1191667      0.1689327     
 0.1208333      0.1620748     
 0.1225000      0.1313652     
 0.1241667      0.7214984E-01 
 0.1258333      0.6096068E-01 
 0.1275000      0.8803611E-01 
 0.1291667      0.1411419     
 0.1308333      0.1669993     
 0.1325000      0.1612202     
 0.1341667      0.8533213E-01 
 0.1358333      0.4771525E-01 
 0.1375000      0.8797652E-01 
 0.1391667      0.9842592E-01 
 0.1408333      0.1273938     
 0.1425000      0.9898778E-01 
 0.1441667      0.6619425E-01 
 0.1458333      0.4142118E-01 
 0.1475000      0.5548947E-01 
 0.1491667      0.1104386     
 0.1508333      0.9747726E-01 
 0.1525000      0.7896596E-01 
 0.1541667      0.6238911E-01 
 0.1558333      0.5984530E-01 
 0.1575000      0.1133875     
 0.1591667      0.6920587E-01 
 0.1608333      0.6051466E-01 
 0.1625000      0.5586813E-01 
 0.1641667      0.6804787E-01 
 0.1658333      0.9137454E-01 
