# SumMovie FRC for input stack : stack16.mrc
# Number of micrographs: 1
# Number of frames per movie: 50
# Pixel size (A): 3.0000
# 1/(A)          FRC
# -----------------------
# 
# Micrograph 1 of 1. Score: .528
 0.8333334E-03  0.9999994     
 0.2500000E-02  0.9669859     
 0.4166666E-02  0.9459101     
 0.5833333E-02  0.9109293     
 0.7499999E-02  0.8942964     
 0.9166666E-02  0.8410706     
 0.1083333E-01  0.7714469     
 0.1250000E-01  0.8783892     
 0.1416667E-01  0.9332654     
 0.1583333E-01  0.9636468     
 0.1750000E-01  0.9434571     
 0.1916667E-01  0.7643696     
 0.2083333E-01  0.7997208     
 0.2250000E-01  0.8924039     
 0.2416667E-01  0.9340574     
 0.2583333E-01  0.9249386     
 0.2750000E-01  0.8134568     
 0.2916667E-01  0.6790926     
 0.3083333E-01  0.7310717     
 0.3250000E-01  0.7763907     
 0.3416666E-01  0.6972036     
 0.3583334E-01  0.5567856     
 0.3750000E-01  0.4250855     
 0.3916667E-01  0.3590738     
 0.4083334E-01  0.2950068     
 0.4250000E-01  0.1143569     
 0.4416666E-01  0.1228139     
 0.4583333E-01  0.1063591     
 0.4750000E-01  0.1368820     
 0.4916666E-01  0.2701651     
 0.5083333E-01  0.3300945     
 0.5250000E-01  0.3581362     
 0.5416667E-01  0.3572142     
 0.5583333E-01  0.4049678     
 0.5750000E-01  0.3436413     
 0.5916666E-01  0.2628056     
 0.6083334E-01  0.1741297     
 0.6250000E-01  0.9097406E-01 
 0.6416667E-01  0.1134802     
 0.6583333E-01  0.1416917     
 0.6750000E-01  0.1899668     
 0.6916667E-01  0.2986391     
 0.7083333E-01  0.3887967     
 0.7250000E-01  0.3323189     
 0.7416667E-01  0.2692523     
 0.7583334E-01  0.1637630     
 0.7749999E-01  0.1123625     
 0.7916667E-01  0.9272426E-01 
 0.8083334E-01  0.2453887     
 0.8250000E-01  0.2472138     
 0.8416667E-01  0.3258784     
 0.8583333E-01  0.2778293     
 0.8750000E-01  0.1842562     
 0.8916666E-01  0.1169180     
 0.9083333E-01  0.9878654E-01 
 0.9250000E-01  0.1836277     
 0.9416667E-01  0.2399840     
 0.9583333E-01  0.2547065     
 0.9750000E-01  0.2057451     
 0.9916665E-01  0.1268803     
 0.1008333      0.1060117     
 0.1025000      0.1339508     
 0.1041667      0.1898150     
 0.1058333      0.2279459     
 0.1075000      0.1869531     
 0.1091667      0.1302020     
 0.1108333      0.6862291E-01 
 0.1125000      0.1531801     
 0.1141667      0.1830374     
 0.1158333      0.1722608     
 0.1175000      0.1354985     
 0.1191667      0.9071908E-01 
 0.1208333      0.1152621     
 0.1225000      0.1498163     
 0.1241667      0.1709897     
 0.1258333      0.1294866     
 0.1275000      0.9036983E-01 
 0.1291667      0.1099776     
 0.1308333      0.1393692     
 0.1325000      0.1359672     
 0.1341667      0.1097331     
 0.1358333      0.6703181E-01 
 0.1375000      0.1228544     
 0.1391667      0.1349645     
 0.1408333      0.1362724     
 0.1425000      0.9282348E-01 
 0.1441667      0.1174654     
 0.1458333      0.1197938     
 0.1475000      0.1145735     
 0.1491667      0.1202454     
 0.1508333      0.9894054E-01 
 0.1525000      0.1241487     
 0.1541667      0.1135105     
 0.1558333      0.9370764E-01 
 0.1575000      0.9263654E-01 
 0.1591667      0.1084663     
 0.1608333      0.1154262     
 0.1625000      0.7083510E-01 
 0.1641667      0.9344380E-01 
 0.1658333      0.1369662     
