# SumMovie FRC for input stack : stack11.mrc
# Number of micrographs: 1
# Number of frames per movie: 50
# Pixel size (A): 3.0000
# 1/(A)          FRC
# -----------------------
# 
# Micrograph 1 of 1. Score: .576
 0.8333334E-03  0.9999998     
 0.2500000E-02  0.8504613     
 0.4166666E-02  0.8706460     
 0.5833333E-02  0.8517886     
 0.7499999E-02  0.8577137     
 0.9166666E-02  0.7373245     
 0.1083333E-01  0.6259872     
 0.1250000E-01  0.8532722     
 0.1416667E-01  0.9149776     
 0.1583333E-01  0.9441031     
 0.1750000E-01  0.9079576     
 0.1916667E-01  0.6565236     
 0.2083333E-01  0.7413017     
 0.2250000E-01  0.8761065     
 0.2416667E-01  0.9237431     
 0.2583333E-01  0.8933454     
 0.2750000E-01  0.7453426     
 0.2916667E-01  0.6489144     
 0.3083333E-01  0.7168140     
 0.3250000E-01  0.7757510     
 0.3416666E-01  0.7278302     
 0.3583334E-01  0.5941029     
 0.3750000E-01  0.5304081     
 0.3916667E-01  0.5078415     
 0.4083334E-01  0.5213369     
 0.4250000E-01  0.4065274     
 0.4416666E-01  0.3421645     
 0.4583333E-01  0.2983344     
 0.4750000E-01  0.2194750     
 0.4916666E-01  0.1071969     
 0.5083333E-01  0.7532030E-01 
 0.5250000E-01  0.1383690     
 0.5416667E-01  0.1450919     
 0.5583333E-01  0.2211021     
 0.5750000E-01  0.3002988     
 0.5916666E-01  0.3752212     
 0.6083334E-01  0.3612440     
 0.6250000E-01  0.4172980     
 0.6416667E-01  0.4012477     
 0.6583333E-01  0.3253850     
 0.6750000E-01  0.3060507     
 0.6916667E-01  0.1887811     
 0.7083333E-01  0.1094182     
 0.7250000E-01  0.7506193E-01 
 0.7416667E-01  0.1125244     
 0.7583334E-01  0.2017808     
 0.7749999E-01  0.2804087     
 0.7916667E-01  0.3220909     
 0.8083334E-01  0.3709828     
 0.8250000E-01  0.3331461     
 0.8416667E-01  0.3110127     
 0.8583333E-01  0.2121674     
 0.8750000E-01  0.1027780     
 0.8916666E-01  0.7172833E-01 
 0.9083333E-01  0.1350019     
 0.9250000E-01  0.2350801     
 0.9416667E-01  0.2956107     
 0.9583333E-01  0.3046919     
 0.9750000E-01  0.2682636     
 0.9916665E-01  0.2347134     
 0.1008333      0.1100054     
 0.1025000      0.5962675E-01 
 0.1041667      0.1234077     
 0.1058333      0.2092368     
 0.1075000      0.2376151     
 0.1091667      0.2463032     
 0.1108333      0.2068797     
 0.1125000      0.1441240     
 0.1141667      0.8049063E-01 
 0.1158333      0.8806226E-01 
 0.1175000      0.1557644     
 0.1191667      0.1853002     
 0.1208333      0.1662314     
 0.1225000      0.1427606     
 0.1241667      0.8051631E-01 
 0.1258333      0.7985186E-01 
 0.1275000      0.9685461E-01 
 0.1291667      0.1562666     
 0.1308333      0.1735652     
 0.1325000      0.1741933     
 0.1341667      0.9797671E-01 
 0.1358333      0.5899667E-01 
 0.1375000      0.1119326     
 0.1391667      0.1113854     
 0.1408333      0.1467838     
 0.1425000      0.1130868     
 0.1441667      0.8588359E-01 
 0.1458333      0.6907633E-01 
 0.1475000      0.6850813E-01 
 0.1491667      0.1211877     
 0.1508333      0.1221689     
 0.1525000      0.9628341E-01 
 0.1541667      0.8076116E-01 
 0.1558333      0.8150541E-01 
 0.1575000      0.1282474     
 0.1591667      0.8620713E-01 
 0.1608333      0.8272421E-01 
 0.1625000      0.6599274E-01 
 0.1641667      0.9557061E-01 
 0.1658333      0.1160426     
