# SumMovie FRC for input stack : stack6.mrc
# Number of micrographs: 1
# Number of frames per movie: 50
# Pixel size (A): 3.0000
# 1/(A)          FRC
# -----------------------
# 
# Micrograph 1 of 1. Score: .564
 0.8333334E-03  0.9999998     
 0.2500000E-02  0.9513002     
 0.4166666E-02  0.9316366     
 0.5833333E-02  0.8460425     
 0.7499999E-02  0.8642811     
 0.9166666E-02  0.6706516     
 0.1083333E-01  0.6518829     
 0.1250000E-01  0.8449444     
 0.1416667E-01  0.8807977     
 0.1583333E-01  0.9293599     
 0.1750000E-01  0.8887140     
 0.1916667E-01  0.5979162     
 0.2083333E-01  0.6552920     
 0.2250000E-01  0.8218431     
 0.2416667E-01  0.8864085     
 0.2583333E-01  0.8366000     
 0.2750000E-01  0.7120316     
 0.2916667E-01  0.6026155     
 0.3083333E-01  0.6606733     
 0.3250000E-01  0.7034169     
 0.3416666E-01  0.6722359     
 0.3583334E-01  0.5613309     
 0.3750000E-01  0.5046908     
 0.3916667E-01  0.4871988     
 0.4083334E-01  0.5131117     
 0.4250000E-01  0.4222734     
 0.4416666E-01  0.3595262     
 0.4583333E-01  0.3190276     
 0.4750000E-01  0.2760607     
 0.4916666E-01  0.2022803     
 0.5083333E-01  0.1186875     
 0.5250000E-01  0.1487131     
 0.5416667E-01  0.9385455E-01 
 0.5583333E-01  0.1380868     
 0.5750000E-01  0.1289613     
 0.5916666E-01  0.1973442     
 0.6083334E-01  0.2536512     
 0.6250000E-01  0.2811769     
 0.6416667E-01  0.3107887     
 0.6583333E-01  0.3099523     
 0.6750000E-01  0.3196074     
 0.6916667E-01  0.3085316     
 0.7083333E-01  0.2523623     
 0.7250000E-01  0.2079234     
 0.7416667E-01  0.1472196     
 0.7583334E-01  0.1029152     
 0.7749999E-01  0.8596385E-01 
 0.7916667E-01  0.1071421     
 0.8083334E-01  0.1693415     
 0.8250000E-01  0.2055235     
 0.8416667E-01  0.2521237     
 0.8583333E-01  0.2768069     
 0.8750000E-01  0.2514659     
 0.8916666E-01  0.2588844     
 0.9083333E-01  0.1290354     
 0.9250000E-01  0.1363574     
 0.9416667E-01  0.9165300E-01 
 0.9583333E-01  0.1366656     
 0.9750000E-01  0.1404667     
 0.9916665E-01  0.1724590     
 0.1008333      0.1869848     
 0.1025000      0.2029360     
 0.1041667      0.2004666     
 0.1058333      0.1383244     
 0.1075000      0.1179184     
 0.1091667      0.7430227E-01 
 0.1108333      0.9064511E-01 
 0.1125000      0.1464541     
 0.1141667      0.1643692     
 0.1158333      0.2011014     
 0.1175000      0.1705938     
 0.1191667      0.1485490     
 0.1208333      0.1206707     
 0.1225000      0.8787803E-01 
 0.1241667      0.1144336     
 0.1258333      0.1122571     
 0.1275000      0.1666353     
 0.1291667      0.1500913     
 0.1308333      0.1590984     
 0.1325000      0.8388519E-01 
 0.1341667      0.7902132E-01 
 0.1358333      0.1214436     
 0.1375000      0.1107093     
 0.1391667      0.1111419     
 0.1408333      0.1376193     
 0.1425000      0.1115087     
 0.1441667      0.1008059     
 0.1458333      0.9942380E-01 
 0.1475000      0.1208172     
 0.1491667      0.1382469     
 0.1508333      0.1464414     
 0.1525000      0.1263146     
 0.1541667      0.8561473E-01 
 0.1558333      0.1181120     
 0.1575000      0.1068310     
 0.1591667      0.1256571     
 0.1608333      0.1424136     
 0.1625000      0.1100536     
 0.1641667      0.9885642E-01 
 0.1658333      0.8650608E-01 
