# SumMovie FRC for input stack : stack6.mrc
# Number of micrographs: 1
# Number of frames per movie: 50
# Pixel size (A): 3.0000
# 1/(A)          FRC
# -----------------------
# 
# Micrograph 1 of 1. Score: .563
 0.8333334E-03  0.9999998     
 0.2500000E-02  0.9512983     
 0.4166666E-02  0.9316363     
 0.5833333E-02  0.8460393     
 0.7499999E-02  0.8642583     
 0.9166666E-02  0.6705946     
 0.1083333E-01  0.6518182     
 0.1250000E-01  0.8449180     
 0.1416667E-01  0.8807332     
 0.1583333E-01  0.9293151     
 0.1750000E-01  0.8886597     
 0.1916667E-01  0.5978425     
 0.2083333E-01  0.6551390     
 0.2250000E-01  0.8216720     
 0.2416667E-01  0.8862769     
 0.2583333E-01  0.8364139     
 0.2750000E-01  0.7117946     
 0.2916667E-01  0.6022892     
 0.3083333E-01  0.6602938     
 0.3250000E-01  0.7030135     
 0.3416666E-01  0.6719453     
 0.3583334E-01  0.5609702     
 0.3750000E-01  0.5041966     
 0.3916667E-01  0.4866843     
 0.4083334E-01  0.5124093     
 0.4250000E-01  0.4219442     
 0.4416666E-01  0.3593202     
 0.4583333E-01  0.3185361     
 0.4750000E-01  0.2758553     
 0.4916666E-01  0.2019262     
 0.5083333E-01  0.1186561     
 0.5250000E-01  0.1488228     
 0.5416667E-01  0.9387425E-01 
 0.5583333E-01  0.1382769     
 0.5750000E-01  0.1289361     
 0.5916666E-01  0.1969616     
 0.6083334E-01  0.2531397     
 0.6250000E-01  0.2809270     
 0.6416667E-01  0.3102261     
 0.6583333E-01  0.3094089     
 0.6750000E-01  0.3191764     
 0.6916667E-01  0.3082118     
 0.7083333E-01  0.2518853     
 0.7250000E-01  0.2077775     
 0.7416667E-01  0.1472007     
 0.7583334E-01  0.1028699     
 0.7749999E-01  0.8582833E-01 
 0.7916667E-01  0.1074888     
 0.8083334E-01  0.1692424     
 0.8250000E-01  0.2053655     
 0.8416667E-01  0.2515717     
 0.8583333E-01  0.2764565     
 0.8750000E-01  0.2510357     
 0.8916666E-01  0.2589644     
 0.9083333E-01  0.1289817     
 0.9250000E-01  0.1364891     
 0.9416667E-01  0.9164625E-01 
 0.9583333E-01  0.1367248     
 0.9750000E-01  0.1406107     
 0.9916665E-01  0.1724357     
 0.1008333      0.1868549     
 0.1025000      0.2029008     
 0.1041667      0.2003791     
 0.1058333      0.1379936     
 0.1075000      0.1181502     
 0.1091667      0.7485062E-01 
 0.1108333      0.9088167E-01 
 0.1125000      0.1463589     
 0.1141667      0.1639339     
 0.1158333      0.2011951     
 0.1175000      0.1707877     
 0.1191667      0.1487646     
 0.1208333      0.1212055     
 0.1225000      0.8826468E-01 
 0.1241667      0.1147180     
 0.1258333      0.1125871     
 0.1275000      0.1670675     
 0.1291667      0.1504133     
 0.1308333      0.1596541     
 0.1325000      0.8436680E-01 
 0.1341667      0.7955365E-01 
 0.1358333      0.1215239     
 0.1375000      0.1111540     
 0.1391667      0.1114141     
 0.1408333      0.1380606     
 0.1425000      0.1114692     
 0.1441667      0.1013163     
 0.1458333      0.9965827E-01 
 0.1475000      0.1215893     
 0.1491667      0.1385692     
 0.1508333      0.1467119     
 0.1525000      0.1269893     
 0.1541667      0.8596322E-01 
 0.1558333      0.1185697     
 0.1575000      0.1074101     
 0.1591667      0.1265612     
 0.1608333      0.1425964     
 0.1625000      0.1103264     
 0.1641667      0.9931664E-01 
 0.1658333      0.8711869E-01 
