# SumMovie FRC for input stack : stack1.mrc
# Number of micrographs: 1
# Number of frames per movie: 50
# Pixel size (A): 3.0000
# 1/(A)          FRC
# -----------------------
# 
# Micrograph 1 of 1. Score: .521
 0.8333334E-03  0.9999990     
 0.2500000E-02  0.9744986     
 0.4166666E-02  0.9568031     
 0.5833333E-02  0.9214326     
 0.7499999E-02  0.9028829     
 0.9166666E-02  0.7464354     
 0.1083333E-01  0.7148350     
 0.1250000E-01  0.8452356     
 0.1416667E-01  0.9139165     
 0.1583333E-01  0.9169387     
 0.1750000E-01  0.8656136     
 0.1916667E-01  0.6577423     
 0.2083333E-01  0.7462449     
 0.2250000E-01  0.8568972     
 0.2416667E-01  0.8932579     
 0.2583333E-01  0.8567579     
 0.2750000E-01  0.7153760     
 0.2916667E-01  0.5995055     
 0.3083333E-01  0.6822252     
 0.3250000E-01  0.7026499     
 0.3416666E-01  0.6477119     
 0.3583334E-01  0.5110421     
 0.3750000E-01  0.4452394     
 0.3916667E-01  0.4163648     
 0.4083334E-01  0.4186315     
 0.4250000E-01  0.3607943     
 0.4416666E-01  0.2213823     
 0.4583333E-01  0.1278321     
 0.4750000E-01  0.1881926     
 0.4916666E-01  0.9211716E-01 
 0.5083333E-01  0.8602967E-01 
 0.5250000E-01  0.7860245E-01 
 0.5416667E-01  0.1033100     
 0.5583333E-01  0.1734212     
 0.5750000E-01  0.2075178     
 0.5916666E-01  0.2838535     
 0.6083334E-01  0.3004223     
 0.6250000E-01  0.2609411     
 0.6416667E-01  0.2247067     
 0.6583333E-01  0.2269384     
 0.6750000E-01  0.1343464     
 0.6916667E-01  0.1199341     
 0.7083333E-01  0.9706675E-01 
 0.7250000E-01  0.5483848E-01 
 0.7416667E-01  0.6775671E-01 
 0.7583334E-01  0.1293307     
 0.7749999E-01  0.1835420     
 0.7916667E-01  0.2419388     
 0.8083334E-01  0.2345377     
 0.8250000E-01  0.2103698     
 0.8416667E-01  0.1445916     
 0.8583333E-01  0.8926002E-01 
 0.8750000E-01  0.6285696E-01 
 0.8916666E-01  0.2398201E-01 
 0.9083333E-01  0.7951340E-01 
 0.9250000E-01  0.1284306     
 0.9416667E-01  0.1837866     
 0.9583333E-01  0.2069097     
 0.9750000E-01  0.1477300     
 0.9916665E-01  0.9137983E-01 
 0.1008333      0.6238791E-01 
 0.1025000      0.2901204E-01 
 0.1041667      0.7644647E-01 
 0.1058333      0.1401975     
 0.1075000      0.1624274     
 0.1091667      0.1358070     
 0.1108333      0.1150201     
 0.1125000      0.1174082     
 0.1141667      0.5882083E-01 
 0.1158333      0.4274205E-01 
 0.1175000      0.8813901E-01 
 0.1191667      0.1096441     
 0.1208333      0.8135724E-01 
 0.1225000      0.8946166E-01 
 0.1241667      0.6138831E-01 
 0.1258333      0.3950379E-01 
 0.1275000      0.3707404E-01 
 0.1291667      0.1099752     
 0.1308333      0.7548171E-01 
 0.1325000      0.5617536E-01 
 0.1341667      0.3890737E-01 
 0.1358333      0.2791452E-01 
 0.1375000      0.4875569E-01 
 0.1391667      0.7263173E-01 
 0.1408333      0.8230004E-01 
 0.1425000      0.5509527E-01 
 0.1441667      0.4237272E-01 
 0.1458333      0.3880711E-01 
 0.1475000      0.6784941E-01 
 0.1491667      0.6018580E-01 
 0.1508333      0.6954009E-01 
 0.1525000      0.2907391E-01 
 0.1541667      0.4720723E-01 
 0.1558333      0.7052424E-01 
 0.1575000      0.4073376E-01 
 0.1591667      0.2156543E-01 
 0.1608333      0.3133060E-01 
 0.1625000      0.5763292E-01 
 0.1641667      0.5269942E-01 
 0.1658333      0.2876193E-01 
