# SumMovie FRC for input stack : stack11.mrc
# Number of micrographs: 1
# Number of frames per movie: 50
# Pixel size (A): 3.0000
# 1/(A)          FRC
# -----------------------
# 
# Micrograph 1 of 1. Score: .577
 0.8333334E-03  0.9999998     
 0.2500000E-02  0.8505858     
 0.4166666E-02  0.8708738     
 0.5833333E-02  0.8516589     
 0.7499999E-02  0.8578728     
 0.9166666E-02  0.7372745     
 0.1083333E-01  0.6260119     
 0.1250000E-01  0.8537472     
 0.1416667E-01  0.9154294     
 0.1583333E-01  0.9441403     
 0.1750000E-01  0.9082395     
 0.1916667E-01  0.6548637     
 0.2083333E-01  0.7416741     
 0.2250000E-01  0.8762105     
 0.2416667E-01  0.9246160     
 0.2583333E-01  0.8935267     
 0.2750000E-01  0.7462655     
 0.2916667E-01  0.6514274     
 0.3083333E-01  0.7192394     
 0.3250000E-01  0.7773803     
 0.3416666E-01  0.7308933     
 0.3583334E-01  0.5951246     
 0.3750000E-01  0.5326782     
 0.3916667E-01  0.5109231     
 0.4083334E-01  0.5220147     
 0.4250000E-01  0.4084031     
 0.4416666E-01  0.3431307     
 0.4583333E-01  0.2996534     
 0.4750000E-01  0.2179980     
 0.4916666E-01  0.1045849     
 0.5083333E-01  0.7326909E-01 
 0.5250000E-01  0.1384892     
 0.5416667E-01  0.1452923     
 0.5583333E-01  0.2176432     
 0.5750000E-01  0.3004313     
 0.5916666E-01  0.3817326     
 0.6083334E-01  0.3617800     
 0.6250000E-01  0.4229330     
 0.6416667E-01  0.4048918     
 0.6583333E-01  0.3289105     
 0.6750000E-01  0.3064086     
 0.6916667E-01  0.1863511     
 0.7083333E-01  0.1086867     
 0.7250000E-01  0.6717733E-01 
 0.7416667E-01  0.1120975     
 0.7583334E-01  0.2009241     
 0.7749999E-01  0.2844250     
 0.7916667E-01  0.3257827     
 0.8083334E-01  0.3785447     
 0.8250000E-01  0.3373066     
 0.8416667E-01  0.3170034     
 0.8583333E-01  0.2090172     
 0.8750000E-01  0.1027488     
 0.8916666E-01  0.6746064E-01 
 0.9083333E-01  0.1359342     
 0.9250000E-01  0.2402020     
 0.9416667E-01  0.2938949     
 0.9583333E-01  0.3003883     
 0.9750000E-01  0.2701015     
 0.9916665E-01  0.2261624     
 0.1008333      0.1068505     
 0.1025000      0.4419210E-01 
 0.1041667      0.1134152     
 0.1058333      0.1975687     
 0.1075000      0.2393183     
 0.1091667      0.2401416     
 0.1108333      0.2026407     
 0.1125000      0.1350482     
 0.1141667      0.6639807E-01 
 0.1158333      0.8192920E-01 
 0.1175000      0.1453967     
 0.1191667      0.1742359     
 0.1208333      0.1655483     
 0.1225000      0.1360811     
 0.1241667      0.7436587E-01 
 0.1258333      0.6779332E-01 
 0.1275000      0.8873112E-01 
 0.1291667      0.1474153     
 0.1308333      0.1712274     
 0.1325000      0.1661952     
 0.1341667      0.8943270E-01 
 0.1358333      0.5435850E-01 
 0.1375000      0.9617805E-01 
 0.1391667      0.1043422     
 0.1408333      0.1360731     
 0.1425000      0.1039885     
 0.1441667      0.7180803E-01 
 0.1458333      0.4991554E-01 
 0.1475000      0.5677184E-01 
 0.1491667      0.1138561     
 0.1508333      0.1048395     
 0.1525000      0.8341243E-01 
 0.1541667      0.6736018E-01 
 0.1558333      0.6691564E-01 
 0.1575000      0.1188990     
 0.1591667      0.7371343E-01 
 0.1608333      0.6662878E-01 
 0.1625000      0.5525672E-01 
 0.1641667      0.7761265E-01 
 0.1658333      0.1015437     
