# SumMovie FRC for input stack : stack16.mrc
# Number of micrographs: 1
# Number of frames per movie: 50
# Pixel size (A): 3.0000
# 1/(A)          FRC
# -----------------------
# 
# Micrograph 1 of 1. Score: .527
 0.8333334E-03  0.9999994     
 0.2500000E-02  0.9669441     
 0.4166666E-02  0.9458783     
 0.5833333E-02  0.9107864     
 0.7499999E-02  0.8942033     
 0.9166666E-02  0.8408917     
 0.1083333E-01  0.7709679     
 0.1250000E-01  0.8779602     
 0.1416667E-01  0.9330786     
 0.1583333E-01  0.9633960     
 0.1750000E-01  0.9430754     
 0.1916667E-01  0.7631361     
 0.2083333E-01  0.7986473     
 0.2250000E-01  0.8909839     
 0.2416667E-01  0.9329604     
 0.2583333E-01  0.9235009     
 0.2750000E-01  0.8106150     
 0.2916667E-01  0.6755856     
 0.3083333E-01  0.7284052     
 0.3250000E-01  0.7732304     
 0.3416666E-01  0.6938636     
 0.3583334E-01  0.5497534     
 0.3750000E-01  0.4232483     
 0.3916667E-01  0.3580557     
 0.4083334E-01  0.2920616     
 0.4250000E-01  0.1155623     
 0.4416666E-01  0.1226739     
 0.4583333E-01  0.1082306     
 0.4750000E-01  0.1371302     
 0.4916666E-01  0.2679502     
 0.5083333E-01  0.3250538     
 0.5250000E-01  0.3516367     
 0.5416667E-01  0.3533493     
 0.5583333E-01  0.3998488     
 0.5750000E-01  0.3372574     
 0.5916666E-01  0.2592815     
 0.6083334E-01  0.1675161     
 0.6250000E-01  0.9160791E-01 
 0.6416667E-01  0.1172760     
 0.6583333E-01  0.1391799     
 0.6750000E-01  0.1831708     
 0.6916667E-01  0.2922941     
 0.7083333E-01  0.3794192     
 0.7250000E-01  0.3280027     
 0.7416667E-01  0.2628875     
 0.7583334E-01  0.1604789     
 0.7749999E-01  0.1124160     
 0.7916667E-01  0.9094390E-01 
 0.8083334E-01  0.2405639     
 0.8250000E-01  0.2383731     
 0.8416667E-01  0.3173136     
 0.8583333E-01  0.2719011     
 0.8750000E-01  0.1813770     
 0.8916666E-01  0.1182022     
 0.9083333E-01  0.9851228E-01 
 0.9250000E-01  0.1842638     
 0.9416667E-01  0.2369554     
 0.9583333E-01  0.2461823     
 0.9750000E-01  0.2009293     
 0.9916665E-01  0.1302545     
 0.1008333      0.1122733     
 0.1025000      0.1329887     
 0.1041667      0.1866092     
 0.1058333      0.2210128     
 0.1075000      0.1840832     
 0.1091667      0.1278856     
 0.1108333      0.6858393E-01 
 0.1125000      0.1538763     
 0.1141667      0.1830459     
 0.1158333      0.1739298     
 0.1175000      0.1360010     
 0.1191667      0.8578235E-01 
 0.1208333      0.1177237     
 0.1225000      0.1502504     
 0.1241667      0.1740156     
 0.1258333      0.1274153     
 0.1275000      0.9195764E-01 
 0.1291667      0.1186699     
 0.1308333      0.1366575     
 0.1325000      0.1361511     
 0.1341667      0.1128987     
 0.1358333      0.7530913E-01 
 0.1375000      0.1328318     
 0.1391667      0.1382098     
 0.1408333      0.1440081     
 0.1425000      0.1026283     
 0.1441667      0.1210580     
 0.1458333      0.1204977     
 0.1475000      0.1189145     
 0.1491667      0.1227958     
 0.1508333      0.9597003E-01 
 0.1525000      0.1343142     
 0.1541667      0.1159538     
 0.1558333      0.1000167     
 0.1575000      0.9668258E-01 
 0.1591667      0.1079839     
 0.1608333      0.1233439     
 0.1625000      0.7311516E-01 
 0.1641667      0.9845570E-01 
 0.1658333      0.1362334     
