# SumMovie FRC for input stack : stack6.mrc
# Number of micrographs: 1
# Number of frames per movie: 50
# Pixel size (A): 3.0000
# 1/(A)          FRC
# -----------------------
# 
# Micrograph 1 of 1. Score: .577
 0.8333334E-03  0.9999999     
 0.2500000E-02  0.9513631     
 0.4166666E-02  0.9316794     
 0.5833333E-02  0.8462515     
 0.7499999E-02  0.8651397     
 0.9166666E-02  0.6731132     
 0.1083333E-01  0.6550344     
 0.1250000E-01  0.8462113     
 0.1416667E-01  0.8834636     
 0.1583333E-01  0.9314346     
 0.1750000E-01  0.8912901     
 0.1916667E-01  0.6006043     
 0.2083333E-01  0.6613731     
 0.2250000E-01  0.8289947     
 0.2416667E-01  0.8923303     
 0.2583333E-01  0.8446773     
 0.2750000E-01  0.7216096     
 0.2916667E-01  0.6164918     
 0.3083333E-01  0.6768721     
 0.3250000E-01  0.7189592     
 0.3416666E-01  0.6860268     
 0.3583334E-01  0.5781388     
 0.3750000E-01  0.5262535     
 0.3916667E-01  0.5081900     
 0.4083334E-01  0.5424640     
 0.4250000E-01  0.4382255     
 0.4416666E-01  0.3710338     
 0.4583333E-01  0.3405230     
 0.4750000E-01  0.2884265     
 0.4916666E-01  0.2142613     
 0.5083333E-01  0.1179238     
 0.5250000E-01  0.1412636     
 0.5416667E-01  0.8779538E-01 
 0.5583333E-01  0.1262606     
 0.5750000E-01  0.1302860     
 0.5916666E-01  0.2105943     
 0.6083334E-01  0.2722220     
 0.6250000E-01  0.2908359     
 0.6416667E-01  0.3368479     
 0.6583333E-01  0.3339602     
 0.6750000E-01  0.3379608     
 0.6916667E-01  0.3189739     
 0.7083333E-01  0.2724549     
 0.7250000E-01  0.2160688     
 0.7416667E-01  0.1423541     
 0.7583334E-01  0.1018502     
 0.7749999E-01  0.8888838E-01 
 0.7916667E-01  0.9290493E-01 
 0.8083334E-01  0.1735120     
 0.8250000E-01  0.2144392     
 0.8416667E-01  0.2706224     
 0.8583333E-01  0.2885515     
 0.8750000E-01  0.2659981     
 0.8916666E-01  0.2526584     
 0.9083333E-01  0.1360936     
 0.9250000E-01  0.1244570     
 0.9416667E-01  0.8092377E-01 
 0.9583333E-01  0.1226982     
 0.9750000E-01  0.1219022     
 0.9916665E-01  0.1650988     
 0.1008333      0.1929167     
 0.1025000      0.2185205     
 0.1041667      0.1930785     
 0.1058333      0.1453753     
 0.1075000      0.1016681     
 0.1091667      0.5238217E-01 
 0.1108333      0.7886598E-01 
 0.1125000      0.1286931     
 0.1141667      0.1731791     
 0.1158333      0.1926442     
 0.1175000      0.1548281     
 0.1191667      0.1384736     
 0.1208333      0.8645733E-01 
 0.1225000      0.6335240E-01 
 0.1241667      0.8031547E-01 
 0.1258333      0.9549157E-01 
 0.1275000      0.1449721     
 0.1291667      0.1361516     
 0.1308333      0.1304948     
 0.1325000      0.5957849E-01 
 0.1341667      0.4968131E-01 
 0.1358333      0.1051141     
 0.1375000      0.8370795E-01 
 0.1391667      0.8943813E-01 
 0.1408333      0.1141664     
 0.1425000      0.1005114     
 0.1441667      0.7623712E-01 
 0.1458333      0.7191096E-01 
 0.1475000      0.8179316E-01 
 0.1491667      0.1085430     
 0.1508333      0.1213599     
 0.1525000      0.8933628E-01 
 0.1541667      0.5945485E-01 
 0.1558333      0.8625369E-01 
 0.1575000      0.8021364E-01 
 0.1591667      0.9386072E-01 
 0.1608333      0.1063248     
 0.1625000      0.7928922E-01 
 0.1641667      0.8049903E-01 
 0.1658333      0.5380036E-01 
