# SumMovie FRC for input stack : stack11.mrc
# Number of micrographs: 1
# Number of frames per movie: 50
# Pixel size (A): 3.0000
# 1/(A)          FRC
# -----------------------
# 
# Micrograph 1 of 1. Score: .577
 0.8333334E-03  0.9999998     
 0.2500000E-02  0.8505348     
 0.4166666E-02  0.8707473     
 0.5833333E-02  0.8517494     
 0.7499999E-02  0.8578056     
 0.9166666E-02  0.7375949     
 0.1083333E-01  0.6259881     
 0.1250000E-01  0.8535537     
 0.1416667E-01  0.9151629     
 0.1583333E-01  0.9441750     
 0.1750000E-01  0.9081465     
 0.1916667E-01  0.6559591     
 0.2083333E-01  0.7416775     
 0.2250000E-01  0.8762429     
 0.2416667E-01  0.9242635     
 0.2583333E-01  0.8934563     
 0.2750000E-01  0.7462236     
 0.2916667E-01  0.6508716     
 0.3083333E-01  0.7185280     
 0.3250000E-01  0.7769294     
 0.3416666E-01  0.7299337     
 0.3583334E-01  0.5949978     
 0.3750000E-01  0.5319006     
 0.3916667E-01  0.5093400     
 0.4083334E-01  0.5213585     
 0.4250000E-01  0.4068902     
 0.4416666E-01  0.3427591     
 0.4583333E-01  0.2997617     
 0.4750000E-01  0.2188413     
 0.4916666E-01  0.1060281     
 0.5083333E-01  0.7584998E-01 
 0.5250000E-01  0.1378357     
 0.5416667E-01  0.1454205     
 0.5583333E-01  0.2201968     
 0.5750000E-01  0.3004160     
 0.5916666E-01  0.3792827     
 0.6083334E-01  0.3612460     
 0.6250000E-01  0.4199824     
 0.6416667E-01  0.4037764     
 0.6583333E-01  0.3282067     
 0.6750000E-01  0.3056564     
 0.6916667E-01  0.1857515     
 0.7083333E-01  0.1075191     
 0.7250000E-01  0.7117797E-01 
 0.7416667E-01  0.1104602     
 0.7583334E-01  0.2020250     
 0.7749999E-01  0.2820376     
 0.7916667E-01  0.3227776     
 0.8083334E-01  0.3748417     
 0.8250000E-01  0.3343571     
 0.8416667E-01  0.3129805     
 0.8583333E-01  0.2116129     
 0.8750000E-01  0.1023142     
 0.8916666E-01  0.6973138E-01 
 0.9083333E-01  0.1346470     
 0.9250000E-01  0.2366870     
 0.9416667E-01  0.2945549     
 0.9583333E-01  0.3022568     
 0.9750000E-01  0.2675368     
 0.9916665E-01  0.2277445     
 0.1008333      0.1084984     
 0.1025000      0.5088370E-01 
 0.1041667      0.1183577     
 0.1058333      0.2015656     
 0.1075000      0.2380196     
 0.1091667      0.2403531     
 0.1108333      0.2024898     
 0.1125000      0.1392366     
 0.1141667      0.7270087E-01 
 0.1158333      0.8630381E-01 
 0.1175000      0.1474456     
 0.1191667      0.1811690     
 0.1208333      0.1646126     
 0.1225000      0.1384146     
 0.1241667      0.7635789E-01 
 0.1258333      0.7254057E-01 
 0.1275000      0.9386440E-01 
 0.1291667      0.1496452     
 0.1308333      0.1707022     
 0.1325000      0.1693615     
 0.1341667      0.9290913E-01 
 0.1358333      0.5282040E-01 
 0.1375000      0.1039877     
 0.1391667      0.1063505     
 0.1408333      0.1379690     
 0.1425000      0.1076194     
 0.1441667      0.7689844E-01 
 0.1458333      0.5739032E-01 
 0.1475000      0.6086421E-01 
 0.1491667      0.1183363     
 0.1508333      0.1112775     
 0.1525000      0.8922620E-01 
 0.1541667      0.7321213E-01 
 0.1558333      0.7149596E-01 
 0.1575000      0.1226379     
 0.1591667      0.7981778E-01 
 0.1608333      0.7232872E-01 
 0.1625000      0.6086596E-01 
 0.1641667      0.8353674E-01 
 0.1658333      0.1041062     
