# SumMovie FRC for input stack : stack1.mrc
# Number of micrographs: 1
# Number of frames per movie: 50
# Pixel size (A): 3.0000
# 1/(A)          FRC
# -----------------------
# 
# Micrograph 1 of 1. Score: .527
 0.8333334E-03  0.9999990     
 0.2500000E-02  0.9744798     
 0.4166666E-02  0.9568056     
 0.5833333E-02  0.9214107     
 0.7499999E-02  0.9030625     
 0.9166666E-02  0.7474343     
 0.1083333E-01  0.7166111     
 0.1250000E-01  0.8472647     
 0.1416667E-01  0.9152679     
 0.1583333E-01  0.9179667     
 0.1750000E-01  0.8680564     
 0.1916667E-01  0.6624326     
 0.2083333E-01  0.7506814     
 0.2250000E-01  0.8606194     
 0.2416667E-01  0.8962597     
 0.2583333E-01  0.8616472     
 0.2750000E-01  0.7241759     
 0.2916667E-01  0.6123340     
 0.3083333E-01  0.6908296     
 0.3250000E-01  0.7148465     
 0.3416666E-01  0.6610658     
 0.3583334E-01  0.5217041     
 0.3750000E-01  0.4540392     
 0.3916667E-01  0.4283153     
 0.4083334E-01  0.4321696     
 0.4250000E-01  0.3683806     
 0.4416666E-01  0.2262671     
 0.4583333E-01  0.1289596     
 0.4750000E-01  0.1827746     
 0.4916666E-01  0.8932682E-01 
 0.5083333E-01  0.7810394E-01 
 0.5250000E-01  0.7487670E-01 
 0.5416667E-01  0.1015169     
 0.5583333E-01  0.1788187     
 0.5750000E-01  0.2118585     
 0.5916666E-01  0.3019518     
 0.6083334E-01  0.3109947     
 0.6250000E-01  0.2785919     
 0.6416667E-01  0.2382834     
 0.6583333E-01  0.2360309     
 0.6750000E-01  0.1386215     
 0.6916667E-01  0.1113285     
 0.7083333E-01  0.8667957E-01 
 0.7250000E-01  0.5332664E-01 
 0.7416667E-01  0.7209543E-01 
 0.7583334E-01  0.1369832     
 0.7749999E-01  0.2012669     
 0.7916667E-01  0.2676032     
 0.8083334E-01  0.2514532     
 0.8250000E-01  0.2332642     
 0.8416667E-01  0.1611452     
 0.8583333E-01  0.9729234E-01 
 0.8750000E-01  0.6029449E-01 
 0.8916666E-01  0.3771473E-01 
 0.9083333E-01  0.9248612E-01 
 0.9250000E-01  0.1454372     
 0.9416667E-01  0.2015676     
 0.9583333E-01  0.2178668     
 0.9750000E-01  0.1590209     
 0.9916665E-01  0.1058896     
 0.1008333      0.6497461E-01 
 0.1025000      0.4492569E-01 
 0.1041667      0.6697579E-01 
 0.1058333      0.1414963     
 0.1075000      0.1613149     
 0.1091667      0.1454339     
 0.1108333      0.1089018     
 0.1125000      0.1263244     
 0.1141667      0.6368341E-01 
 0.1158333      0.4117731E-01 
 0.1175000      0.8702327E-01 
 0.1191667      0.1041634     
 0.1208333      0.9495767E-01 
 0.1225000      0.9918584E-01 
 0.1241667      0.6618470E-01 
 0.1258333      0.3786248E-01 
 0.1275000      0.5036252E-01 
 0.1291667      0.9797411E-01 
 0.1308333      0.8997032E-01 
 0.1325000      0.6102969E-01 
 0.1341667      0.4117515E-01 
 0.1358333      0.2704678E-01 
 0.1375000      0.5050416E-01 
 0.1391667      0.7609319E-01 
 0.1408333      0.8010031E-01 
 0.1425000      0.4419259E-01 
 0.1441667      0.3027485E-01 
 0.1458333      0.4188535E-01 
 0.1475000      0.6581874E-01 
 0.1491667      0.5404761E-01 
 0.1508333      0.7536068E-01 
 0.1525000      0.3236183E-01 
 0.1541667      0.3346217E-01 
 0.1558333      0.6837930E-01 
 0.1575000      0.4684392E-01 
 0.1591667      0.1069784E-01 
 0.1608333      0.3673849E-01 
 0.1625000      0.5216079E-01 
 0.1641667      0.4955730E-01 
 0.1658333      0.1457575E-01 
