# SumMovie FRC for input stack : stack6.mrc
# Number of micrographs: 1
# Number of frames per movie: 50
# Pixel size (A): 3.0000
# 1/(A)          FRC
# -----------------------
# 
# Micrograph 1 of 1. Score: .591
 0.8333334E-03  0.9999999     
 0.2500000E-02  0.9513658     
 0.4166666E-02  0.9318470     
 0.5833333E-02  0.8471202     
 0.7499999E-02  0.8656473     
 0.9166666E-02  0.6772547     
 0.1083333E-01  0.6582275     
 0.1250000E-01  0.8489044     
 0.1416667E-01  0.8872588     
 0.1583333E-01  0.9345907     
 0.1750000E-01  0.8938390     
 0.1916667E-01  0.6008175     
 0.2083333E-01  0.6709689     
 0.2250000E-01  0.8400495     
 0.2416667E-01  0.9010050     
 0.2583333E-01  0.8555459     
 0.2750000E-01  0.7324187     
 0.2916667E-01  0.6270496     
 0.3083333E-01  0.6948995     
 0.3250000E-01  0.7289286     
 0.3416666E-01  0.7004079     
 0.3583334E-01  0.5977002     
 0.3750000E-01  0.5410827     
 0.3916667E-01  0.5296417     
 0.4083334E-01  0.5722109     
 0.4250000E-01  0.4567941     
 0.4416666E-01  0.3919772     
 0.4583333E-01  0.3658910     
 0.4750000E-01  0.2999288     
 0.4916666E-01  0.2224367     
 0.5083333E-01  0.1329302     
 0.5250000E-01  0.1207929     
 0.5416667E-01  0.6701977E-01 
 0.5583333E-01  0.1010156     
 0.5750000E-01  0.1233978     
 0.5916666E-01  0.2030552     
 0.6083334E-01  0.2722242     
 0.6250000E-01  0.2959706     
 0.6416667E-01  0.3451810     
 0.6583333E-01  0.3667527     
 0.6750000E-01  0.3483920     
 0.6916667E-01  0.3424231     
 0.7083333E-01  0.2878607     
 0.7250000E-01  0.2262758     
 0.7416667E-01  0.1365855     
 0.7583334E-01  0.8505293E-01 
 0.7749999E-01  0.7507689E-01 
 0.7916667E-01  0.7593545E-01 
 0.8083334E-01  0.1888803     
 0.8250000E-01  0.2234648     
 0.8416667E-01  0.2899593     
 0.8583333E-01  0.3068627     
 0.8750000E-01  0.2868522     
 0.8916666E-01  0.2479191     
 0.9083333E-01  0.1659448     
 0.9250000E-01  0.8928469E-01 
 0.9416667E-01  0.5823118E-01 
 0.9583333E-01  0.8562105E-01 
 0.9750000E-01  0.8750457E-01 
 0.9916665E-01  0.1463350     
 0.1008333      0.2092322     
 0.1025000      0.2381837     
 0.1041667      0.1803085     
 0.1058333      0.1487147     
 0.1075000      0.8030523E-01 
 0.1091667      0.6904864E-01 
 0.1108333      0.5686533E-01 
 0.1125000      0.8580576E-01 
 0.1141667      0.1483944     
 0.1158333      0.1892007     
 0.1175000      0.1771904     
 0.1191667      0.1477473     
 0.1208333      0.5119283E-01 
 0.1225000      0.4596267E-01 
 0.1241667      0.3557531E-01 
 0.1258333      0.1076408     
 0.1275000      0.1333931     
 0.1291667      0.1318056     
 0.1308333      0.1183070     
 0.1325000      0.6678783E-01 
 0.1341667      0.5016366E-01 
 0.1358333      0.7765263E-01 
 0.1375000      0.6896485E-01 
 0.1391667      0.1016653     
 0.1408333      0.9706239E-01 
 0.1425000      0.7651050E-01 
 0.1441667      0.6588800E-01 
 0.1458333      0.3711399E-01 
 0.1475000      0.5810017E-01 
 0.1491667      0.7757664E-01 
 0.1508333      0.9207240E-01 
 0.1525000      0.6553110E-01 
 0.1541667      0.4479397E-01 
 0.1558333      0.5354215E-01 
 0.1575000      0.7183062E-01 
 0.1591667      0.8935326E-01 
 0.1608333      0.7708031E-01 
 0.1625000      0.8147469E-01 
 0.1641667      0.6864272E-01 
 0.1658333      0.2470475E-01 
