# SumMovie FRC for input stack : stack16.mrc
# Number of micrographs: 1
# Number of frames per movie: 50
# Pixel size (A): 3.0000
# 1/(A)          FRC
# -----------------------
# 
# Micrograph 1 of 1. Score: .525
 0.8333334E-03  0.9999994     
 0.2500000E-02  0.9669175     
 0.4166666E-02  0.9458444     
 0.5833333E-02  0.9107099     
 0.7499999E-02  0.8941351     
 0.9166666E-02  0.8407769     
 0.1083333E-01  0.7706660     
 0.1250000E-01  0.8776585     
 0.1416667E-01  0.9329583     
 0.1583333E-01  0.9632391     
 0.1750000E-01  0.9428163     
 0.1916667E-01  0.7623501     
 0.2083333E-01  0.7979681     
 0.2250000E-01  0.8901054     
 0.2416667E-01  0.9322448     
 0.2583333E-01  0.9225538     
 0.2750000E-01  0.8088146     
 0.2916667E-01  0.6735589     
 0.3083333E-01  0.7266431     
 0.3250000E-01  0.7713025     
 0.3416666E-01  0.6918322     
 0.3583334E-01  0.5453960     
 0.3750000E-01  0.4219842     
 0.3916667E-01  0.3576784     
 0.4083334E-01  0.2895348     
 0.4250000E-01  0.1164394     
 0.4416666E-01  0.1227034     
 0.4583333E-01  0.1088589     
 0.4750000E-01  0.1371201     
 0.4916666E-01  0.2660252     
 0.5083333E-01  0.3214748     
 0.5250000E-01  0.3474040     
 0.5416667E-01  0.3511459     
 0.5583333E-01  0.3965767     
 0.5750000E-01  0.3330979     
 0.5916666E-01  0.2562079     
 0.6083334E-01  0.1631998     
 0.6250000E-01  0.9164035E-01 
 0.6416667E-01  0.1194910     
 0.6583333E-01  0.1377439     
 0.6750000E-01  0.1786122     
 0.6916667E-01  0.2875356     
 0.7083333E-01  0.3728080     
 0.7250000E-01  0.3245428     
 0.7416667E-01  0.2580020     
 0.7583334E-01  0.1587175     
 0.7749999E-01  0.1115449     
 0.7916667E-01  0.8878365E-01 
 0.8083334E-01  0.2368512     
 0.8250000E-01  0.2326982     
 0.8416667E-01  0.3117269     
 0.8583333E-01  0.2676678     
 0.8750000E-01  0.1794166     
 0.8916666E-01  0.1190320     
 0.9083333E-01  0.9685489E-01 
 0.9250000E-01  0.1845904     
 0.9416667E-01  0.2348054     
 0.9583333E-01  0.2410872     
 0.9750000E-01  0.1971025     
 0.9916665E-01  0.1305840     
 0.1008333      0.1139839     
 0.1025000      0.1315682     
 0.1041667      0.1838247     
 0.1058333      0.2167837     
 0.1075000      0.1817698     
 0.1091667      0.1258366     
 0.1108333      0.6841320E-01 
 0.1125000      0.1527558     
 0.1141667      0.1809784     
 0.1158333      0.1755393     
 0.1175000      0.1344066     
 0.1191667      0.8130613E-01 
 0.1208333      0.1172836     
 0.1225000      0.1494644     
 0.1241667      0.1749025     
 0.1258333      0.1238675     
 0.1275000      0.9043272E-01 
 0.1291667      0.1227323     
 0.1308333      0.1326957     
 0.1325000      0.1342130     
 0.1341667      0.1135998     
 0.1358333      0.7823154E-01 
 0.1375000      0.1378411     
 0.1391667      0.1386908     
 0.1408333      0.1464575     
 0.1425000      0.1074289     
 0.1441667      0.1209125     
 0.1458333      0.1201804     
 0.1475000      0.1209421     
 0.1491667      0.1192095     
 0.1508333      0.9283796E-01 
 0.1525000      0.1380306     
 0.1541667      0.1137697     
 0.1558333      0.1003180     
 0.1575000      0.9622252E-01 
 0.1591667      0.1070215     
 0.1608333      0.1251053     
 0.1625000      0.7235717E-01 
 0.1641667      0.9913936E-01 
 0.1658333      0.1350609     
