# SumMovie FRC for input stack : stack1.mrc
# Number of micrographs: 1
# Number of frames per movie: 50
# Pixel size (A): 3.0000
# 1/(A)          FRC
# -----------------------
# 
# Micrograph 1 of 1. Score: .491
 0.8333334E-03  0.9999990     
 0.2500000E-02  0.9744686     
 0.4166666E-02  0.9565860     
 0.5833333E-02  0.9211828     
 0.7499999E-02  0.9017048     
 0.9166666E-02  0.7385398     
 0.1083333E-01  0.7064968     
 0.1250000E-01  0.8338923     
 0.1416667E-01  0.9051815     
 0.1583333E-01  0.9096257     
 0.1750000E-01  0.8502823     
 0.1916667E-01  0.6239765     
 0.2083333E-01  0.7186453     
 0.2250000E-01  0.8352892     
 0.2416667E-01  0.8737023     
 0.2583333E-01  0.8275229     
 0.2750000E-01  0.6702914     
 0.2916667E-01  0.5291336     
 0.3083333E-01  0.6338031     
 0.3250000E-01  0.6285591     
 0.3416666E-01  0.5731710     
 0.3583334E-01  0.4671230     
 0.3750000E-01  0.4170180     
 0.3916667E-01  0.3529063     
 0.4083334E-01  0.3489469     
 0.4250000E-01  0.3168947     
 0.4416666E-01  0.2086340     
 0.4583333E-01  0.1507198     
 0.4750000E-01  0.1762277     
 0.4916666E-01  0.1193635     
 0.5083333E-01  0.9794699E-01 
 0.5250000E-01  0.1147154     
 0.5416667E-01  0.1143352     
 0.5583333E-01  0.1742960     
 0.5750000E-01  0.2205498     
 0.5916666E-01  0.2331438     
 0.6083334E-01  0.2700971     
 0.6250000E-01  0.2358446     
 0.6416667E-01  0.2459879     
 0.6583333E-01  0.2216411     
 0.6750000E-01  0.1469387     
 0.6916667E-01  0.1548778     
 0.7083333E-01  0.1294349     
 0.7250000E-01  0.8107616E-01 
 0.7416667E-01  0.1087897     
 0.7583334E-01  0.1591841     
 0.7749999E-01  0.2095087     
 0.7916667E-01  0.2104100     
 0.8083334E-01  0.1996525     
 0.8250000E-01  0.2178251     
 0.8416667E-01  0.1799140     
 0.8583333E-01  0.1190117     
 0.8750000E-01  0.7706635E-01 
 0.8916666E-01  0.5772728E-01 
 0.9083333E-01  0.1341649     
 0.9250000E-01  0.1460520     
 0.9416667E-01  0.1794952     
 0.9583333E-01  0.1842747     
 0.9750000E-01  0.1669404     
 0.9916665E-01  0.1205740     
 0.1008333      0.1063272     
 0.1025000      0.6687603E-01 
 0.1041667      0.1071712     
 0.1058333      0.1719279     
 0.1075000      0.1479336     
 0.1091667      0.1492318     
 0.1108333      0.1276801     
 0.1125000      0.1132388     
 0.1141667      0.8682868E-01 
 0.1158333      0.6224789E-01 
 0.1175000      0.1081206     
 0.1191667      0.9326071E-01 
 0.1208333      0.1164791     
 0.1225000      0.8990715E-01 
 0.1241667      0.1022983     
 0.1258333      0.9323733E-01 
 0.1275000      0.8089343E-01 
 0.1291667      0.1190068     
 0.1308333      0.1307971     
 0.1325000      0.1127283     
 0.1341667      0.7083877E-01 
 0.1358333      0.8292639E-01 
 0.1375000      0.9938051E-01 
 0.1391667      0.1013928     
 0.1408333      0.1153501     
 0.1425000      0.7733551E-01 
 0.1441667      0.7633244E-01 
 0.1458333      0.9665648E-01 
 0.1475000      0.1197366     
 0.1491667      0.8262331E-01 
 0.1508333      0.1030938     
 0.1525000      0.8015358E-01 
 0.1541667      0.7833384E-01 
 0.1558333      0.7707323E-01 
 0.1575000      0.9906738E-01 
 0.1591667      0.8360624E-01 
 0.1608333      0.9606183E-01 
 0.1625000      0.7060859E-01 
 0.1641667      0.7959367E-01 
 0.1658333      0.8214625E-01 
