# SumMovie FRC for input stack : stack1.mrc
# Number of micrographs: 1
# Number of frames per movie: 50
# Pixel size (A): 3.0000
# 1/(A)          FRC
# -----------------------
# 
# Micrograph 1 of 1. Score: .509
 0.8333334E-03  0.9999990     
 0.2500000E-02  0.9744979     
 0.4166666E-02  0.9567348     
 0.5833333E-02  0.9213843     
 0.7499999E-02  0.9024988     
 0.9166666E-02  0.7431727     
 0.1083333E-01  0.7112452     
 0.1250000E-01  0.8405429     
 0.1416667E-01  0.9104370     
 0.1583333E-01  0.9140570     
 0.1750000E-01  0.8595169     
 0.1916667E-01  0.6443973     
 0.2083333E-01  0.7354361     
 0.2250000E-01  0.8484169     
 0.2416667E-01  0.8856668     
 0.2583333E-01  0.8452160     
 0.2750000E-01  0.6964503     
 0.2916667E-01  0.5689987     
 0.3083333E-01  0.6617931     
 0.3250000E-01  0.6720895     
 0.3416666E-01  0.6151912     
 0.3583334E-01  0.4904232     
 0.3750000E-01  0.4313160     
 0.3916667E-01  0.3882210     
 0.4083334E-01  0.3875420     
 0.4250000E-01  0.3438267     
 0.4416666E-01  0.2161945     
 0.4583333E-01  0.1353385     
 0.4750000E-01  0.1914590     
 0.4916666E-01  0.1063480     
 0.5083333E-01  0.9589206E-01 
 0.5250000E-01  0.9571146E-01 
 0.5416667E-01  0.1121859     
 0.5583333E-01  0.1695248     
 0.5750000E-01  0.2160214     
 0.5916666E-01  0.2542606     
 0.6083334E-01  0.2852260     
 0.6250000E-01  0.2414000     
 0.6416667E-01  0.2289440     
 0.6583333E-01  0.2242237     
 0.6750000E-01  0.1380873     
 0.6916667E-01  0.1469465     
 0.7083333E-01  0.1176568     
 0.7250000E-01  0.6692365E-01 
 0.7416667E-01  0.8397887E-01 
 0.7583334E-01  0.1350664     
 0.7749999E-01  0.1855315     
 0.7916667E-01  0.2102559     
 0.8083334E-01  0.2133203     
 0.8250000E-01  0.1999147     
 0.8416667E-01  0.1559298     
 0.8583333E-01  0.9730816E-01 
 0.8750000E-01  0.6015889E-01 
 0.8916666E-01  0.1738262E-01 
 0.9083333E-01  0.8803577E-01 
 0.9250000E-01  0.1217887     
 0.9416667E-01  0.1734965     
 0.9583333E-01  0.1880271     
 0.9750000E-01  0.1512423     
 0.9916665E-01  0.8955179E-01 
 0.1008333      0.7669446E-01 
 0.1025000      0.3106515E-01 
 0.1041667      0.1080467     
 0.1058333      0.1458990     
 0.1075000      0.1447440     
 0.1091667      0.1363168     
 0.1108333      0.1103796     
 0.1125000      0.1137612     
 0.1141667      0.6785410E-01 
 0.1158333      0.4617140E-01 
 0.1175000      0.7414035E-01 
 0.1191667      0.1091374     
 0.1208333      0.9240098E-01 
 0.1225000      0.6232286E-01 
 0.1241667      0.6813582E-01 
 0.1258333      0.4455291E-01 
 0.1275000      0.2603553E-01 
 0.1291667      0.1172969     
 0.1308333      0.8603858E-01 
 0.1325000      0.7867215E-01 
 0.1341667      0.2571761E-01 
 0.1358333      0.5382708E-01 
 0.1375000      0.6080908E-01 
 0.1391667      0.7339277E-01 
 0.1408333      0.8570920E-01 
 0.1425000      0.6426068E-01 
 0.1441667      0.3658830E-01 
 0.1458333      0.5287195E-01 
 0.1475000      0.8289025E-01 
 0.1491667      0.5553527E-01 
 0.1508333      0.4683937E-01 
 0.1525000      0.3862856E-01 
 0.1541667      0.4787194E-01 
 0.1558333      0.4816298E-01 
 0.1575000      0.5310586E-01 
 0.1591667      0.1755983E-01 
 0.1608333      0.5610361E-01 
 0.1625000      0.4896197E-01 
 0.1641667      0.7248148E-01 
 0.1658333      0.4286967E-01 
