# SumMovie FRC for input stack : stack16.mrc
# Number of micrographs: 1
# Number of frames per movie: 50
# Pixel size (A): 3.0000
# 1/(A)          FRC
# -----------------------
# 
# Micrograph 1 of 1. Score: .533
 0.8333334E-03  0.9999994     
 0.2500000E-02  0.9671370     
 0.4166666E-02  0.9458706     
 0.5833333E-02  0.9114952     
 0.7499999E-02  0.8949949     
 0.9166666E-02  0.8419385     
 0.1083333E-01  0.7738552     
 0.1250000E-01  0.8805761     
 0.1416667E-01  0.9341143     
 0.1583333E-01  0.9649444     
 0.1750000E-01  0.9450389     
 0.1916667E-01  0.7700412     
 0.2083333E-01  0.8035380     
 0.2250000E-01  0.8984435     
 0.2416667E-01  0.9382782     
 0.2583333E-01  0.9300600     
 0.2750000E-01  0.8242404     
 0.2916667E-01  0.6927190     
 0.3083333E-01  0.7408466     
 0.3250000E-01  0.7891960     
 0.3416666E-01  0.7142347     
 0.3583334E-01  0.5861295     
 0.3750000E-01  0.4337038     
 0.3916667E-01  0.3637677     
 0.4083334E-01  0.2952878     
 0.4250000E-01  0.1143766     
 0.4416666E-01  0.1246097     
 0.4583333E-01  0.9898692E-01 
 0.4750000E-01  0.1365422     
 0.4916666E-01  0.2712083     
 0.5083333E-01  0.3407216     
 0.5250000E-01  0.3767818     
 0.5416667E-01  0.3686551     
 0.5583333E-01  0.4152469     
 0.5750000E-01  0.3589073     
 0.5916666E-01  0.2699648     
 0.6083334E-01  0.1912233     
 0.6250000E-01  0.8626775E-01 
 0.6416667E-01  0.1006797     
 0.6583333E-01  0.1410059     
 0.6750000E-01  0.2144340     
 0.6916667E-01  0.3143240     
 0.7083333E-01  0.4027782     
 0.7250000E-01  0.3511014     
 0.7416667E-01  0.2808540     
 0.7583334E-01  0.1764071     
 0.7749999E-01  0.1085534     
 0.7916667E-01  0.9035637E-01 
 0.8083334E-01  0.2432657     
 0.8250000E-01  0.2678626     
 0.8416667E-01  0.3492205     
 0.8583333E-01  0.2899067     
 0.8750000E-01  0.1829118     
 0.8916666E-01  0.1067955     
 0.9083333E-01  0.7368871E-01 
 0.9250000E-01  0.1812824     
 0.9416667E-01  0.2427214     
 0.9583333E-01  0.2795576     
 0.9750000E-01  0.2193534     
 0.9916665E-01  0.1041301     
 0.1008333      0.7685225E-01 
 0.1025000      0.1229333     
 0.1041667      0.1816656     
 0.1058333      0.2337447     
 0.1075000      0.1855019     
 0.1091667      0.1181515     
 0.1108333      0.4314821E-01 
 0.1125000      0.1474333     
 0.1141667      0.1815285     
 0.1158333      0.1812725     
 0.1175000      0.1160557     
 0.1191667      0.6294577E-01 
 0.1208333      0.8690913E-01 
 0.1225000      0.1548242     
 0.1241667      0.1642498     
 0.1258333      0.1156137     
 0.1275000      0.7497080E-01 
 0.1291667      0.8764293E-01 
 0.1308333      0.1420230     
 0.1325000      0.1367162     
 0.1341667      0.8751301E-01 
 0.1358333      0.5095946E-01 
 0.1375000      0.9964087E-01 
 0.1391667      0.1266912     
 0.1408333      0.1080045     
 0.1425000      0.6670034E-01 
 0.1441667      0.8343156E-01 
 0.1458333      0.1093389     
 0.1475000      0.1004407     
 0.1491667      0.7990671E-01 
 0.1508333      0.8190836E-01 
 0.1525000      0.1117586     
 0.1541667      0.9850522E-01 
 0.1558333      0.7755736E-01 
 0.1575000      0.5141946E-01 
 0.1591667      0.9319054E-01 
 0.1608333      0.9483875E-01 
 0.1625000      0.4581888E-01 
 0.1641667      0.5796954E-01 
 0.1658333      0.1349525     
