# SumMovie FRC for input stack : stack1.mrc
# Number of micrographs: 1
# Number of frames per movie: 50
# Pixel size (A): 3.0000
# 1/(A)          FRC
# -----------------------
# 
# Micrograph 1 of 1. Score: .517
 0.8333334E-03  0.9999990     
 0.2500000E-02  0.9745078     
 0.4166666E-02  0.9567919     
 0.5833333E-02  0.9214043     
 0.7499999E-02  0.9027541     
 0.9166666E-02  0.7452849     
 0.1083333E-01  0.7134206     
 0.1250000E-01  0.8434780     
 0.1416667E-01  0.9126973     
 0.1583333E-01  0.9159669     
 0.1750000E-01  0.8634179     
 0.1916667E-01  0.6530793     
 0.2083333E-01  0.7423851     
 0.2250000E-01  0.8538518     
 0.2416667E-01  0.8905674     
 0.2583333E-01  0.8525203     
 0.2750000E-01  0.7082891     
 0.2916667E-01  0.5883011     
 0.3083333E-01  0.6747881     
 0.3250000E-01  0.6918015     
 0.3416666E-01  0.6354327     
 0.3583334E-01  0.5029023     
 0.3750000E-01  0.4392844     
 0.3916667E-01  0.4060239     
 0.4083334E-01  0.4074964     
 0.4250000E-01  0.3546489     
 0.4416666E-01  0.2193173     
 0.4583333E-01  0.1288431     
 0.4750000E-01  0.1911494     
 0.4916666E-01  0.9656984E-01 
 0.5083333E-01  0.9168074E-01 
 0.5250000E-01  0.8415131E-01 
 0.5416667E-01  0.1071425     
 0.5583333E-01  0.1708896     
 0.5750000E-01  0.2091385     
 0.5916666E-01  0.2707127     
 0.6083334E-01  0.2930965     
 0.6250000E-01  0.2507685     
 0.6416667E-01  0.2221622     
 0.6583333E-01  0.2241296     
 0.6750000E-01  0.1343826     
 0.6916667E-01  0.1300637     
 0.7083333E-01  0.1049222     
 0.7250000E-01  0.5828293E-01 
 0.7416667E-01  0.7106251E-01 
 0.7583334E-01  0.1289975     
 0.7749999E-01  0.1801182     
 0.7916667E-01  0.2252007     
 0.8083334E-01  0.2246376     
 0.8250000E-01  0.2013704     
 0.8416667E-01  0.1431667     
 0.8583333E-01  0.8855750E-01 
 0.8750000E-01  0.6119427E-01 
 0.8916666E-01  0.1580213E-01 
 0.9083333E-01  0.7630207E-01 
 0.9250000E-01  0.1201350     
 0.9416667E-01  0.1742478     
 0.9583333E-01  0.1994404     
 0.9750000E-01  0.1454118     
 0.9916665E-01  0.8538318E-01 
 0.1008333      0.6234828E-01 
 0.1025000      0.2349122E-01 
 0.1041667      0.9068082E-01 
 0.1058333      0.1399184     
 0.1075000      0.1577453     
 0.1091667      0.1334042     
 0.1108333      0.1162514     
 0.1125000      0.1142590     
 0.1141667      0.5812737E-01 
 0.1158333      0.4298844E-01 
 0.1175000      0.8380550E-01 
 0.1191667      0.1132221     
 0.1208333      0.7999188E-01 
 0.1225000      0.7847681E-01 
 0.1241667      0.5895647E-01 
 0.1258333      0.3955162E-01 
 0.1275000      0.2553574E-01 
 0.1291667      0.1153704     
 0.1308333      0.7537774E-01 
 0.1325000      0.6232173E-01 
 0.1341667      0.3171488E-01 
 0.1358333      0.3613617E-01 
 0.1375000      0.5287285E-01 
 0.1391667      0.7179967E-01 
 0.1408333      0.7968560E-01 
 0.1425000      0.6793862E-01 
 0.1441667      0.4005222E-01 
 0.1458333      0.3983463E-01 
 0.1475000      0.7359382E-01 
 0.1491667      0.6239656E-01 
 0.1508333      0.5801180E-01 
 0.1525000      0.3555590E-01 
 0.1541667      0.5707611E-01 
 0.1558333      0.6493003E-01 
 0.1575000      0.3984752E-01 
 0.1591667      0.2149107E-01 
 0.1608333      0.3502896E-01 
 0.1625000      0.5925576E-01 
 0.1641667      0.6550534E-01 
 0.1658333      0.4043929E-01 
