# SumMovie FRC for input stack : stack11.mrc
# Number of micrographs: 1
# Number of frames per movie: 50
# Pixel size (A): 3.0000
# 1/(A)          FRC
# -----------------------
# 
# Micrograph 1 of 1. Score: .570
 0.8333334E-03  0.9999998     
 0.2500000E-02  0.8500993     
 0.4166666E-02  0.8701843     
 0.5833333E-02  0.8519569     
 0.7499999E-02  0.8573107     
 0.9166666E-02  0.7365406     
 0.1083333E-01  0.6257946     
 0.1250000E-01  0.8518218     
 0.1416667E-01  0.9138525     
 0.1583333E-01  0.9437239     
 0.1750000E-01  0.9067872     
 0.1916667E-01  0.6585925     
 0.2083333E-01  0.7384490     
 0.2250000E-01  0.8746334     
 0.2416667E-01  0.9210582     
 0.2583333E-01  0.8917742     
 0.2750000E-01  0.7404586     
 0.2916667E-01  0.6383957     
 0.3083333E-01  0.7080960     
 0.3250000E-01  0.7692255     
 0.3416666E-01  0.7170460     
 0.3583334E-01  0.5869700     
 0.3750000E-01  0.5197266     
 0.3916667E-01  0.4951849     
 0.4083334E-01  0.5138168     
 0.4250000E-01  0.3987885     
 0.4416666E-01  0.3341812     
 0.4583333E-01  0.2859797     
 0.4750000E-01  0.2197771     
 0.4916666E-01  0.1075831     
 0.5083333E-01  0.7586711E-01 
 0.5250000E-01  0.1365835     
 0.5416667E-01  0.1362698     
 0.5583333E-01  0.2213374     
 0.5750000E-01  0.2938550     
 0.5916666E-01  0.3544224     
 0.6083334E-01  0.3520375     
 0.6250000E-01  0.3939546     
 0.6416667E-01  0.3845224     
 0.6583333E-01  0.3028923     
 0.6750000E-01  0.2943368     
 0.6916667E-01  0.1884965     
 0.7083333E-01  0.1109970     
 0.7250000E-01  0.8678557E-01 
 0.7416667E-01  0.1090577     
 0.7583334E-01  0.1941822     
 0.7749999E-01  0.2614172     
 0.7916667E-01  0.3071558     
 0.8083334E-01  0.3450739     
 0.8250000E-01  0.3139765     
 0.8416667E-01  0.2884609     
 0.8583333E-01  0.2018624     
 0.8750000E-01  0.9299583E-01 
 0.8916666E-01  0.7733766E-01 
 0.9083333E-01  0.1287798     
 0.9250000E-01  0.2175556     
 0.9416667E-01  0.2796983     
 0.9583333E-01  0.3015757     
 0.9750000E-01  0.2509409     
 0.9916665E-01  0.2315520     
 0.1008333      0.1130115     
 0.1025000      0.8371374E-01 
 0.1041667      0.1411343     
 0.1058333      0.2164024     
 0.1075000      0.2132026     
 0.1091667      0.2470583     
 0.1108333      0.2082048     
 0.1125000      0.1532245     
 0.1141667      0.1009363     
 0.1158333      0.9314470E-01 
 0.1175000      0.1641631     
 0.1191667      0.1925089     
 0.1208333      0.1644568     
 0.1225000      0.1462850     
 0.1241667      0.9255196E-01 
 0.1258333      0.1031632     
 0.1275000      0.1122409     
 0.1291667      0.1652926     
 0.1308333      0.1608975     
 0.1325000      0.1845046     
 0.1341667      0.1103506     
 0.1358333      0.7070918E-01 
 0.1375000      0.1312919     
 0.1391667      0.1153468     
 0.1408333      0.1509545     
 0.1425000      0.1151532     
 0.1441667      0.1152176     
 0.1458333      0.1024732     
 0.1475000      0.1013389     
 0.1491667      0.1183440     
 0.1508333      0.1488381     
 0.1525000      0.1078614     
 0.1541667      0.9743984E-01 
 0.1558333      0.1133456     
 0.1575000      0.1454289     
 0.1591667      0.1068517     
 0.1608333      0.1184832     
 0.1625000      0.9717591E-01 
 0.1641667      0.1249406     
 0.1658333      0.1431780     
