# SumMovie FRC for input stack : stack1.mrc
# Number of micrographs: 1
# Number of frames per movie: 50
# Pixel size (A): 3.0000
# 1/(A)          FRC
# -----------------------
# 
# Micrograph 1 of 1. Score: .526
 0.8333334E-03  0.9999990     
 0.2500000E-02  0.9744827     
 0.4166666E-02  0.9568025     
 0.5833333E-02  0.9213932     
 0.7499999E-02  0.9030361     
 0.9166666E-02  0.7475016     
 0.1083333E-01  0.7164172     
 0.1250000E-01  0.8471779     
 0.1416667E-01  0.9152123     
 0.1583333E-01  0.9179773     
 0.1750000E-01  0.8679190     
 0.1916667E-01  0.6623275     
 0.2083333E-01  0.7503644     
 0.2250000E-01  0.8603324     
 0.2416667E-01  0.8961285     
 0.2583333E-01  0.8613406     
 0.2750000E-01  0.7235527     
 0.2916667E-01  0.6118678     
 0.3083333E-01  0.6903465     
 0.3250000E-01  0.7142161     
 0.3416666E-01  0.6602181     
 0.3583334E-01  0.5206665     
 0.3750000E-01  0.4528311     
 0.3916667E-01  0.4275809     
 0.4083334E-01  0.4315008     
 0.4250000E-01  0.3678322     
 0.4416666E-01  0.2253236     
 0.4583333E-01  0.1291478     
 0.4750000E-01  0.1831186     
 0.4916666E-01  0.8910999E-01 
 0.5083333E-01  0.7824609E-01 
 0.5250000E-01  0.7515667E-01 
 0.5416667E-01  0.1014785     
 0.5583333E-01  0.1785612     
 0.5750000E-01  0.2105242     
 0.5916666E-01  0.3005664     
 0.6083334E-01  0.3098381     
 0.6250000E-01  0.2776178     
 0.6416667E-01  0.2363169     
 0.6583333E-01  0.2345400     
 0.6750000E-01  0.1377324     
 0.6916667E-01  0.1111637     
 0.7083333E-01  0.8734763E-01 
 0.7250000E-01  0.5314872E-01 
 0.7416667E-01  0.7140722E-01 
 0.7583334E-01  0.1354871     
 0.7749999E-01  0.1997842     
 0.7916667E-01  0.2656888     
 0.8083334E-01  0.2499461     
 0.8250000E-01  0.2312366     
 0.8416667E-01  0.1585682     
 0.8583333E-01  0.9633595E-01 
 0.8750000E-01  0.6031230E-01 
 0.8916666E-01  0.3678702E-01 
 0.9083333E-01  0.9142075E-01 
 0.9250000E-01  0.1432707     
 0.9416667E-01  0.1999098     
 0.9583333E-01  0.2167335     
 0.9750000E-01  0.1578793     
 0.9916665E-01  0.1039178     
 0.1008333      0.6416479E-01 
 0.1025000      0.4381124E-01 
 0.1041667      0.6787126E-01 
 0.1058333      0.1405466     
 0.1075000      0.1614857     
 0.1091667      0.1436220     
 0.1108333      0.1081673     
 0.1125000      0.1258150     
 0.1141667      0.6323591E-01 
 0.1158333      0.4120472E-01 
 0.1175000      0.8688908E-01 
 0.1191667      0.1037610     
 0.1208333      0.9418683E-01 
 0.1225000      0.9784512E-01 
 0.1241667      0.6534001E-01 
 0.1258333      0.3713967E-01 
 0.1275000      0.4841963E-01 
 0.1291667      0.9714326E-01 
 0.1308333      0.8631022E-01 
 0.1325000      0.5857713E-01 
 0.1341667      0.4109026E-01 
 0.1358333      0.2726369E-01 
 0.1375000      0.4808187E-01 
 0.1391667      0.7530331E-01 
 0.1408333      0.8013411E-01 
 0.1425000      0.4345270E-01 
 0.1441667      0.2863158E-01 
 0.1458333      0.4167796E-01 
 0.1475000      0.6473158E-01 
 0.1491667      0.5380329E-01 
 0.1508333      0.7530414E-01 
 0.1525000      0.3240322E-01 
 0.1541667      0.3336329E-01 
 0.1558333      0.6989583E-01 
 0.1575000      0.4595134E-01 
 0.1591667      0.1124470E-01 
 0.1608333      0.3463468E-01 
 0.1625000      0.5265965E-01 
 0.1641667      0.4984559E-01 
 0.1658333      0.1484173E-01 
