# SumMovie FRC for input stack : stack11.mrc
# Number of micrographs: 1
# Number of frames per movie: 50
# Pixel size (A): 3.0000
# 1/(A)          FRC
# -----------------------
# 
# Micrograph 1 of 1. Score: .575
 0.8333334E-03  0.9999998     
 0.2500000E-02  0.8504011     
 0.4166666E-02  0.8705232     
 0.5833333E-02  0.8518341     
 0.7499999E-02  0.8576669     
 0.9166666E-02  0.7373176     
 0.1083333E-01  0.6261161     
 0.1250000E-01  0.8530224     
 0.1416667E-01  0.9147983     
 0.1583333E-01  0.9440815     
 0.1750000E-01  0.9077867     
 0.1916667E-01  0.6572876     
 0.2083333E-01  0.7410175     
 0.2250000E-01  0.8759779     
 0.2416667E-01  0.9233750     
 0.2583333E-01  0.8932709     
 0.2750000E-01  0.7449738     
 0.2916667E-01  0.6479224     
 0.3083333E-01  0.7154461     
 0.3250000E-01  0.7749225     
 0.3416666E-01  0.7263765     
 0.3583334E-01  0.5931960     
 0.3750000E-01  0.5290175     
 0.3916667E-01  0.5059871     
 0.4083334E-01  0.5201647     
 0.4250000E-01  0.4056328     
 0.4416666E-01  0.3415243     
 0.4583333E-01  0.2974296     
 0.4750000E-01  0.2196510     
 0.4916666E-01  0.1077174     
 0.5083333E-01  0.7627120E-01 
 0.5250000E-01  0.1375971     
 0.5416667E-01  0.1442392     
 0.5583333E-01  0.2216663     
 0.5750000E-01  0.2996315     
 0.5916666E-01  0.3717521     
 0.6083334E-01  0.3599119     
 0.6250000E-01  0.4139033     
 0.6416667E-01  0.3994524     
 0.6583333E-01  0.3240133     
 0.6750000E-01  0.3049539     
 0.6916667E-01  0.1894689     
 0.7083333E-01  0.1093398     
 0.7250000E-01  0.7828722E-01 
 0.7416667E-01  0.1117539     
 0.7583334E-01  0.2003169     
 0.7749999E-01  0.2775787     
 0.7916667E-01  0.3196537     
 0.8083334E-01  0.3670816     
 0.8250000E-01  0.3303954     
 0.8416667E-01  0.3071300     
 0.8583333E-01  0.2112906     
 0.8750000E-01  0.1013237     
 0.8916666E-01  0.7289687E-01 
 0.9083333E-01  0.1333444     
 0.9250000E-01  0.2330113     
 0.9416667E-01  0.2940049     
 0.9583333E-01  0.3050251     
 0.9750000E-01  0.2653414     
 0.9916665E-01  0.2354012     
 0.1008333      0.1110971     
 0.1025000      0.6435884E-01 
 0.1041667      0.1261315     
 0.1058333      0.2114272     
 0.1075000      0.2353659     
 0.1091667      0.2461155     
 0.1108333      0.2074362     
 0.1125000      0.1469562     
 0.1141667      0.8442917E-01 
 0.1158333      0.8967460E-01 
 0.1175000      0.1575712     
 0.1191667      0.1875305     
 0.1208333      0.1637824     
 0.1225000      0.1448414     
 0.1241667      0.8212110E-01 
 0.1258333      0.8309284E-01 
 0.1275000      0.9931229E-01 
 0.1291667      0.1578433     
 0.1308333      0.1730149     
 0.1325000      0.1766595     
 0.1341667      0.9992661E-01 
 0.1358333      0.6014747E-01 
 0.1375000      0.1148860     
 0.1391667      0.1141545     
 0.1408333      0.1486949     
 0.1425000      0.1141979     
 0.1441667      0.9067984E-01 
 0.1458333      0.7533852E-01 
 0.1475000      0.7445891E-01 
 0.1491667      0.1218499     
 0.1508333      0.1267435     
 0.1525000      0.9967200E-01 
 0.1541667      0.8674536E-01 
 0.1558333      0.8586258E-01 
 0.1575000      0.1302216     
 0.1591667      0.9205137E-01 
 0.1608333      0.8774690E-01 
 0.1625000      0.7027785E-01 
 0.1641667      0.1018037     
 0.1658333      0.1203923     
