# SumMovie FRC for input stack : stack16.mrc
# Number of micrographs: 1
# Number of frames per movie: 50
# Pixel size (A): 3.0000
# 1/(A)          FRC
# -----------------------
# 
# Micrograph 1 of 1. Score: .528
 0.8333334E-03  0.9999994     
 0.2500000E-02  0.9669886     
 0.4166666E-02  0.9459129     
 0.5833333E-02  0.9109376     
 0.7499999E-02  0.8943018     
 0.9166666E-02  0.8410798     
 0.1083333E-01  0.7714717     
 0.1250000E-01  0.8784165     
 0.1416667E-01  0.9332766     
 0.1583333E-01  0.9636614     
 0.1750000E-01  0.9434811     
 0.1916667E-01  0.7644370     
 0.2083333E-01  0.7997776     
 0.2250000E-01  0.8924890     
 0.2416667E-01  0.9341244     
 0.2583333E-01  0.9250261     
 0.2750000E-01  0.8136274     
 0.2916667E-01  0.6792971     
 0.3083333E-01  0.7312312     
 0.3250000E-01  0.7765706     
 0.3416666E-01  0.6973881     
 0.3583334E-01  0.5572020     
 0.3750000E-01  0.4251583     
 0.3916667E-01  0.3590984     
 0.4083334E-01  0.2951548     
 0.4250000E-01  0.1142640     
 0.4416666E-01  0.1227977     
 0.4583333E-01  0.1062176     
 0.4750000E-01  0.1368481     
 0.4916666E-01  0.2702419     
 0.5083333E-01  0.3303961     
 0.5250000E-01  0.3584699     
 0.5416667E-01  0.3574142     
 0.5583333E-01  0.4052235     
 0.5750000E-01  0.3439883     
 0.5916666E-01  0.2629769     
 0.6083334E-01  0.1745446     
 0.6250000E-01  0.9093273E-01 
 0.6416667E-01  0.1131473     
 0.6583333E-01  0.1418122     
 0.6750000E-01  0.1903519     
 0.6916667E-01  0.2990014     
 0.7083333E-01  0.3893166     
 0.7250000E-01  0.3325561     
 0.7416667E-01  0.2696126     
 0.7583334E-01  0.1639362     
 0.7749999E-01  0.1123402     
 0.7916667E-01  0.9285927E-01 
 0.8083334E-01  0.2456263     
 0.8250000E-01  0.2477342     
 0.8416667E-01  0.3263622     
 0.8583333E-01  0.2781516     
 0.8750000E-01  0.1843825     
 0.8916666E-01  0.1168004     
 0.9083333E-01  0.9871213E-01 
 0.9250000E-01  0.1835524     
 0.9416667E-01  0.2400856     
 0.9583333E-01  0.2551762     
 0.9750000E-01  0.2060014     
 0.9916665E-01  0.1265959     
 0.1008333      0.1054522     
 0.1025000      0.1339206     
 0.1041667      0.1899214     
 0.1058333      0.2282694     
 0.1075000      0.1870241     
 0.1091667      0.1302681     
 0.1108333      0.6853061E-01 
 0.1125000      0.1530726     
 0.1141667      0.1829261     
 0.1158333      0.1721321     
 0.1175000      0.1352859     
 0.1191667      0.9089591E-01 
 0.1208333      0.1149312     
 0.1225000      0.1497429     
 0.1241667      0.1706839     
 0.1258333      0.1295263     
 0.1275000      0.9016057E-01 
 0.1291667      0.1093538     
 0.1308333      0.1394959     
 0.1325000      0.1358931     
 0.1341667      0.1094175     
 0.1358333      0.6636951E-01 
 0.1375000      0.1221343     
 0.1391667      0.1346722     
 0.1408333      0.1356050     
 0.1425000      0.9210961E-01 
 0.1441667      0.1169377     
 0.1458333      0.1196870     
 0.1475000      0.1141489     
 0.1491667      0.1198365     
 0.1508333      0.9899450E-01 
 0.1525000      0.1233580     
 0.1541667      0.1130798     
 0.1558333      0.9320354E-01 
 0.1575000      0.9217715E-01 
 0.1591667      0.1083895     
 0.1608333      0.1148001     
 0.1625000      0.7044733E-01 
 0.1641667      0.9293554E-01 
 0.1658333      0.1369838     
