# SumMovie FRC for input stack : stack1.mrc
# Number of micrographs: 1
# Number of frames per movie: 50
# Pixel size (A): 3.0000
# 1/(A)          FRC
# -----------------------
# 
# Micrograph 1 of 1. Score: .503
 0.8333334E-03  0.9999990     
 0.2500000E-02  0.9744893     
 0.4166666E-02  0.9566844     
 0.5833333E-02  0.9213400     
 0.7499999E-02  0.9022189     
 0.9166666E-02  0.7414860     
 0.1083333E-01  0.7096114     
 0.1250000E-01  0.8381647     
 0.1416667E-01  0.9085165     
 0.1583333E-01  0.9125190     
 0.1750000E-01  0.8562618     
 0.1916667E-01  0.6373325     
 0.2083333E-01  0.7297013     
 0.2250000E-01  0.8438068     
 0.2416667E-01  0.8814701     
 0.2583333E-01  0.8390558     
 0.2750000E-01  0.6869301     
 0.2916667E-01  0.5540155     
 0.3083333E-01  0.6516789     
 0.3250000E-01  0.6563531     
 0.3416666E-01  0.5996621     
 0.3583334E-01  0.4818153     
 0.3750000E-01  0.4260326     
 0.3916667E-01  0.3751550     
 0.4083334E-01  0.3721953     
 0.4250000E-01  0.3349184     
 0.4416666E-01  0.2139439     
 0.4583333E-01  0.1415380     
 0.4750000E-01  0.1872715     
 0.4916666E-01  0.1119037     
 0.5083333E-01  0.9677280E-01 
 0.5250000E-01  0.1031474     
 0.5416667E-01  0.1144668     
 0.5583333E-01  0.1696478     
 0.5750000E-01  0.2198420     
 0.5916666E-01  0.2440419     
 0.6083334E-01  0.2802687     
 0.6250000E-01  0.2386287     
 0.6416667E-01  0.2372913     
 0.6583333E-01  0.2244001     
 0.6750000E-01  0.1423769     
 0.6916667E-01  0.1544729     
 0.7083333E-01  0.1248935     
 0.7250000E-01  0.7433566E-01 
 0.7416667E-01  0.9443149E-01 
 0.7583334E-01  0.1432648     
 0.7749999E-01  0.1949632     
 0.7916667E-01  0.2074775     
 0.8083334E-01  0.2081380     
 0.8250000E-01  0.2059797     
 0.8416667E-01  0.1665837     
 0.8583333E-01  0.1070555     
 0.8750000E-01  0.6426215E-01 
 0.8916666E-01  0.3016588E-01 
 0.9083333E-01  0.1057087     
 0.9250000E-01  0.1305058     
 0.9416667E-01  0.1777116     
 0.9583333E-01  0.1838891     
 0.9750000E-01  0.1573632     
 0.9916665E-01  0.1009751     
 0.1008333      0.9061041E-01 
 0.1025000      0.4384293E-01 
 0.1041667      0.1117731     
 0.1058333      0.1547103     
 0.1075000      0.1394808     
 0.1091667      0.1416793     
 0.1108333      0.1098449     
 0.1125000      0.1148064     
 0.1141667      0.7665394E-01 
 0.1158333      0.5005762E-01 
 0.1175000      0.7833824E-01 
 0.1191667      0.1014919     
 0.1208333      0.1053520     
 0.1225000      0.6365956E-01 
 0.1241667      0.8348192E-01 
 0.1258333      0.5687907E-01 
 0.1275000      0.4477890E-01 
 0.1291667      0.1190746     
 0.1308333      0.9927330E-01 
 0.1325000      0.8814263E-01 
 0.1341667      0.3626446E-01 
 0.1358333      0.6462079E-01 
 0.1375000      0.7209735E-01 
 0.1391667      0.7840985E-01 
 0.1408333      0.9700976E-01 
 0.1425000      0.5607095E-01 
 0.1441667      0.4640885E-01 
 0.1458333      0.7180063E-01 
 0.1475000      0.9370585E-01 
 0.1491667      0.5798506E-01 
 0.1508333      0.5733991E-01 
 0.1525000      0.4218746E-01 
 0.1541667      0.4635633E-01 
 0.1558333      0.5098911E-01 
 0.1575000      0.6971073E-01 
 0.1591667      0.3334528E-01 
 0.1608333      0.7323460E-01 
 0.1625000      0.4405492E-01 
 0.1641667      0.6792836E-01 
 0.1658333      0.4933881E-01 
