# SumMovie FRC for input stack : stack1.mrc
# Number of micrographs: 1
# Number of frames per movie: 50
# Pixel size (A): 3.0000
# 1/(A)          FRC
# -----------------------
# 
# Micrograph 1 of 1. Score: .546
 0.8333334E-03  0.9999993     
 0.2500000E-02  0.9744601     
 0.4166666E-02  0.9570088     
 0.5833333E-02  0.9207054     
 0.7499999E-02  0.9047882     
 0.9166666E-02  0.7499262     
 0.1083333E-01  0.7274520     
 0.1250000E-01  0.8560112     
 0.1416667E-01  0.9222620     
 0.1583333E-01  0.9262692     
 0.1750000E-01  0.8740014     
 0.1916667E-01  0.6750071     
 0.2083333E-01  0.7638518     
 0.2250000E-01  0.8703434     
 0.2416667E-01  0.9033316     
 0.2583333E-01  0.8718624     
 0.2750000E-01  0.7478443     
 0.2916667E-01  0.6445640     
 0.3083333E-01  0.7089029     
 0.3250000E-01  0.7374182     
 0.3416666E-01  0.6837589     
 0.3583334E-01  0.5447692     
 0.3750000E-01  0.4823252     
 0.3916667E-01  0.4614185     
 0.4083334E-01  0.4482555     
 0.4250000E-01  0.4009810     
 0.4416666E-01  0.2597560     
 0.4583333E-01  0.1697059     
 0.4750000E-01  0.1881186     
 0.4916666E-01  0.9733280E-01 
 0.5083333E-01  0.6340419E-01 
 0.5250000E-01  0.6707732E-01 
 0.5416667E-01  0.1283282     
 0.5583333E-01  0.1858240     
 0.5750000E-01  0.2519080     
 0.5916666E-01  0.3152588     
 0.6083334E-01  0.3419454     
 0.6250000E-01  0.3280206     
 0.6416667E-01  0.2992252     
 0.6583333E-01  0.2716208     
 0.6750000E-01  0.1621833     
 0.6916667E-01  0.1350551     
 0.7083333E-01  0.8495981E-01 
 0.7250000E-01  0.7037821E-01 
 0.7416667E-01  0.1070575     
 0.7583334E-01  0.1653499     
 0.7749999E-01  0.2465858     
 0.7916667E-01  0.2983796     
 0.8083334E-01  0.2870891     
 0.8250000E-01  0.2825556     
 0.8416667E-01  0.2249364     
 0.8583333E-01  0.1226695     
 0.8750000E-01  0.6181749E-01 
 0.8916666E-01  0.3121069E-01 
 0.9083333E-01  0.1293502     
 0.9250000E-01  0.1937813     
 0.9416667E-01  0.2359867     
 0.9583333E-01  0.2471744     
 0.9750000E-01  0.1964654     
 0.9916665E-01  0.1075982     
 0.1008333      0.6596154E-01 
 0.1025000      0.4381966E-01 
 0.1041667      0.1202749     
 0.1058333      0.1517328     
 0.1075000      0.1593840     
 0.1091667      0.1736536     
 0.1108333      0.1295950     
 0.1125000      0.1211868     
 0.1141667      0.3523562E-01 
 0.1158333      0.6377158E-01 
 0.1175000      0.1085141     
 0.1191667      0.1076770     
 0.1208333      0.1128664     
 0.1225000      0.1004804     
 0.1241667      0.4596030E-01 
 0.1258333      0.3838510E-01 
 0.1275000      0.5791129E-01 
 0.1291667      0.1105825     
 0.1308333      0.1196507     
 0.1325000      0.6579499E-01 
 0.1341667      0.4770732E-01 
 0.1358333      0.2864456E-01 
 0.1375000      0.1024577     
 0.1391667      0.6216832E-01 
 0.1408333      0.1083983     
 0.1425000      0.6333156E-01 
 0.1441667      0.3095052E-01 
 0.1458333      0.2851187E-01 
 0.1475000      0.7187750E-01 
 0.1491667      0.5462698E-01 
 0.1508333      0.6202596E-01 
 0.1525000      0.2559177E-01 
 0.1541667      0.5557759E-01 
 0.1558333      0.8553989E-01 
 0.1575000      0.4398699E-01 
 0.1591667      0.2170368E-01 
 0.1608333      0.3052106E-01 
 0.1625000      0.4577551E-01 
 0.1641667      0.3759883E-01 
 0.1658333      0.3003823E-01 
