# SumMovie FRC for input stack : stack11.mrc
# Number of micrographs: 1
# Number of frames per movie: 50
# Pixel size (A): 3.0000
# 1/(A)          FRC
# -----------------------
# 
# Micrograph 1 of 1. Score: .573
 0.8333334E-03  0.9999998     
 0.2500000E-02  0.8502510     
 0.4166666E-02  0.8703821     
 0.5833333E-02  0.8519469     
 0.7499999E-02  0.8574640     
 0.9166666E-02  0.7369350     
 0.1083333E-01  0.6258713     
 0.1250000E-01  0.8523247     
 0.1416667E-01  0.9141795     
 0.1583333E-01  0.9438819     
 0.1750000E-01  0.9072270     
 0.1916667E-01  0.6583674     
 0.2083333E-01  0.7394499     
 0.2250000E-01  0.8752241     
 0.2416667E-01  0.9219998     
 0.2583333E-01  0.8924038     
 0.2750000E-01  0.7423869     
 0.2916667E-01  0.6424146     
 0.3083333E-01  0.7109942     
 0.3250000E-01  0.7716523     
 0.3416666E-01  0.7205563     
 0.3583334E-01  0.5897282     
 0.3750000E-01  0.5233349     
 0.3916667E-01  0.4995017     
 0.4083334E-01  0.5171457     
 0.4250000E-01  0.4013514     
 0.4416666E-01  0.3373826     
 0.4583333E-01  0.2911795     
 0.4750000E-01  0.2208605     
 0.4916666E-01  0.1086092     
 0.5083333E-01  0.7642989E-01 
 0.5250000E-01  0.1375695     
 0.5416667E-01  0.1401441     
 0.5583333E-01  0.2224911     
 0.5750000E-01  0.2971147     
 0.5916666E-01  0.3610490     
 0.6083334E-01  0.3555651     
 0.6250000E-01  0.4024398     
 0.6416667E-01  0.3908928     
 0.6583333E-01  0.3112595     
 0.6750000E-01  0.2991014     
 0.6916667E-01  0.1898581     
 0.7083333E-01  0.1111701     
 0.7250000E-01  0.8420322E-01 
 0.7416667E-01  0.1095280     
 0.7583334E-01  0.1980536     
 0.7749999E-01  0.2667150     
 0.7916667E-01  0.3123038     
 0.8083334E-01  0.3538506     
 0.8250000E-01  0.3202189     
 0.8416667E-01  0.2959760     
 0.8583333E-01  0.2062335     
 0.8750000E-01  0.9691641E-01 
 0.8916666E-01  0.7790542E-01 
 0.9083333E-01  0.1310894     
 0.9250000E-01  0.2237890     
 0.9416667E-01  0.2863985     
 0.9583333E-01  0.3025980     
 0.9750000E-01  0.2565197     
 0.9916665E-01  0.2354021     
 0.1008333      0.1128748     
 0.1025000      0.7907596E-01 
 0.1041667      0.1366567     
 0.1058333      0.2179511     
 0.1075000      0.2221032     
 0.1091667      0.2486781     
 0.1108333      0.2085704     
 0.1125000      0.1523090     
 0.1141667      0.9729262E-01 
 0.1158333      0.9341222E-01 
 0.1175000      0.1639682     
 0.1191667      0.1933594     
 0.1208333      0.1638364     
 0.1225000      0.1455717     
 0.1241667      0.8979915E-01 
 0.1258333      0.9809741E-01 
 0.1275000      0.1097884     
 0.1291667      0.1645504     
 0.1308333      0.1664187     
 0.1325000      0.1824634     
 0.1341667      0.1081972     
 0.1358333      0.6760811E-01 
 0.1375000      0.1291750     
 0.1391667      0.1157287     
 0.1408333      0.1529592     
 0.1425000      0.1160620     
 0.1441667      0.1094402     
 0.1458333      0.9724373E-01 
 0.1475000      0.9296446E-01 
 0.1491667      0.1215224     
 0.1508333      0.1434071     
 0.1525000      0.1073141     
 0.1541667      0.9489881E-01 
 0.1558333      0.1051441     
 0.1575000      0.1419021     
 0.1591667      0.1010411     
 0.1608333      0.1105907     
 0.1625000      0.8934702E-01 
 0.1641667      0.1213463     
 0.1658333      0.1356139     
