# SumMovie FRC for input stack : stack6.mrc
# Number of micrographs: 1
# Number of frames per movie: 50
# Pixel size (A): 3.0000
# 1/(A)          FRC
# -----------------------
# 
# Micrograph 1 of 1. Score: .592
 0.8333334E-03  0.9999999     
 0.2500000E-02  0.9512845     
 0.4166666E-02  0.9319418     
 0.5833333E-02  0.8474920     
 0.7499999E-02  0.8653447     
 0.9166666E-02  0.6784560     
 0.1083333E-01  0.6581568     
 0.1250000E-01  0.8498470     
 0.1416667E-01  0.8879923     
 0.1583333E-01  0.9352543     
 0.1750000E-01  0.8939760     
 0.1916667E-01  0.6006228     
 0.2083333E-01  0.6727681     
 0.2250000E-01  0.8432592     
 0.2416667E-01  0.9026367     
 0.2583333E-01  0.8573453     
 0.2750000E-01  0.7353482     
 0.2916667E-01  0.6257180     
 0.3083333E-01  0.6980563     
 0.3250000E-01  0.7292252     
 0.3416666E-01  0.7026485     
 0.3583334E-01  0.6009390     
 0.3750000E-01  0.5388456     
 0.3916667E-01  0.5311595     
 0.4083334E-01  0.5750630     
 0.4250000E-01  0.4582845     
 0.4416666E-01  0.3964390     
 0.4583333E-01  0.3654642     
 0.4750000E-01  0.3042031     
 0.4916666E-01  0.2231167     
 0.5083333E-01  0.1350473     
 0.5250000E-01  0.1180272     
 0.5416667E-01  0.6184755E-01 
 0.5583333E-01  0.9972253E-01 
 0.5750000E-01  0.1216999     
 0.5916666E-01  0.1986528     
 0.6083334E-01  0.2711236     
 0.6250000E-01  0.2918003     
 0.6416667E-01  0.3454412     
 0.6583333E-01  0.3744617     
 0.6750000E-01  0.3492197     
 0.6916667E-01  0.3465801     
 0.7083333E-01  0.2920649     
 0.7250000E-01  0.2230004     
 0.7416667E-01  0.1241996     
 0.7583334E-01  0.7732441E-01 
 0.7749999E-01  0.6839692E-01 
 0.7916667E-01  0.7830002E-01 
 0.8083334E-01  0.1855359     
 0.8250000E-01  0.2307775     
 0.8416667E-01  0.2966162     
 0.8583333E-01  0.3110847     
 0.8750000E-01  0.2918171     
 0.8916666E-01  0.2442901     
 0.9083333E-01  0.1630007     
 0.9250000E-01  0.8660851E-01 
 0.9416667E-01  0.4727193E-01 
 0.9583333E-01  0.8731496E-01 
 0.9750000E-01  0.8829810E-01 
 0.9916665E-01  0.1434899     
 0.1008333      0.2183712     
 0.1025000      0.2407894     
 0.1041667      0.1724038     
 0.1058333      0.1488193     
 0.1075000      0.8139168E-01 
 0.1091667      0.7657527E-01 
 0.1108333      0.4449027E-01 
 0.1125000      0.8749667E-01 
 0.1141667      0.1425346     
 0.1158333      0.1919862     
 0.1175000      0.1713490     
 0.1191667      0.1300305     
 0.1208333      0.4333267E-01 
 0.1225000      0.4359584E-01 
 0.1241667      0.3804297E-01 
 0.1258333      0.1046868     
 0.1275000      0.1230020     
 0.1291667      0.1268764     
 0.1308333      0.1130459     
 0.1325000      0.5729499E-01 
 0.1341667      0.4796848E-01 
 0.1358333      0.7455102E-01 
 0.1375000      0.7136343E-01 
 0.1391667      0.1025036     
 0.1408333      0.9098158E-01 
 0.1425000      0.7037105E-01 
 0.1441667      0.5823082E-01 
 0.1458333      0.4036167E-01 
 0.1475000      0.4855753E-01 
 0.1491667      0.7733702E-01 
 0.1508333      0.9404641E-01 
 0.1525000      0.6849661E-01 
 0.1541667      0.4716825E-01 
 0.1558333      0.3682941E-01 
 0.1575000      0.7441615E-01 
 0.1591667      0.8283371E-01 
 0.1608333      0.7734420E-01 
 0.1625000      0.7692543E-01 
 0.1641667      0.6150141E-01 
 0.1658333      0.2941008E-01 
