# SumMovie FRC for input stack : stack1_bm3d_1_1.25_0_1500_half.mrc
# Number of micrographs: 1
# Number of frames per movie: 50
# Pixel size (A): 3.0000
# 1/(A)          FRC
# -----------------------
# 
# Micrograph 1 of 1. Score: .557
 0.8333334E-03  0.9999992     
 0.2500000E-02  0.9763590     
 0.4166666E-02  0.9586593     
 0.5833333E-02  0.9262326     
 0.7499999E-02  0.9144801     
 0.9166666E-02  0.7654532     
 0.1083333E-01  0.7336273     
 0.1250000E-01  0.8657089     
 0.1416667E-01  0.9290627     
 0.1583333E-01  0.9317222     
 0.1750000E-01  0.8816473     
 0.1916667E-01  0.6987519     
 0.2083333E-01  0.7820204     
 0.2250000E-01  0.8778285     
 0.2416667E-01  0.9112384     
 0.2583333E-01  0.8800000     
 0.2750000E-01  0.7643684     
 0.2916667E-01  0.6622912     
 0.3083333E-01  0.7268569     
 0.3250000E-01  0.7520405     
 0.3416666E-01  0.7068366     
 0.3583334E-01  0.5695670     
 0.3750000E-01  0.4983643     
 0.3916667E-01  0.4739297     
 0.4083334E-01  0.4719679     
 0.4250000E-01  0.4099859     
 0.4416666E-01  0.2485549     
 0.4583333E-01  0.1772654     
 0.4750000E-01  0.1893965     
 0.4916666E-01  0.8885734E-01 
 0.5083333E-01  0.7375901E-01 
 0.5250000E-01  0.8300664E-01 
 0.5416667E-01  0.1347137     
 0.5583333E-01  0.1963495     
 0.5750000E-01  0.2629435     
 0.5916666E-01  0.3326476     
 0.6083334E-01  0.3528058     
 0.6250000E-01  0.3336953     
 0.6416667E-01  0.3006444     
 0.6583333E-01  0.2856936     
 0.6750000E-01  0.1721398     
 0.6916667E-01  0.1302679     
 0.7083333E-01  0.1006717     
 0.7250000E-01  0.8877677E-01 
 0.7416667E-01  0.9327327E-01 
 0.7583334E-01  0.1749786     
 0.7749999E-01  0.2455676     
 0.7916667E-01  0.3053829     
 0.8083334E-01  0.3039894     
 0.8250000E-01  0.2903609     
 0.8416667E-01  0.2366136     
 0.8583333E-01  0.1189067     
 0.8750000E-01  0.7238594E-01 
 0.8916666E-01  0.3866329E-01 
 0.9083333E-01  0.1364650     
 0.9250000E-01  0.1933084     
 0.9416667E-01  0.2355337     
 0.9583333E-01  0.2483360     
 0.9750000E-01  0.1968523     
 0.9916665E-01  0.1100919     
 0.1008333      0.7404102E-01 
 0.1025000      0.3274244E-01 
 0.1041667      0.1149653     
 0.1058333      0.1560314     
 0.1075000      0.1612289     
 0.1091667      0.1691997     
 0.1108333      0.1324084     
 0.1125000      0.1170684     
 0.1141667      0.2602489E-01 
 0.1158333      0.5621564E-01 
 0.1175000      0.1111006     
 0.1191667      0.1024704     
 0.1208333      0.1072264     
 0.1225000      0.9926850E-01 
 0.1241667      0.5301142E-01 
 0.1258333      0.5099859E-01 
 0.1275000      0.6176800E-01 
 0.1291667      0.1202048     
 0.1308333      0.1133394     
 0.1325000      0.6809499E-01 
 0.1341667      0.4736840E-01 
 0.1358333      0.2464405E-01 
 0.1375000      0.1062855     
 0.1391667      0.6834148E-01 
 0.1408333      0.1084595     
 0.1425000      0.7591331E-01 
 0.1441667      0.3262740E-01 
 0.1458333      0.4844024E-01 
 0.1475000      0.9736307E-01 
 0.1491667      0.5158787E-01 
 0.1508333      0.6730302E-01 
 0.1525000      0.3529543E-01 
 0.1541667      0.5145060E-01 
 0.1558333      0.9633233E-01 
 0.1575000      0.5078174E-01 
 0.1591667      0.3815452E-01 
 0.1608333      0.2078813E-01 
 0.1625000      0.5045854E-01 
 0.1641667      0.3841296E-01 
 0.1658333      0.3550652E-01 
