# SumMovie FRC for input stack : stack16.mrc
# Number of micrographs: 1
# Number of frames per movie: 50
# Pixel size (A): 3.0000
# 1/(A)          FRC
# -----------------------
# 
# Micrograph 1 of 1. Score: .534
 0.8333334E-03  0.9999994     
 0.2500000E-02  0.9671503     
 0.4166666E-02  0.9458532     
 0.5833333E-02  0.9115376     
 0.7499999E-02  0.8950843     
 0.9166666E-02  0.8419753     
 0.1083333E-01  0.7740569     
 0.1250000E-01  0.8808385     
 0.1416667E-01  0.9342091     
 0.1583333E-01  0.9650562     
 0.1750000E-01  0.9451849     
 0.1916667E-01  0.7706200     
 0.2083333E-01  0.8037576     
 0.2250000E-01  0.8990274     
 0.2416667E-01  0.9387511     
 0.2583333E-01  0.9305633     
 0.2750000E-01  0.8251648     
 0.2916667E-01  0.6939737     
 0.3083333E-01  0.7419056     
 0.3250000E-01  0.7902342     
 0.3416666E-01  0.7159628     
 0.3583334E-01  0.5889189     
 0.3750000E-01  0.4343112     
 0.3916667E-01  0.3642307     
 0.4083334E-01  0.2945752     
 0.4250000E-01  0.1143882     
 0.4416666E-01  0.1245732     
 0.4583333E-01  0.9797946E-01 
 0.4750000E-01  0.1374032     
 0.4916666E-01  0.2701110     
 0.5083333E-01  0.3408459     
 0.5250000E-01  0.3778830     
 0.5416667E-01  0.3686759     
 0.5583333E-01  0.4149576     
 0.5750000E-01  0.3596117     
 0.5916666E-01  0.2701341     
 0.6083334E-01  0.1927109     
 0.6250000E-01  0.8568377E-01 
 0.6416667E-01  0.9878125E-01 
 0.6583333E-01  0.1399378     
 0.6750000E-01  0.2153725     
 0.6916667E-01  0.3151120     
 0.7083333E-01  0.4027251     
 0.7250000E-01  0.3526160     
 0.7416667E-01  0.2807106     
 0.7583334E-01  0.1773665     
 0.7749999E-01  0.1107232     
 0.7916667E-01  0.9113113E-01 
 0.8083334E-01  0.2414460     
 0.8250000E-01  0.2682125     
 0.8416667E-01  0.3509046     
 0.8583333E-01  0.2898582     
 0.8750000E-01  0.1817992     
 0.8916666E-01  0.1073153     
 0.9083333E-01  0.7292936E-01 
 0.9250000E-01  0.1822465     
 0.9416667E-01  0.2430140     
 0.9583333E-01  0.2814696     
 0.9750000E-01  0.2185797     
 0.9916665E-01  0.1028029     
 0.1008333      0.7483437E-01 
 0.1025000      0.1231851     
 0.1041667      0.1810189     
 0.1058333      0.2341355     
 0.1075000      0.1814662     
 0.1091667      0.1156565     
 0.1108333      0.4160983E-01 
 0.1125000      0.1449998     
 0.1141667      0.1835372     
 0.1158333      0.1810011     
 0.1175000      0.1156486     
 0.1191667      0.5780540E-01 
 0.1208333      0.8537628E-01 
 0.1225000      0.1577098     
 0.1241667      0.1642529     
 0.1258333      0.1155869     
 0.1275000      0.7414800E-01 
 0.1291667      0.8813920E-01 
 0.1308333      0.1396523     
 0.1325000      0.1365831     
 0.1341667      0.8464518E-01 
 0.1358333      0.4918265E-01 
 0.1375000      0.9948815E-01 
 0.1391667      0.1294071     
 0.1408333      0.1040177     
 0.1425000      0.6261556E-01 
 0.1441667      0.7878514E-01 
 0.1458333      0.1078465     
 0.1475000      0.9834924E-01 
 0.1491667      0.7485981E-01 
 0.1508333      0.7810003E-01 
 0.1525000      0.1105146     
 0.1541667      0.9884253E-01 
 0.1558333      0.7408688E-01 
 0.1575000      0.4888510E-01 
 0.1591667      0.9248131E-01 
 0.1608333      0.9095494E-01 
 0.1625000      0.4175940E-01 
 0.1641667      0.5971342E-01 
 0.1658333      0.1320976     
