# SumMovie FRC for input stack : stack11.mrc
# Number of micrographs: 1
# Number of frames per movie: 50
# Pixel size (A): 3.0000
# 1/(A)          FRC
# -----------------------
# 
# Micrograph 1 of 1. Score: .577
 0.8333334E-03  0.9999998     
 0.2500000E-02  0.8505407     
 0.4166666E-02  0.8707613     
 0.5833333E-02  0.8517588     
 0.7499999E-02  0.8578157     
 0.9166666E-02  0.7376373     
 0.1083333E-01  0.6259728     
 0.1250000E-01  0.8535728     
 0.1416667E-01  0.9151749     
 0.1583333E-01  0.9441761     
 0.1750000E-01  0.9081483     
 0.1916667E-01  0.6559627     
 0.2083333E-01  0.7416625     
 0.2250000E-01  0.8762447     
 0.2416667E-01  0.9242902     
 0.2583333E-01  0.8934411     
 0.2750000E-01  0.7462356     
 0.2916667E-01  0.6508741     
 0.3083333E-01  0.7185486     
 0.3250000E-01  0.7770052     
 0.3416666E-01  0.7299837     
 0.3583334E-01  0.5950313     
 0.3750000E-01  0.5319052     
 0.3916667E-01  0.5094479     
 0.4083334E-01  0.5214245     
 0.4250000E-01  0.4068191     
 0.4416666E-01  0.3426711     
 0.4583333E-01  0.2997387     
 0.4750000E-01  0.2191107     
 0.4916666E-01  0.1060729     
 0.5083333E-01  0.7596204E-01 
 0.5250000E-01  0.1380454     
 0.5416667E-01  0.1455302     
 0.5583333E-01  0.2203550     
 0.5750000E-01  0.3004667     
 0.5916666E-01  0.3794900     
 0.6083334E-01  0.3612840     
 0.6250000E-01  0.4201665     
 0.6416667E-01  0.4038806     
 0.6583333E-01  0.3279265     
 0.6750000E-01  0.3055494     
 0.6916667E-01  0.1855028     
 0.7083333E-01  0.1075189     
 0.7250000E-01  0.7104821E-01 
 0.7416667E-01  0.1102191     
 0.7583334E-01  0.2023688     
 0.7749999E-01  0.2819696     
 0.7916667E-01  0.3226627     
 0.8083334E-01  0.3749346     
 0.8250000E-01  0.3343544     
 0.8416667E-01  0.3131429     
 0.8583333E-01  0.2116113     
 0.8750000E-01  0.1022567     
 0.8916666E-01  0.7007398E-01 
 0.9083333E-01  0.1346771     
 0.9250000E-01  0.2365751     
 0.9416667E-01  0.2944467     
 0.9583333E-01  0.3020771     
 0.9750000E-01  0.2676397     
 0.9916665E-01  0.2275728     
 0.1008333      0.1085304     
 0.1025000      0.5094777E-01 
 0.1041667      0.1183429     
 0.1058333      0.2014042     
 0.1075000      0.2380192     
 0.1091667      0.2404742     
 0.1108333      0.2023979     
 0.1125000      0.1390197     
 0.1141667      0.7266621E-01 
 0.1158333      0.8636716E-01 
 0.1175000      0.1473199     
 0.1191667      0.1814431     
 0.1208333      0.1646212     
 0.1225000      0.1377701     
 0.1241667      0.7649880E-01 
 0.1258333      0.7245705E-01 
 0.1275000      0.9429187E-01 
 0.1291667      0.1495894     
 0.1308333      0.1703810     
 0.1325000      0.1692014     
 0.1341667      0.9293091E-01 
 0.1358333      0.5270920E-01 
 0.1375000      0.1039816     
 0.1391667      0.1061503     
 0.1408333      0.1375241     
 0.1425000      0.1075982     
 0.1441667      0.7697885E-01 
 0.1458333      0.5752864E-01 
 0.1475000      0.6034334E-01 
 0.1491667      0.1182090     
 0.1508333      0.1114277     
 0.1525000      0.8892446E-01 
 0.1541667      0.7282390E-01 
 0.1558333      0.7137001E-01 
 0.1575000      0.1224072     
 0.1591667      0.7925127E-01 
 0.1608333      0.7233096E-01 
 0.1625000      0.6094395E-01 
 0.1641667      0.8355828E-01 
 0.1658333      0.1035872     
