# SumMovie FRC for input stack : stack16.mrc
# Number of micrographs: 1
# Number of frames per movie: 50
# Pixel size (A): 3.0000
# 1/(A)          FRC
# -----------------------
# 
# Micrograph 1 of 1. Score: .539
 0.8333334E-03  0.9999994     
 0.2500000E-02  0.9671850     
 0.4166666E-02  0.9454398     
 0.5833333E-02  0.9119467     
 0.7499999E-02  0.8964364     
 0.9166666E-02  0.8416885     
 0.1083333E-01  0.7763214     
 0.1250000E-01  0.8835942     
 0.1416667E-01  0.9354633     
 0.1583333E-01  0.9656596     
 0.1750000E-01  0.9459157     
 0.1916667E-01  0.7764507     
 0.2083333E-01  0.8033953     
 0.2250000E-01  0.9021269     
 0.2416667E-01  0.9427986     
 0.2583333E-01  0.9338645     
 0.2750000E-01  0.8304114     
 0.2916667E-01  0.7042094     
 0.3083333E-01  0.7527529     
 0.3250000E-01  0.7966653     
 0.3416666E-01  0.7321508     
 0.3583334E-01  0.6053278     
 0.3750000E-01  0.4401624     
 0.3916667E-01  0.3796053     
 0.4083334E-01  0.2932435     
 0.4250000E-01  0.1237897     
 0.4416666E-01  0.1243659     
 0.4583333E-01  0.8787752E-01 
 0.4750000E-01  0.1499196     
 0.4916666E-01  0.2704602     
 0.5083333E-01  0.3436684     
 0.5250000E-01  0.3906150     
 0.5416667E-01  0.3801505     
 0.5583333E-01  0.4236882     
 0.5750000E-01  0.3609883     
 0.5916666E-01  0.2807494     
 0.6083334E-01  0.1852421     
 0.6250000E-01  0.8490786E-01 
 0.6416667E-01  0.1087720     
 0.6583333E-01  0.1409669     
 0.6750000E-01  0.2112698     
 0.6916667E-01  0.3145434     
 0.7083333E-01  0.4077666     
 0.7250000E-01  0.3693946     
 0.7416667E-01  0.3037186     
 0.7583334E-01  0.1834329     
 0.7749999E-01  0.1190495     
 0.7916667E-01  0.9759826E-01 
 0.8083334E-01  0.2530436     
 0.8250000E-01  0.2763452     
 0.8416667E-01  0.3633459     
 0.8583333E-01  0.3002762     
 0.8750000E-01  0.1914577     
 0.8916666E-01  0.1180849     
 0.9083333E-01  0.8130690E-01 
 0.9250000E-01  0.1914051     
 0.9416667E-01  0.2612507     
 0.9583333E-01  0.2790783     
 0.9750000E-01  0.2176221     
 0.9916665E-01  0.1024354     
 0.1008333      0.6693743E-01 
 0.1025000      0.1248469     
 0.1041667      0.1913770     
 0.1058333      0.2442618     
 0.1075000      0.1866930     
 0.1091667      0.1128975     
 0.1108333      0.5905088E-01 
 0.1125000      0.1443933     
 0.1141667      0.1992209     
 0.1158333      0.1932149     
 0.1175000      0.1173803     
 0.1191667      0.5172439E-01 
 0.1208333      0.9535986E-01 
 0.1225000      0.1625507     
 0.1241667      0.1743412     
 0.1258333      0.1090698     
 0.1275000      0.6922023E-01 
 0.1291667      0.9322898E-01 
 0.1308333      0.1220781     
 0.1325000      0.1356408     
 0.1341667      0.7921884E-01 
 0.1358333      0.5207583E-01 
 0.1375000      0.1125713     
 0.1391667      0.1385289     
 0.1408333      0.9573972E-01 
 0.1425000      0.7702594E-01 
 0.1441667      0.8010276E-01 
 0.1458333      0.1140734     
 0.1475000      0.9982169E-01 
 0.1491667      0.6583479E-01 
 0.1508333      0.6751787E-01 
 0.1525000      0.9935571E-01 
 0.1541667      0.8794342E-01 
 0.1558333      0.7212292E-01 
 0.1575000      0.5298042E-01 
 0.1591667      0.8828787E-01 
 0.1608333      0.9487201E-01 
 0.1625000      0.4897562E-01 
 0.1641667      0.6338217E-01 
 0.1658333      0.1364897     
