# SumMovie FRC for input stack : stack6.mrc
# Number of micrographs: 1
# Number of frames per movie: 50
# Pixel size (A): 3.0000
# 1/(A)          FRC
# -----------------------
# 
# Micrograph 1 of 1. Score: .574
 0.8333334E-03  0.9999999     
 0.2500000E-02  0.9513476     
 0.4166666E-02  0.9316587     
 0.5833333E-02  0.8461798     
 0.7499999E-02  0.8649120     
 0.9166666E-02  0.6725365     
 0.1083333E-01  0.6541501     
 0.1250000E-01  0.8458908     
 0.1416667E-01  0.8828474     
 0.1583333E-01  0.9308916     
 0.1750000E-01  0.8905786     
 0.1916667E-01  0.6000072     
 0.2083333E-01  0.6601483     
 0.2250000E-01  0.8272989     
 0.2416667E-01  0.8907602     
 0.2583333E-01  0.8426986     
 0.2750000E-01  0.7193083     
 0.2916667E-01  0.6130967     
 0.3083333E-01  0.6727550     
 0.3250000E-01  0.7157314     
 0.3416666E-01  0.6821178     
 0.3583334E-01  0.5734866     
 0.3750000E-01  0.5207827     
 0.3916667E-01  0.5032935     
 0.4083334E-01  0.5352643     
 0.4250000E-01  0.4342559     
 0.4416666E-01  0.3672519     
 0.4583333E-01  0.3353468     
 0.4750000E-01  0.2845522     
 0.4916666E-01  0.2118226     
 0.5083333E-01  0.1183379     
 0.5250000E-01  0.1431298     
 0.5416667E-01  0.9002435E-01 
 0.5583333E-01  0.1297410     
 0.5750000E-01  0.1298126     
 0.5916666E-01  0.2081710     
 0.6083334E-01  0.2679909     
 0.6250000E-01  0.2882383     
 0.6416667E-01  0.3299776     
 0.6583333E-01  0.3277897     
 0.6750000E-01  0.3333933     
 0.6916667E-01  0.3161332     
 0.7083333E-01  0.2671556     
 0.7250000E-01  0.2134243     
 0.7416667E-01  0.1444897     
 0.7583334E-01  0.1020493     
 0.7749999E-01  0.8929316E-01 
 0.7916667E-01  0.9545545E-01 
 0.8083334E-01  0.1718190     
 0.8250000E-01  0.2109291     
 0.8416667E-01  0.2662278     
 0.8583333E-01  0.2854100     
 0.8750000E-01  0.2624438     
 0.8916666E-01  0.2535136     
 0.9083333E-01  0.1324864     
 0.9250000E-01  0.1278417     
 0.9416667E-01  0.8473900E-01 
 0.9583333E-01  0.1278080     
 0.9750000E-01  0.1286309     
 0.9916665E-01  0.1668630     
 0.1008333      0.1901044     
 0.1025000      0.2110821     
 0.1041667      0.1959590     
 0.1058333      0.1434008     
 0.1075000      0.1067853     
 0.1091667      0.5563595E-01 
 0.1108333      0.8220235E-01 
 0.1125000      0.1364041     
 0.1141667      0.1725993     
 0.1158333      0.1956514     
 0.1175000      0.1580691     
 0.1191667      0.1396776     
 0.1208333      0.9589385E-01 
 0.1225000      0.6935682E-01 
 0.1241667      0.9155525E-01 
 0.1258333      0.9826382E-01 
 0.1275000      0.1491106     
 0.1291667      0.1387829     
 0.1308333      0.1363052     
 0.1325000      0.6558353E-01 
 0.1341667      0.5488531E-01 
 0.1358333      0.1118666     
 0.1375000      0.9070674E-01 
 0.1391667      0.9493142E-01 
 0.1408333      0.1189843     
 0.1425000      0.1036120     
 0.1441667      0.8017125E-01 
 0.1458333      0.8004395E-01 
 0.1475000      0.8911150E-01 
 0.1491667      0.1177868     
 0.1508333      0.1276658     
 0.1525000      0.9836678E-01 
 0.1541667      0.6536145E-01 
 0.1558333      0.9394475E-01 
 0.1575000      0.8435549E-01 
 0.1591667      0.9774385E-01 
 0.1608333      0.1175151     
 0.1625000      0.8735925E-01 
 0.1641667      0.8209572E-01 
 0.1658333      0.5997144E-01 
