# SumMovie FRC for input stack : stack1.mrc
# Number of micrographs: 1
# Number of frames per movie: 50
# Pixel size (A): 3.0000
# 1/(A)          FRC
# -----------------------
# 
# Micrograph 1 of 1. Score: .546
 0.8333334E-03  0.9999993     
 0.2500000E-02  0.9744575     
 0.4166666E-02  0.9570237     
 0.5833333E-02  0.9207276     
 0.7499999E-02  0.9048584     
 0.9166666E-02  0.7499555     
 0.1083333E-01  0.7273869     
 0.1250000E-01  0.8560909     
 0.1416667E-01  0.9223157     
 0.1583333E-01  0.9261954     
 0.1750000E-01  0.8740551     
 0.1916667E-01  0.6747739     
 0.2083333E-01  0.7638312     
 0.2250000E-01  0.8704234     
 0.2416667E-01  0.9033992     
 0.2583333E-01  0.8719837     
 0.2750000E-01  0.7480271     
 0.2916667E-01  0.6440380     
 0.3083333E-01  0.7090030     
 0.3250000E-01  0.7380164     
 0.3416666E-01  0.6844076     
 0.3583334E-01  0.5452011     
 0.3750000E-01  0.4822048     
 0.3916667E-01  0.4608156     
 0.4083334E-01  0.4486825     
 0.4250000E-01  0.4003853     
 0.4416666E-01  0.2581931     
 0.4583333E-01  0.1691445     
 0.4750000E-01  0.1878246     
 0.4916666E-01  0.9640823E-01 
 0.5083333E-01  0.6267798E-01 
 0.5250000E-01  0.6731514E-01 
 0.5416667E-01  0.1263850     
 0.5583333E-01  0.1862091     
 0.5750000E-01  0.2511206     
 0.5916666E-01  0.3155687     
 0.6083334E-01  0.3426057     
 0.6250000E-01  0.3283949     
 0.6416667E-01  0.2986956     
 0.6583333E-01  0.2708657     
 0.6750000E-01  0.1614708     
 0.6916667E-01  0.1338318     
 0.7083333E-01  0.8574810E-01 
 0.7250000E-01  0.7005738E-01 
 0.7416667E-01  0.1056659     
 0.7583334E-01  0.1647468     
 0.7749999E-01  0.2474529     
 0.7916667E-01  0.2987810     
 0.8083334E-01  0.2867921     
 0.8250000E-01  0.2837460     
 0.8416667E-01  0.2240717     
 0.8583333E-01  0.1228455     
 0.8750000E-01  0.6138717E-01 
 0.8916666E-01  0.3217314E-01 
 0.9083333E-01  0.1282841     
 0.9250000E-01  0.1930605     
 0.9416667E-01  0.2368596     
 0.9583333E-01  0.2473202     
 0.9750000E-01  0.1964482     
 0.9916665E-01  0.1090256     
 0.1008333      0.6595128E-01 
 0.1025000      0.4412078E-01 
 0.1041667      0.1205646     
 0.1058333      0.1529022     
 0.1075000      0.1578991     
 0.1091667      0.1725403     
 0.1108333      0.1293833     
 0.1125000      0.1235072     
 0.1141667      0.3935915E-01 
 0.1158333      0.6350359E-01 
 0.1175000      0.1084277     
 0.1191667      0.1081020     
 0.1208333      0.1120808     
 0.1225000      0.9809934E-01 
 0.1241667      0.4509845E-01 
 0.1258333      0.3816779E-01 
 0.1275000      0.5762577E-01 
 0.1291667      0.1105830     
 0.1308333      0.1209415     
 0.1325000      0.6556946E-01 
 0.1341667      0.4726644E-01 
 0.1358333      0.2974476E-01 
 0.1375000      0.1030266     
 0.1391667      0.6221980E-01 
 0.1408333      0.1070829     
 0.1425000      0.6639916E-01 
 0.1441667      0.3136759E-01 
 0.1458333      0.3030214E-01 
 0.1475000      0.7257564E-01 
 0.1491667      0.5716902E-01 
 0.1508333      0.6490157E-01 
 0.1525000      0.2782128E-01 
 0.1541667      0.5506466E-01 
 0.1558333      0.8422761E-01 
 0.1575000      0.4489160E-01 
 0.1591667      0.2153967E-01 
 0.1608333      0.3057964E-01 
 0.1625000      0.4862403E-01 
 0.1641667      0.3564063E-01 
 0.1658333      0.3129524E-01 
