# SumMovie FRC for input stack : stack6.mrc
# Number of micrographs: 1
# Number of frames per movie: 50
# Pixel size (A): 3.0000
# 1/(A)          FRC
# -----------------------
# 
# Micrograph 1 of 1. Score: .592
 0.8333334E-03  0.9999999     
 0.2500000E-02  0.9512900     
 0.4166666E-02  0.9319614     
 0.5833333E-02  0.8474905     
 0.7499999E-02  0.8653390     
 0.9166666E-02  0.6786825     
 0.1083333E-01  0.6583637     
 0.1250000E-01  0.8498622     
 0.1416667E-01  0.8879929     
 0.1583333E-01  0.9352732     
 0.1750000E-01  0.8940635     
 0.1916667E-01  0.6005221     
 0.2083333E-01  0.6728213     
 0.2250000E-01  0.8433510     
 0.2416667E-01  0.9027647     
 0.2583333E-01  0.8572544     
 0.2750000E-01  0.7354353     
 0.2916667E-01  0.6255627     
 0.3083333E-01  0.6982612     
 0.3250000E-01  0.7292511     
 0.3416666E-01  0.7027060     
 0.3583334E-01  0.6008592     
 0.3750000E-01  0.5387383     
 0.3916667E-01  0.5312571     
 0.4083334E-01  0.5750552     
 0.4250000E-01  0.4579816     
 0.4416666E-01  0.3963246     
 0.4583333E-01  0.3648135     
 0.4750000E-01  0.3037591     
 0.4916666E-01  0.2233067     
 0.5083333E-01  0.1346216     
 0.5250000E-01  0.1174228     
 0.5416667E-01  0.6170663E-01 
 0.5583333E-01  0.9963112E-01 
 0.5750000E-01  0.1219931     
 0.5916666E-01  0.1981746     
 0.6083334E-01  0.2707601     
 0.6250000E-01  0.2911299     
 0.6416667E-01  0.3458316     
 0.6583333E-01  0.3749390     
 0.6750000E-01  0.3496572     
 0.6916667E-01  0.3463084     
 0.7083333E-01  0.2918633     
 0.7250000E-01  0.2222054     
 0.7416667E-01  0.1232016     
 0.7583334E-01  0.7808648E-01 
 0.7749999E-01  0.6715904E-01 
 0.7916667E-01  0.7859408E-01 
 0.8083334E-01  0.1860159     
 0.8250000E-01  0.2317174     
 0.8416667E-01  0.2975795     
 0.8583333E-01  0.3109834     
 0.8750000E-01  0.2919734     
 0.8916666E-01  0.2441370     
 0.9083333E-01  0.1635303     
 0.9250000E-01  0.8604480E-01 
 0.9416667E-01  0.4623704E-01 
 0.9583333E-01  0.8707885E-01 
 0.9750000E-01  0.8804091E-01 
 0.9916665E-01  0.1445487     
 0.1008333      0.2181953     
 0.1025000      0.2400051     
 0.1041667      0.1722361     
 0.1058333      0.1474709     
 0.1075000      0.8093185E-01 
 0.1091667      0.7712226E-01 
 0.1108333      0.4468069E-01 
 0.1125000      0.8823670E-01 
 0.1141667      0.1422507     
 0.1158333      0.1918093     
 0.1175000      0.1724545     
 0.1191667      0.1303509     
 0.1208333      0.4262537E-01 
 0.1225000      0.4370686E-01 
 0.1241667      0.4028610E-01 
 0.1258333      0.1052510     
 0.1275000      0.1232273     
 0.1291667      0.1269736     
 0.1308333      0.1112451     
 0.1325000      0.5670624E-01 
 0.1341667      0.4862449E-01 
 0.1358333      0.7533188E-01 
 0.1375000      0.7158280E-01 
 0.1391667      0.1038352     
 0.1408333      0.9138405E-01 
 0.1425000      0.7042351E-01 
 0.1441667      0.5788200E-01 
 0.1458333      0.4129872E-01 
 0.1475000      0.4741395E-01 
 0.1491667      0.7881799E-01 
 0.1508333      0.9444575E-01 
 0.1525000      0.6824998E-01 
 0.1541667      0.4708672E-01 
 0.1558333      0.3666462E-01 
 0.1575000      0.7458232E-01 
 0.1591667      0.8230484E-01 
 0.1608333      0.7768811E-01 
 0.1625000      0.7605738E-01 
 0.1641667      0.6239185E-01 
 0.1658333      0.2856720E-01 
