# SumMovie FRC for input stack : stack6.mrc
# Number of micrographs: 1
# Number of frames per movie: 50
# Pixel size (A): 3.0000
# 1/(A)          FRC
# -----------------------
# 
# Micrograph 1 of 1. Score: .592
 0.8333334E-03  0.9999999     
 0.2500000E-02  0.9513001     
 0.4166666E-02  0.9319500     
 0.5833333E-02  0.8474523     
 0.7499999E-02  0.8653675     
 0.9166666E-02  0.6784439     
 0.1083333E-01  0.6583248     
 0.1250000E-01  0.8497997     
 0.1416667E-01  0.8879569     
 0.1583333E-01  0.9352127     
 0.1750000E-01  0.8940299     
 0.1916667E-01  0.6006777     
 0.2083333E-01  0.6728436     
 0.2250000E-01  0.8430127     
 0.2416667E-01  0.9025902     
 0.2583333E-01  0.8572932     
 0.2750000E-01  0.7352863     
 0.2916667E-01  0.6258448     
 0.3083333E-01  0.6978344     
 0.3250000E-01  0.7292989     
 0.3416666E-01  0.7026691     
 0.3583334E-01  0.6005496     
 0.3750000E-01  0.5389983     
 0.3916667E-01  0.5313650     
 0.4083334E-01  0.5749228     
 0.4250000E-01  0.4582289     
 0.4416666E-01  0.3961881     
 0.4583333E-01  0.3655736     
 0.4750000E-01  0.3031242     
 0.4916666E-01  0.2233133     
 0.5083333E-01  0.1350964     
 0.5250000E-01  0.1184318     
 0.5416667E-01  0.6279165E-01 
 0.5583333E-01  0.9998275E-01 
 0.5750000E-01  0.1219567     
 0.5916666E-01  0.1992884     
 0.6083334E-01  0.2714309     
 0.6250000E-01  0.2927173     
 0.6416667E-01  0.3456655     
 0.6583333E-01  0.3739876     
 0.6750000E-01  0.3496980     
 0.6916667E-01  0.3470894     
 0.7083333E-01  0.2920101     
 0.7250000E-01  0.2230037     
 0.7416667E-01  0.1256993     
 0.7583334E-01  0.7837819E-01 
 0.7749999E-01  0.6940302E-01 
 0.7916667E-01  0.7845827E-01 
 0.8083334E-01  0.1863082     
 0.8250000E-01  0.2302647     
 0.8416667E-01  0.2977248     
 0.8583333E-01  0.3111928     
 0.8750000E-01  0.2922640     
 0.8916666E-01  0.2445213     
 0.9083333E-01  0.1629032     
 0.9250000E-01  0.8636477E-01 
 0.9416667E-01  0.4862491E-01 
 0.9583333E-01  0.8728943E-01 
 0.9750000E-01  0.8917456E-01 
 0.9916665E-01  0.1435472     
 0.1008333      0.2177242     
 0.1025000      0.2414831     
 0.1041667      0.1724303     
 0.1058333      0.1500006     
 0.1075000      0.8182615E-01 
 0.1091667      0.7509830E-01 
 0.1108333      0.4529915E-01 
 0.1125000      0.8664861E-01 
 0.1141667      0.1426701     
 0.1158333      0.1919021     
 0.1175000      0.1721204     
 0.1191667      0.1311529     
 0.1208333      0.4325111E-01 
 0.1225000      0.4401566E-01 
 0.1241667      0.3769812E-01 
 0.1258333      0.1049381     
 0.1275000      0.1244476     
 0.1291667      0.1278578     
 0.1308333      0.1148915     
 0.1325000      0.5922055E-01 
 0.1341667      0.4991553E-01 
 0.1358333      0.7519805E-01 
 0.1375000      0.7040549E-01 
 0.1391667      0.1038557     
 0.1408333      0.9134763E-01 
 0.1425000      0.7124615E-01 
 0.1441667      0.5972910E-01 
 0.1458333      0.4079194E-01 
 0.1475000      0.5044090E-01 
 0.1491667      0.7712273E-01 
 0.1508333      0.9438391E-01 
 0.1525000      0.6800818E-01 
 0.1541667      0.4786820E-01 
 0.1558333      0.3775066E-01 
 0.1575000      0.7402053E-01 
 0.1591667      0.8355682E-01 
 0.1608333      0.7590716E-01 
 0.1625000      0.7732316E-01 
 0.1641667      0.5960239E-01 
 0.1658333      0.3027335E-01 
