# SumMovie FRC for input stack : stack6.mrc
# Number of micrographs: 1
# Number of frames per movie: 50
# Pixel size (A): 3.0000
# 1/(A)          FRC
# -----------------------
# 
# Micrograph 1 of 1. Score: .567
 0.8333334E-03  0.9999999     
 0.2500000E-02  0.9513118     
 0.4166666E-02  0.9316448     
 0.5833333E-02  0.8460748     
 0.7499999E-02  0.8644620     
 0.9166666E-02  0.6710901     
 0.1083333E-01  0.6525006     
 0.1250000E-01  0.8451812     
 0.1416667E-01  0.8813629     
 0.1583333E-01  0.9297794     
 0.1750000E-01  0.8892146     
 0.1916667E-01  0.5986382     
 0.2083333E-01  0.6567124     
 0.2250000E-01  0.8234534     
 0.2416667E-01  0.8875977     
 0.2583333E-01  0.8383703     
 0.2750000E-01  0.7141699     
 0.2916667E-01  0.6056099     
 0.3083333E-01  0.6641000     
 0.3250000E-01  0.7069981     
 0.3416666E-01  0.6749598     
 0.3583334E-01  0.5646306     
 0.3750000E-01  0.5091584     
 0.3916667E-01  0.4919107     
 0.4083334E-01  0.5193443     
 0.4250000E-01  0.4258975     
 0.4416666E-01  0.3617443     
 0.4583333E-01  0.3234711     
 0.4750000E-01  0.2783957     
 0.4916666E-01  0.2050893     
 0.5083333E-01  0.1187098     
 0.5250000E-01  0.1474917     
 0.5416667E-01  0.9312355E-01 
 0.5583333E-01  0.1359430     
 0.5750000E-01  0.1294652     
 0.5916666E-01  0.2004288     
 0.6083334E-01  0.2581601     
 0.6250000E-01  0.2834616     
 0.6416667E-01  0.3158683     
 0.6583333E-01  0.3148523     
 0.6750000E-01  0.3234262     
 0.6916667E-01  0.3107327     
 0.7083333E-01  0.2566413     
 0.7250000E-01  0.2093515     
 0.7416667E-01  0.1465997     
 0.7583334E-01  0.1030569     
 0.7749999E-01  0.8761469E-01 
 0.7916667E-01  0.1039936     
 0.8083334E-01  0.1701135     
 0.8250000E-01  0.2067664     
 0.8416667E-01  0.2565266     
 0.8583333E-01  0.2797182     
 0.8750000E-01  0.2553031     
 0.8916666E-01  0.2582696     
 0.9083333E-01  0.1291516     
 0.9250000E-01  0.1346426     
 0.9416667E-01  0.9062900E-01 
 0.9583333E-01  0.1348324     
 0.9750000E-01  0.1385181     
 0.9916665E-01  0.1722629     
 0.1008333      0.1884388     
 0.1025000      0.2034301     
 0.1041667      0.2009204     
 0.1058333      0.1406131     
 0.1075000      0.1157095     
 0.1091667      0.6891472E-01 
 0.1108333      0.8844659E-01 
 0.1125000      0.1464404     
 0.1141667      0.1678295     
 0.1158333      0.1997269     
 0.1175000      0.1683922     
 0.1191667      0.1466660     
 0.1208333      0.1146512     
 0.1225000      0.8382909E-01 
 0.1241667      0.1107441     
 0.1258333      0.1088211     
 0.1275000      0.1627792     
 0.1291667      0.1468985     
 0.1308333      0.1531945     
 0.1325000      0.7876068E-01 
 0.1341667      0.7208266E-01 
 0.1358333      0.1203009     
 0.1375000      0.1066161     
 0.1391667      0.1079828     
 0.1408333      0.1326757     
 0.1425000      0.1102668     
 0.1441667      0.9555254E-01 
 0.1458333      0.9620936E-01 
 0.1475000      0.1120781     
 0.1491667      0.1338517     
 0.1508333      0.1426467     
 0.1525000      0.1200261     
 0.1541667      0.8120686E-01 
 0.1558333      0.1130701     
 0.1575000      0.1009077     
 0.1591667      0.1173129     
 0.1608333      0.1384213     
 0.1625000      0.1056022     
 0.1641667      0.9483311E-01 
 0.1658333      0.7981350E-01 
