# SumMovie FRC for input stack : stack1.mrc
# Number of micrographs: 1
# Number of frames per movie: 50
# Pixel size (A): 3.0000
# 1/(A)          FRC
# -----------------------
# 
# Micrograph 1 of 1. Score: .514
 0.8333334E-03  0.9999990     
 0.2500000E-02  0.9745065     
 0.4166666E-02  0.9567723     
 0.5833333E-02  0.9213990     
 0.7499999E-02  0.9026728     
 0.9166666E-02  0.7447490     
 0.1083333E-01  0.7127769     
 0.1250000E-01  0.8426293     
 0.1416667E-01  0.9120640     
 0.1583333E-01  0.9154618     
 0.1750000E-01  0.8623295     
 0.1916667E-01  0.6506572     
 0.2083333E-01  0.7404186     
 0.2250000E-01  0.8522445     
 0.2416667E-01  0.8891640     
 0.2583333E-01  0.8504103     
 0.2750000E-01  0.7048154     
 0.2916667E-01  0.5827935     
 0.3083333E-01  0.6709628     
 0.3250000E-01  0.6861978     
 0.3416666E-01  0.6293423     
 0.3583334E-01  0.4987405     
 0.3750000E-01  0.4364282     
 0.3916667E-01  0.4008999     
 0.4083334E-01  0.4017507     
 0.4250000E-01  0.3515232     
 0.4416666E-01  0.2183721     
 0.4583333E-01  0.1304970     
 0.4750000E-01  0.1917176     
 0.4916666E-01  0.9938467E-01 
 0.5083333E-01  0.9317990E-01 
 0.5250000E-01  0.8715606E-01 
 0.5416667E-01  0.1087454     
 0.5583333E-01  0.1699145     
 0.5750000E-01  0.2108780     
 0.5916666E-01  0.2650481     
 0.6083334E-01  0.2904058     
 0.6250000E-01  0.2472124     
 0.6416667E-01  0.2228465     
 0.6583333E-01  0.2235480     
 0.6750000E-01  0.1350105     
 0.6916667E-01  0.1354456     
 0.7083333E-01  0.1084660     
 0.7250000E-01  0.6032779E-01 
 0.7416667E-01  0.7386950E-01 
 0.7583334E-01  0.1296090     
 0.7749999E-01  0.1805103     
 0.7916667E-01  0.2194931     
 0.8083334E-01  0.2205546     
 0.8250000E-01  0.1990671     
 0.8416667E-01  0.1458889     
 0.8583333E-01  0.9012785E-01 
 0.8750000E-01  0.6027099E-01 
 0.8916666E-01  0.1396746E-01 
 0.9083333E-01  0.7798845E-01 
 0.9250000E-01  0.1186456     
 0.9416667E-01  0.1725389     
 0.9583333E-01  0.1957809     
 0.9750000E-01  0.1463838     
 0.9916665E-01  0.8465669E-01 
 0.1008333      0.6505199E-01 
 0.1025000      0.2392490E-01 
 0.1041667      0.9739315E-01 
 0.1058333      0.1405570     
 0.1075000      0.1534773     
 0.1091667      0.1328092     
 0.1108333      0.1147675     
 0.1125000      0.1140260     
 0.1141667      0.5979392E-01 
 0.1158333      0.4298227E-01 
 0.1175000      0.8049195E-01 
 0.1191667      0.1133239     
 0.1208333      0.8164594E-01 
 0.1225000      0.7268064E-01 
 0.1241667      0.5910211E-01 
 0.1258333      0.3949992E-01 
 0.1275000      0.2275321E-01 
 0.1291667      0.1161220     
 0.1308333      0.7751790E-01 
 0.1325000      0.6657829E-01 
 0.1341667      0.2816174E-01 
 0.1358333      0.4159033E-01 
 0.1375000      0.5401261E-01 
 0.1391667      0.7084107E-01 
 0.1408333      0.7979352E-01 
 0.1425000      0.7021569E-01 
 0.1441667      0.3831360E-01 
 0.1458333      0.4098918E-01 
 0.1475000      0.7651456E-01 
 0.1491667      0.6141872E-01 
 0.1508333      0.5207995E-01 
 0.1525000      0.3793427E-01 
 0.1541667      0.5689369E-01 
 0.1558333      0.5866486E-01 
 0.1575000      0.4153204E-01 
 0.1591667      0.1867731E-01 
 0.1608333      0.3875126E-01 
 0.1625000      0.5741198E-01 
 0.1641667      0.6971839E-01 
 0.1658333      0.4226216E-01 
