# SumMovie FRC for input stack : stack6.mrc
# Number of micrographs: 1
# Number of frames per movie: 50
# Pixel size (A): 3.0000
# 1/(A)          FRC
# -----------------------
# 
# Micrograph 1 of 1. Score: .584
 0.8333334E-03  0.9999999     
 0.2500000E-02  0.9514204     
 0.4166666E-02  0.9316805     
 0.5833333E-02  0.8463907     
 0.7499999E-02  0.8656796     
 0.9166666E-02  0.6748825     
 0.1083333E-01  0.6564913     
 0.1250000E-01  0.8468421     
 0.1416667E-01  0.8851208     
 0.1583333E-01  0.9326696     
 0.1750000E-01  0.8924115     
 0.1916667E-01  0.6011757     
 0.2083333E-01  0.6647986     
 0.2250000E-01  0.8330766     
 0.2416667E-01  0.8957201     
 0.2583333E-01  0.8492040     
 0.2750000E-01  0.7259330     
 0.2916667E-01  0.6231633     
 0.3083333E-01  0.6847505     
 0.3250000E-01  0.7258114     
 0.3416666E-01  0.6916906     
 0.3583334E-01  0.5870017     
 0.3750000E-01  0.5362385     
 0.3916667E-01  0.5194479     
 0.4083334E-01  0.5577105     
 0.4250000E-01  0.4474076     
 0.4416666E-01  0.3768321     
 0.4583333E-01  0.3531266     
 0.4750000E-01  0.2940150     
 0.4916666E-01  0.2190373     
 0.5083333E-01  0.1189078     
 0.5250000E-01  0.1305296     
 0.5416667E-01  0.7718254E-01 
 0.5583333E-01  0.1157628     
 0.5750000E-01  0.1275324     
 0.5916666E-01  0.2129361     
 0.6083334E-01  0.2758442     
 0.6250000E-01  0.2920818     
 0.6416667E-01  0.3474574     
 0.6583333E-01  0.3484339     
 0.6750000E-01  0.3437310     
 0.6916667E-01  0.3222637     
 0.7083333E-01  0.2812665     
 0.7250000E-01  0.2198127     
 0.7416667E-01  0.1360193     
 0.7583334E-01  0.9656847E-01 
 0.7749999E-01  0.8490992E-01 
 0.7916667E-01  0.8181536E-01 
 0.8083334E-01  0.1778940     
 0.8250000E-01  0.2182045     
 0.8416667E-01  0.2737309     
 0.8583333E-01  0.2874653     
 0.8750000E-01  0.2735453     
 0.8916666E-01  0.2419507     
 0.9083333E-01  0.1476207     
 0.9250000E-01  0.1111565     
 0.9416667E-01  0.6286298E-01 
 0.9583333E-01  0.1073601     
 0.9750000E-01  0.1036089     
 0.9916665E-01  0.1514480     
 0.1008333      0.2003698     
 0.1025000      0.2329273     
 0.1041667      0.1758593     
 0.1058333      0.1446345     
 0.1075000      0.9004463E-01 
 0.1091667      0.5048756E-01 
 0.1108333      0.6956369E-01 
 0.1125000      0.1002332     
 0.1141667      0.1633373     
 0.1158333      0.1876478     
 0.1175000      0.1500349     
 0.1191667      0.1375560     
 0.1208333      0.6443982E-01 
 0.1225000      0.5077240E-01 
 0.1241667      0.3998661E-01 
 0.1258333      0.9140616E-01 
 0.1275000      0.1306599     
 0.1291667      0.1300444     
 0.1308333      0.1158653     
 0.1325000      0.5495723E-01 
 0.1341667      0.4686812E-01 
 0.1358333      0.8605433E-01 
 0.1375000      0.6969896E-01 
 0.1391667      0.8507991E-01 
 0.1408333      0.1037966     
 0.1425000      0.8998770E-01 
 0.1441667      0.7022713E-01 
 0.1458333      0.4829895E-01 
 0.1475000      0.7096042E-01 
 0.1491667      0.8590519E-01 
 0.1508333      0.1024227     
 0.1525000      0.6959095E-01 
 0.1541667      0.4390608E-01 
 0.1558333      0.6750777E-01 
 0.1575000      0.6829733E-01 
 0.1591667      0.9422440E-01 
 0.1608333      0.7611530E-01 
 0.1625000      0.6808378E-01 
 0.1641667      0.7527090E-01 
 0.1658333      0.3369779E-01 
