# SumMovie FRC for input stack : stack11.mrc
# Number of micrographs: 1
# Number of frames per movie: 50
# Pixel size (A): 3.0000
# 1/(A)          FRC
# -----------------------
# 
# Micrograph 1 of 1. Score: .577
 0.8333334E-03  0.9999998     
 0.2500000E-02  0.8506049     
 0.4166666E-02  0.8708959     
 0.5833333E-02  0.8516582     
 0.7499999E-02  0.8579161     
 0.9166666E-02  0.7375842     
 0.1083333E-01  0.6257926     
 0.1250000E-01  0.8538800     
 0.1416667E-01  0.9154496     
 0.1583333E-01  0.9441909     
 0.1750000E-01  0.9082918     
 0.1916667E-01  0.6545639     
 0.2083333E-01  0.7417482     
 0.2250000E-01  0.8761711     
 0.2416667E-01  0.9247758     
 0.2583333E-01  0.8934262     
 0.2750000E-01  0.7466681     
 0.2916667E-01  0.6520401     
 0.3083333E-01  0.7203662     
 0.3250000E-01  0.7780983     
 0.3416666E-01  0.7318290     
 0.3583334E-01  0.5954626     
 0.3750000E-01  0.5329737     
 0.3916667E-01  0.5112316     
 0.4083334E-01  0.5214255     
 0.4250000E-01  0.4079928     
 0.4416666E-01  0.3424858     
 0.4583333E-01  0.3000513     
 0.4750000E-01  0.2181446     
 0.4916666E-01  0.1035367     
 0.5083333E-01  0.7571205E-01 
 0.5250000E-01  0.1386686     
 0.5416667E-01  0.1448408     
 0.5583333E-01  0.2176253     
 0.5750000E-01  0.3001087     
 0.5916666E-01  0.3836913     
 0.6083334E-01  0.3613593     
 0.6250000E-01  0.4230521     
 0.6416667E-01  0.4054017     
 0.6583333E-01  0.3288873     
 0.6750000E-01  0.3047186     
 0.6916667E-01  0.1828414     
 0.7083333E-01  0.1069757     
 0.7250000E-01  0.6522854E-01 
 0.7416667E-01  0.1093084     
 0.7583334E-01  0.2012793     
 0.7749999E-01  0.2840032     
 0.7916667E-01  0.3239943     
 0.8083334E-01  0.3784526     
 0.8250000E-01  0.3371513     
 0.8416667E-01  0.3166808     
 0.8583333E-01  0.2088020     
 0.8750000E-01  0.1005359     
 0.8916666E-01  0.6658783E-01 
 0.9083333E-01  0.1342487     
 0.9250000E-01  0.2394070     
 0.9416667E-01  0.2912685     
 0.9583333E-01  0.2978492     
 0.9750000E-01  0.2676142     
 0.9916665E-01  0.2198389     
 0.1008333      0.1049621     
 0.1025000      0.4009526E-01 
 0.1041667      0.1125985     
 0.1058333      0.1901326     
 0.1075000      0.2372757     
 0.1091667      0.2358107     
 0.1108333      0.1985072     
 0.1125000      0.1316050     
 0.1141667      0.6208123E-01 
 0.1158333      0.8182265E-01 
 0.1175000      0.1398389     
 0.1191667      0.1717727     
 0.1208333      0.1625529     
 0.1225000      0.1323768     
 0.1241667      0.7278826E-01 
 0.1258333      0.6359837E-01 
 0.1275000      0.8949919E-01 
 0.1291667      0.1437408     
 0.1308333      0.1678128     
 0.1325000      0.1631093     
 0.1341667      0.8748282E-01 
 0.1358333      0.4994329E-01 
 0.1375000      0.9180123E-01 
 0.1391667      0.1008090     
 0.1408333      0.1293029     
 0.1425000      0.1009536     
 0.1441667      0.6846372E-01 
 0.1458333      0.4459226E-01 
 0.1475000      0.5635933E-01 
 0.1491667      0.1115315     
 0.1508333      0.1009564     
 0.1525000      0.8115658E-01 
 0.1541667      0.6458730E-01 
 0.1558333      0.6257069E-01 
 0.1575000      0.1155293     
 0.1591667      0.7144924E-01 
 0.1608333      0.6236924E-01 
 0.1625000      0.5766374E-01 
 0.1641667      0.7167782E-01 
 0.1658333      0.9306274E-01 
