# SumMovie FRC for input stack : stack6.mrc
# Number of micrographs: 1
# Number of frames per movie: 50
# Pixel size (A): 3.0000
# 1/(A)          FRC
# -----------------------
# 
# Micrograph 1 of 1. Score: .591
 0.8333334E-03  0.9999999     
 0.2500000E-02  0.9513631     
 0.4166666E-02  0.9318533     
 0.5833333E-02  0.8471704     
 0.7499999E-02  0.8656188     
 0.9166666E-02  0.6773214     
 0.1083333E-01  0.6580563     
 0.1250000E-01  0.8489501     
 0.1416667E-01  0.8873564     
 0.1583333E-01  0.9346259     
 0.1750000E-01  0.8937435     
 0.1916667E-01  0.6010119     
 0.2083333E-01  0.6713387     
 0.2250000E-01  0.8404102     
 0.2416667E-01  0.9010904     
 0.2583333E-01  0.8557413     
 0.2750000E-01  0.7325341     
 0.2916667E-01  0.6271042     
 0.3083333E-01  0.6950799     
 0.3250000E-01  0.7288951     
 0.3416666E-01  0.7004309     
 0.3583334E-01  0.5977807     
 0.3750000E-01  0.5407153     
 0.3916667E-01  0.5299423     
 0.4083334E-01  0.5723692     
 0.4250000E-01  0.4572522     
 0.4416666E-01  0.3921381     
 0.4583333E-01  0.3662567     
 0.4750000E-01  0.2999138     
 0.4916666E-01  0.2222135     
 0.5083333E-01  0.1332651     
 0.5250000E-01  0.1203049     
 0.5416667E-01  0.6618658E-01 
 0.5583333E-01  0.1007037     
 0.5750000E-01  0.1227335     
 0.5916666E-01  0.2026566     
 0.6083334E-01  0.2718689     
 0.6250000E-01  0.2956890     
 0.6416667E-01  0.3447042     
 0.6583333E-01  0.3668477     
 0.6750000E-01  0.3477299     
 0.6916667E-01  0.3428352     
 0.7083333E-01  0.2882423     
 0.7250000E-01  0.2261604     
 0.7416667E-01  0.1361421     
 0.7583334E-01  0.8375454E-01 
 0.7749999E-01  0.7527187E-01 
 0.7916667E-01  0.7554021E-01 
 0.8083334E-01  0.1878004     
 0.8250000E-01  0.2231546     
 0.8416667E-01  0.2899629     
 0.8583333E-01  0.3066663     
 0.8750000E-01  0.2870286     
 0.8916666E-01  0.2470930     
 0.9083333E-01  0.1655021     
 0.9250000E-01  0.8897390E-01 
 0.9416667E-01  0.5889238E-01 
 0.9583333E-01  0.8456229E-01 
 0.9750000E-01  0.8687846E-01 
 0.9916665E-01  0.1443823     
 0.1008333      0.2104744     
 0.1025000      0.2389864     
 0.1041667      0.1793904     
 0.1058333      0.1496694     
 0.1075000      0.7995567E-01 
 0.1091667      0.7020036E-01 
 0.1108333      0.5566178E-01 
 0.1125000      0.8396368E-01 
 0.1141667      0.1462384     
 0.1158333      0.1901707     
 0.1175000      0.1752844     
 0.1191667      0.1470522     
 0.1208333      0.4999274E-01 
 0.1225000      0.4616297E-01 
 0.1241667      0.3273618E-01 
 0.1258333      0.1064023     
 0.1275000      0.1311222     
 0.1291667      0.1314755     
 0.1308333      0.1193346     
 0.1325000      0.6715970E-01 
 0.1341667      0.4821561E-01 
 0.1358333      0.7724482E-01 
 0.1375000      0.6757922E-01 
 0.1391667      0.1002877     
 0.1408333      0.9596380E-01 
 0.1425000      0.7559453E-01 
 0.1441667      0.6518374E-01 
 0.1458333      0.3526903E-01 
 0.1475000      0.5846805E-01 
 0.1491667      0.7576428E-01 
 0.1508333      0.9043864E-01 
 0.1525000      0.6457014E-01 
 0.1541667      0.4249129E-01 
 0.1558333      0.5084319E-01 
 0.1575000      0.6974526E-01 
 0.1591667      0.8865023E-01 
 0.1608333      0.7678587E-01 
 0.1625000      0.8112201E-01 
 0.1641667      0.6768695E-01 
 0.1658333      0.2360801E-01 
