# SumMovie FRC for input stack : stack1.mrc
# Number of micrographs: 1
# Number of frames per movie: 50
# Pixel size (A): 3.0000
# 1/(A)          FRC
# -----------------------
# 
# Micrograph 1 of 1. Score: .492
 0.8333334E-03  0.9999990     
 0.2500000E-02  0.9744689     
 0.4166666E-02  0.9565870     
 0.5833333E-02  0.9211842     
 0.7499999E-02  0.9017072     
 0.9166666E-02  0.7385648     
 0.1083333E-01  0.7065169     
 0.1250000E-01  0.8339210     
 0.1416667E-01  0.9052052     
 0.1583333E-01  0.9096486     
 0.1750000E-01  0.8503232     
 0.1916667E-01  0.6240783     
 0.2083333E-01  0.7187257     
 0.2250000E-01  0.8353457     
 0.2416667E-01  0.8737583     
 0.2583333E-01  0.8276004     
 0.2750000E-01  0.6703967     
 0.2916667E-01  0.5293067     
 0.3083333E-01  0.6339293     
 0.3250000E-01  0.6287462     
 0.3416666E-01  0.5733278     
 0.3583334E-01  0.4672004     
 0.3750000E-01  0.4170700     
 0.3916667E-01  0.3530620     
 0.4083334E-01  0.3491174     
 0.4250000E-01  0.3170270     
 0.4416666E-01  0.2086965     
 0.4583333E-01  0.1506583     
 0.4750000E-01  0.1763310     
 0.4916666E-01  0.1193642     
 0.5083333E-01  0.9795301E-01 
 0.5250000E-01  0.1146388     
 0.5416667E-01  0.1143613     
 0.5583333E-01  0.1742695     
 0.5750000E-01  0.2205650     
 0.5916666E-01  0.2331755     
 0.6083334E-01  0.2701764     
 0.6250000E-01  0.2358537     
 0.6416667E-01  0.2459724     
 0.6583333E-01  0.2216944     
 0.6750000E-01  0.1469157     
 0.6916667E-01  0.1549074     
 0.7083333E-01  0.1294322     
 0.7250000E-01  0.8102856E-01 
 0.7416667E-01  0.1086917     
 0.7583334E-01  0.1590834     
 0.7749999E-01  0.2094489     
 0.7916667E-01  0.2104163     
 0.8083334E-01  0.1997156     
 0.8250000E-01  0.2177994     
 0.8416667E-01  0.1798396     
 0.8583333E-01  0.1189955     
 0.8750000E-01  0.7694298E-01 
 0.8916666E-01  0.5752856E-01 
 0.9083333E-01  0.1340350     
 0.9250000E-01  0.1459842     
 0.9416667E-01  0.1794951     
 0.9583333E-01  0.1842659     
 0.9750000E-01  0.1669327     
 0.9916665E-01  0.1204703     
 0.1008333      0.1062682     
 0.1025000      0.6674091E-01 
 0.1041667      0.1072018     
 0.1058333      0.1718326     
 0.1075000      0.1477741     
 0.1091667      0.1491921     
 0.1108333      0.1274647     
 0.1125000      0.1132660     
 0.1141667      0.8679361E-01 
 0.1158333      0.6218542E-01 
 0.1175000      0.1078972     
 0.1191667      0.9325234E-01 
 0.1208333      0.1164846     
 0.1225000      0.8971500E-01 
 0.1241667      0.1022419     
 0.1258333      0.9291488E-01 
 0.1275000      0.8066490E-01 
 0.1291667      0.1190106     
 0.1308333      0.1305856     
 0.1325000      0.1125476     
 0.1341667      0.7061180E-01 
 0.1358333      0.8273558E-01 
 0.1375000      0.9922321E-01 
 0.1391667      0.1012155     
 0.1408333      0.1152960     
 0.1425000      0.7711524E-01 
 0.1441667      0.7608593E-01 
 0.1458333      0.9658019E-01 
 0.1475000      0.1196437     
 0.1491667      0.8243629E-01 
 0.1508333      0.1028218     
 0.1525000      0.7978342E-01 
 0.1541667      0.7801113E-01 
 0.1558333      0.7689704E-01 
 0.1575000      0.9883814E-01 
 0.1591667      0.8325834E-01 
 0.1608333      0.9586712E-01 
 0.1625000      0.7028417E-01 
 0.1641667      0.7943413E-01 
 0.1658333      0.8183771E-01 
