# SumMovie FRC for input stack : stack1.mrc
# Number of micrographs: 1
# Number of frames per movie: 50
# Pixel size (A): 3.0000
# 1/(A)          FRC
# -----------------------
# 
# Micrograph 1 of 1. Score: .531
 0.8333334E-03  0.9999990     
 0.2500000E-02  0.9744582     
 0.4166666E-02  0.9567930     
 0.5833333E-02  0.9214175     
 0.7499999E-02  0.9031077     
 0.9166666E-02  0.7481664     
 0.1083333E-01  0.7178872     
 0.1250000E-01  0.8486205     
 0.1416667E-01  0.9161428     
 0.1583333E-01  0.9187106     
 0.1750000E-01  0.8696618     
 0.1916667E-01  0.6655613     
 0.2083333E-01  0.7538626     
 0.2250000E-01  0.8630304     
 0.2416667E-01  0.8984075     
 0.2583333E-01  0.8651485     
 0.2750000E-01  0.7302601     
 0.2916667E-01  0.6215022     
 0.3083333E-01  0.6967521     
 0.3250000E-01  0.7229279     
 0.3416666E-01  0.6695728     
 0.3583334E-01  0.5296288     
 0.3750000E-01  0.4615262     
 0.3916667E-01  0.4365484     
 0.4083334E-01  0.4409171     
 0.4250000E-01  0.3746318     
 0.4416666E-01  0.2321216     
 0.4583333E-01  0.1343033     
 0.4750000E-01  0.1775812     
 0.4916666E-01  0.8831219E-01 
 0.5083333E-01  0.6896012E-01 
 0.5250000E-01  0.7344220E-01 
 0.5416667E-01  0.1017981     
 0.5583333E-01  0.1827313     
 0.5750000E-01  0.2195780     
 0.5916666E-01  0.3143493     
 0.6083334E-01  0.3201531     
 0.6250000E-01  0.2951153     
 0.6416667E-01  0.2544258     
 0.6583333E-01  0.2474158     
 0.6750000E-01  0.1472469     
 0.6916667E-01  0.1097554     
 0.7083333E-01  0.8195867E-01 
 0.7250000E-01  0.5649569E-01 
 0.7416667E-01  0.8190030E-01 
 0.7583334E-01  0.1436922     
 0.7749999E-01  0.2209635     
 0.7916667E-01  0.2837856     
 0.8083334E-01  0.2663673     
 0.8250000E-01  0.2561428     
 0.8416667E-01  0.1821392     
 0.8583333E-01  0.1052788     
 0.8750000E-01  0.5312211E-01 
 0.8916666E-01  0.4717320E-01 
 0.9083333E-01  0.1088473     
 0.9250000E-01  0.1619043     
 0.9416667E-01  0.2143244     
 0.9583333E-01  0.2262860     
 0.9750000E-01  0.1706936     
 0.9916665E-01  0.1151162     
 0.1008333      0.6672162E-01 
 0.1025000      0.5604316E-01 
 0.1041667      0.7768638E-01 
 0.1058333      0.1421913     
 0.1075000      0.1555436     
 0.1091667      0.1533331     
 0.1108333      0.1027257     
 0.1125000      0.1283171     
 0.1141667      0.5921471E-01 
 0.1158333      0.3719743E-01 
 0.1175000      0.8276510E-01 
 0.1191667      0.1066219     
 0.1208333      0.1044940     
 0.1225000      0.9970902E-01 
 0.1241667      0.5850055E-01 
 0.1258333      0.3607096E-01 
 0.1275000      0.5389127E-01 
 0.1291667      0.9107573E-01 
 0.1308333      0.1087893     
 0.1325000      0.6461772E-01 
 0.1341667      0.4132816E-01 
 0.1358333      0.3327024E-01 
 0.1375000      0.6267279E-01 
 0.1391667      0.7402588E-01 
 0.1408333      0.7279877E-01 
 0.1425000      0.5253484E-01 
 0.1441667      0.1855142E-01 
 0.1458333      0.4449812E-01 
 0.1475000      0.7130387E-01 
 0.1491667      0.6043131E-01 
 0.1508333      0.7176854E-01 
 0.1525000      0.4685291E-01 
 0.1541667      0.3716841E-01 
 0.1558333      0.6259880E-01 
 0.1575000      0.4502100E-01 
 0.1591667      0.1466226E-01 
 0.1608333      0.4041244E-01 
 0.1625000      0.5170032E-01 
 0.1641667      0.5231998E-01 
 0.1658333      0.1656520E-01 
