# SumMovie FRC for input stack : stack6.mrc
# Number of micrographs: 1
# Number of frames per movie: 50
# Pixel size (A): 3.0000
# 1/(A)          FRC
# -----------------------
# 
# Micrograph 1 of 1. Score: .563
 0.8333334E-03  0.9999998     
 0.2500000E-02  0.9512933     
 0.4166666E-02  0.9316371     
 0.5833333E-02  0.8460260     
 0.7499999E-02  0.8642110     
 0.9166666E-02  0.6704719     
 0.1083333E-01  0.6516998     
 0.1250000E-01  0.8448592     
 0.1416667E-01  0.8806068     
 0.1583333E-01  0.9292264     
 0.1750000E-01  0.8885487     
 0.1916667E-01  0.5976714     
 0.2083333E-01  0.6547512     
 0.2250000E-01  0.8212830     
 0.2416667E-01  0.8859992     
 0.2583333E-01  0.8359993     
 0.2750000E-01  0.7112906     
 0.2916667E-01  0.6015770     
 0.3083333E-01  0.6594884     
 0.3250000E-01  0.7021368     
 0.3416666E-01  0.6713321     
 0.3583334E-01  0.5602405     
 0.3750000E-01  0.5032367     
 0.3916667E-01  0.4855764     
 0.4083334E-01  0.5109603     
 0.4250000E-01  0.4211444     
 0.4416666E-01  0.3588789     
 0.4583333E-01  0.3175913     
 0.4750000E-01  0.2754023     
 0.4916666E-01  0.2011877     
 0.5083333E-01  0.1185418     
 0.5250000E-01  0.1490143     
 0.5416667E-01  0.9395096E-01 
 0.5583333E-01  0.1387031     
 0.5750000E-01  0.1288477     
 0.5916666E-01  0.1962176     
 0.6083334E-01  0.2520130     
 0.6250000E-01  0.2804466     
 0.6416667E-01  0.3090680     
 0.6583333E-01  0.3083307     
 0.6750000E-01  0.3183541     
 0.6916667E-01  0.3076382     
 0.7083333E-01  0.2508870     
 0.7250000E-01  0.2073284     
 0.7416667E-01  0.1472422     
 0.7583334E-01  0.1027578     
 0.7749999E-01  0.8549227E-01 
 0.7916667E-01  0.1082872     
 0.8083334E-01  0.1691113     
 0.8250000E-01  0.2049753     
 0.8416667E-01  0.2504586     
 0.8583333E-01  0.2757403     
 0.8750000E-01  0.2501520     
 0.8916666E-01  0.2591521     
 0.9083333E-01  0.1289219     
 0.9250000E-01  0.1368153     
 0.9416667E-01  0.9159848E-01 
 0.9583333E-01  0.1368231     
 0.9750000E-01  0.1408428     
 0.9916665E-01  0.1723738     
 0.1008333      0.1866006     
 0.1025000      0.2029556     
 0.1041667      0.2001954     
 0.1058333      0.1370161     
 0.1075000      0.1184628     
 0.1091667      0.7594150E-01 
 0.1108333      0.9127607E-01 
 0.1125000      0.1459729     
 0.1141667      0.1628500     
 0.1158333      0.2013239     
 0.1175000      0.1711365     
 0.1191667      0.1492313     
 0.1208333      0.1224942     
 0.1225000      0.8910877E-01 
 0.1241667      0.1150399     
 0.1258333      0.1131342     
 0.1275000      0.1678522     
 0.1291667      0.1510545     
 0.1308333      0.1608309     
 0.1325000      0.8549862E-01 
 0.1341667      0.8066645E-01 
 0.1358333      0.1215147     
 0.1375000      0.1120550     
 0.1391667      0.1120152     
 0.1408333      0.1390326     
 0.1425000      0.1113396     
 0.1441667      0.1022011     
 0.1458333      0.1000562     
 0.1475000      0.1233084     
 0.1491667      0.1394177     
 0.1508333      0.1472205     
 0.1525000      0.1283006     
 0.1541667      0.8685902E-01 
 0.1558333      0.1198099     
 0.1575000      0.1084460     
 0.1591667      0.1284100     
 0.1608333      0.1431110     
 0.1625000      0.1109817     
 0.1641667      0.1000767     
 0.1658333      0.8830168E-01 
