# SumMovie FRC for input stack : stack11.mrc
# Number of micrographs: 1
# Number of frames per movie: 50
# Pixel size (A): 3.0000
# 1/(A)          FRC
# -----------------------
# 
# Micrograph 1 of 1. Score: .568
 0.8333334E-03  0.9999998     
 0.2500000E-02  0.8499858     
 0.4166666E-02  0.8700498     
 0.5833333E-02  0.8519400     
 0.7499999E-02  0.8571623     
 0.9166666E-02  0.7361683     
 0.1083333E-01  0.6257074     
 0.1250000E-01  0.8513806     
 0.1416667E-01  0.9135795     
 0.1583333E-01  0.9435784     
 0.1750000E-01  0.9064296     
 0.1916667E-01  0.6586789     
 0.2083333E-01  0.7374734     
 0.2250000E-01  0.8739985     
 0.2416667E-01  0.9202130     
 0.2583333E-01  0.8910987     
 0.2750000E-01  0.7387134     
 0.2916667E-01  0.6348608     
 0.3083333E-01  0.7056024     
 0.3250000E-01  0.7671207     
 0.3416666E-01  0.7139646     
 0.3583334E-01  0.5843854     
 0.3750000E-01  0.5164092     
 0.3916667E-01  0.4912500     
 0.4083334E-01  0.5106654     
 0.4250000E-01  0.3960476     
 0.4416666E-01  0.3311353     
 0.4583333E-01  0.2817183     
 0.4750000E-01  0.2187608     
 0.4916666E-01  0.1064247     
 0.5083333E-01  0.7504261E-01 
 0.5250000E-01  0.1350130     
 0.5416667E-01  0.1318121     
 0.5583333E-01  0.2202171     
 0.5750000E-01  0.2903951     
 0.5916666E-01  0.3491825     
 0.6083334E-01  0.3489382     
 0.6250000E-01  0.3861862     
 0.6416667E-01  0.3788851     
 0.6583333E-01  0.2951903     
 0.6750000E-01  0.2892484     
 0.6916667E-01  0.1868246     
 0.7083333E-01  0.1102070     
 0.7250000E-01  0.8760851E-01 
 0.7416667E-01  0.1078202     
 0.7583334E-01  0.1903383     
 0.7749999E-01  0.2566176     
 0.7916667E-01  0.3022307     
 0.8083334E-01  0.3378129     
 0.8250000E-01  0.3083234     
 0.8416667E-01  0.2830744     
 0.8583333E-01  0.1971701     
 0.8750000E-01  0.8972013E-01 
 0.8916666E-01  0.7599852E-01 
 0.9083333E-01  0.1272727     
 0.9250000E-01  0.2125484     
 0.9416667E-01  0.2730116     
 0.9583333E-01  0.2993986     
 0.9750000E-01  0.2454860     
 0.9916665E-01  0.2264104     
 0.1008333      0.1135572     
 0.1025000      0.8519617E-01 
 0.1041667      0.1431618     
 0.1058333      0.2130996     
 0.1075000      0.2042335     
 0.1091667      0.2431019     
 0.1108333      0.2063438     
 0.1125000      0.1528918     
 0.1141667      0.1019518     
 0.1158333      0.9105150E-01 
 0.1175000      0.1614265     
 0.1191667      0.1906848     
 0.1208333      0.1653189     
 0.1225000      0.1448880     
 0.1241667      0.9257221E-01 
 0.1258333      0.1048508     
 0.1275000      0.1127421     
 0.1291667      0.1645477     
 0.1308333      0.1559376     
 0.1325000      0.1840046     
 0.1341667      0.1107448     
 0.1358333      0.7228903E-01 
 0.1375000      0.1313482     
 0.1391667      0.1134823     
 0.1408333      0.1451146     
 0.1425000      0.1126089     
 0.1441667      0.1173675     
 0.1458333      0.1034582     
 0.1475000      0.1059167     
 0.1491667      0.1148774     
 0.1508333      0.1508836     
 0.1525000      0.1056169     
 0.1541667      0.9519263E-01 
 0.1558333      0.1159437     
 0.1575000      0.1460609     
 0.1591667      0.1076952     
 0.1608333      0.1200847     
 0.1625000      0.9997258E-01 
 0.1641667      0.1232672     
 0.1658333      0.1474691     
