# SumMovie FRC for input stack : stack6.mrc
# Number of micrographs: 1
# Number of frames per movie: 50
# Pixel size (A): 3.0000
# 1/(A)          FRC
# -----------------------
# 
# Micrograph 1 of 1. Score: .566
 0.8333334E-03  0.9999999     
 0.2500000E-02  0.9513105     
 0.4166666E-02  0.9316441     
 0.5833333E-02  0.8460732     
 0.7499999E-02  0.8644461     
 0.9166666E-02  0.6710487     
 0.1083333E-01  0.6524513     
 0.1250000E-01  0.8451627     
 0.1416667E-01  0.8813156     
 0.1583333E-01  0.9297455     
 0.1750000E-01  0.8891745     
 0.1916667E-01  0.5985839     
 0.2083333E-01  0.6565947     
 0.2250000E-01  0.8233193     
 0.2416667E-01  0.8875003     
 0.2583333E-01  0.8382263     
 0.2750000E-01  0.7139990     
 0.2916667E-01  0.6053680     
 0.3083333E-01  0.6638206     
 0.3250000E-01  0.7067128     
 0.3416666E-01  0.6747525     
 0.3583334E-01  0.5643706     
 0.3750000E-01  0.5087953     
 0.3916667E-01  0.4915182     
 0.4083334E-01  0.5188279     
 0.4250000E-01  0.4256064     
 0.4416666E-01  0.3615745     
 0.4583333E-01  0.3231007     
 0.4750000E-01  0.2782233     
 0.4916666E-01  0.2048657     
 0.5083333E-01  0.1187043     
 0.5250000E-01  0.1476141     
 0.5416667E-01  0.9319624E-01 
 0.5583333E-01  0.1361270     
 0.5750000E-01  0.1294341     
 0.5916666E-01  0.2001745     
 0.6083334E-01  0.2577977     
 0.6250000E-01  0.2832966     
 0.6416667E-01  0.3154560     
 0.6583333E-01  0.3144521     
 0.6750000E-01  0.3231284     
 0.6916667E-01  0.3105682     
 0.7083333E-01  0.2562764     
 0.7250000E-01  0.2092514     
 0.7416667E-01  0.1466781     
 0.7583334E-01  0.1030603     
 0.7749999E-01  0.8749309E-01 
 0.7916667E-01  0.1042768     
 0.8083334E-01  0.1700608     
 0.8250000E-01  0.2066840     
 0.8416667E-01  0.2561667     
 0.8583333E-01  0.2795294     
 0.8750000E-01  0.2550092     
 0.8916666E-01  0.2583921     
 0.9083333E-01  0.1291298     
 0.9250000E-01  0.1348070     
 0.9416667E-01  0.9072874E-01 
 0.9583333E-01  0.1349747     
 0.9750000E-01  0.1387272     
 0.9916665E-01  0.1723260     
 0.1008333      0.1883244     
 0.1025000      0.2033683     
 0.1041667      0.2009622     
 0.1058333      0.1404096     
 0.1075000      0.1159204     
 0.1091667      0.6937250E-01 
 0.1108333      0.8867405E-01 
 0.1125000      0.1465313     
 0.1141667      0.1675643     
 0.1158333      0.1998574     
 0.1175000      0.1686270     
 0.1191667      0.1468462     
 0.1208333      0.1151861     
 0.1225000      0.8419940E-01 
 0.1241667      0.1111328     
 0.1258333      0.1091574     
 0.1275000      0.1631767     
 0.1291667      0.1471830     
 0.1308333      0.1537736     
 0.1325000      0.7919912E-01 
 0.1341667      0.7271585E-01 
 0.1358333      0.1204261     
 0.1375000      0.1070515     
 0.1391667      0.1082976     
 0.1408333      0.1331217     
 0.1425000      0.1103745     
 0.1441667      0.9599704E-01 
 0.1458333      0.9659142E-01 
 0.1475000      0.1128678     
 0.1491667      0.1342934     
 0.1508333      0.1430377     
 0.1525000      0.1206193     
 0.1541667      0.8166429E-01 
 0.1558333      0.1136119     
 0.1575000      0.1014616     
 0.1591667      0.1180771     
 0.1608333      0.1388691     
 0.1625000      0.1060945     
 0.1641667      0.9522057E-01 
 0.1658333      0.8039925E-01 
