# SumMovie FRC for input stack : stack16.mrc
# Number of micrographs: 1
# Number of frames per movie: 50
# Pixel size (A): 3.0000
# 1/(A)          FRC
# -----------------------
# 
# Micrograph 1 of 1. Score: .538
 0.8333334E-03  0.9999994     
 0.2500000E-02  0.9672246     
 0.4166666E-02  0.9454235     
 0.5833333E-02  0.9120756     
 0.7499999E-02  0.8965005     
 0.9166666E-02  0.8416207     
 0.1083333E-01  0.7768111     
 0.1250000E-01  0.8840681     
 0.1416667E-01  0.9355265     
 0.1583333E-01  0.9656245     
 0.1750000E-01  0.9458965     
 0.1916667E-01  0.7765827     
 0.2083333E-01  0.8028899     
 0.2250000E-01  0.9024580     
 0.2416667E-01  0.9435441     
 0.2583333E-01  0.9341164     
 0.2750000E-01  0.8306038     
 0.2916667E-01  0.7051592     
 0.3083333E-01  0.7543747     
 0.3250000E-01  0.7965961     
 0.3416666E-01  0.7330565     
 0.3583334E-01  0.6087982     
 0.3750000E-01  0.4390719     
 0.3916667E-01  0.3789106     
 0.4083334E-01  0.2914970     
 0.4250000E-01  0.1223127     
 0.4416666E-01  0.1175401     
 0.4583333E-01  0.8272878E-01 
 0.4750000E-01  0.1473233     
 0.4916666E-01  0.2681519     
 0.5083333E-01  0.3445793     
 0.5250000E-01  0.3890890     
 0.5416667E-01  0.3824507     
 0.5583333E-01  0.4240429     
 0.5750000E-01  0.3621693     
 0.5916666E-01  0.2760038     
 0.6083334E-01  0.1854650     
 0.6250000E-01  0.7809643E-01 
 0.6416667E-01  0.1020339     
 0.6583333E-01  0.1376156     
 0.6750000E-01  0.2074446     
 0.6916667E-01  0.3150395     
 0.7083333E-01  0.4055084     
 0.7250000E-01  0.3730295     
 0.7416667E-01  0.3076991     
 0.7583334E-01  0.1803214     
 0.7749999E-01  0.1180806     
 0.7916667E-01  0.9227687E-01 
 0.8083334E-01  0.2481072     
 0.8250000E-01  0.2749353     
 0.8416667E-01  0.3589493     
 0.8583333E-01  0.3013260     
 0.8750000E-01  0.1826189     
 0.8916666E-01  0.1195293     
 0.9083333E-01  0.7782547E-01 
 0.9250000E-01  0.1835404     
 0.9416667E-01  0.2607069     
 0.9583333E-01  0.2797293     
 0.9750000E-01  0.2062388     
 0.9916665E-01  0.9479100E-01 
 0.1008333      0.5608846E-01 
 0.1025000      0.1190924     
 0.1041667      0.1910524     
 0.1058333      0.2391280     
 0.1075000      0.1770089     
 0.1091667      0.1087663     
 0.1108333      0.5530237E-01 
 0.1125000      0.1369889     
 0.1141667      0.1958611     
 0.1158333      0.1875650     
 0.1175000      0.1104308     
 0.1191667      0.4663419E-01 
 0.1208333      0.8801311E-01 
 0.1225000      0.1543770     
 0.1241667      0.1737470     
 0.1258333      0.1072002     
 0.1275000      0.6499352E-01 
 0.1291667      0.8607927E-01 
 0.1308333      0.1198742     
 0.1325000      0.1339007     
 0.1341667      0.6294572E-01 
 0.1358333      0.4338304E-01 
 0.1375000      0.1119811     
 0.1391667      0.1338102     
 0.1408333      0.9252819E-01 
 0.1425000      0.7439800E-01 
 0.1441667      0.7280096E-01 
 0.1458333      0.1130728     
 0.1475000      0.9233317E-01 
 0.1491667      0.6235202E-01 
 0.1508333      0.7184340E-01 
 0.1525000      0.1005448     
 0.1541667      0.8459219E-01 
 0.1558333      0.7537396E-01 
 0.1575000      0.4212140E-01 
 0.1591667      0.8261795E-01 
 0.1608333      0.8424547E-01 
 0.1625000      0.4131206E-01 
 0.1641667      0.6359567E-01 
 0.1658333      0.1286672     
