# SumMovie FRC for input stack : stack6.mrc
# Number of micrographs: 1
# Number of frames per movie: 50
# Pixel size (A): 3.0000
# 1/(A)          FRC
# -----------------------
# 
# Micrograph 1 of 1. Score: .568
 0.8333334E-03  0.9999999     
 0.2500000E-02  0.9513204     
 0.4166666E-02  0.9316427     
 0.5833333E-02  0.8460807     
 0.7499999E-02  0.8645329     
 0.9166666E-02  0.6713994     
 0.1083333E-01  0.6528119     
 0.1250000E-01  0.8452945     
 0.1416667E-01  0.8816215     
 0.1583333E-01  0.9299660     
 0.1750000E-01  0.8894647     
 0.1916667E-01  0.5988899     
 0.2083333E-01  0.6572865     
 0.2250000E-01  0.8240393     
 0.2416667E-01  0.8881488     
 0.2583333E-01  0.8390142     
 0.2750000E-01  0.7150909     
 0.2916667E-01  0.6068643     
 0.3083333E-01  0.6655995     
 0.3250000E-01  0.7086261     
 0.3416666E-01  0.6763394     
 0.3583334E-01  0.5661741     
 0.3750000E-01  0.5111933     
 0.3916667E-01  0.4937984     
 0.4083334E-01  0.5220051     
 0.4250000E-01  0.4270649     
 0.4416666E-01  0.3624863     
 0.4583333E-01  0.3256217     
 0.4750000E-01  0.2792405     
 0.4916666E-01  0.2063691     
 0.5083333E-01  0.1187312     
 0.5250000E-01  0.1470637     
 0.5416667E-01  0.9315287E-01 
 0.5583333E-01  0.1350054     
 0.5750000E-01  0.1296257     
 0.5916666E-01  0.2020323     
 0.6083334E-01  0.2600322     
 0.6250000E-01  0.2844580     
 0.6416667E-01  0.3183302     
 0.6583333E-01  0.3168971     
 0.6750000E-01  0.3257375     
 0.6916667E-01  0.3120137     
 0.7083333E-01  0.2582380     
 0.7250000E-01  0.2100784     
 0.7416667E-01  0.1469781     
 0.7583334E-01  0.1029622     
 0.7749999E-01  0.8788495E-01 
 0.7916667E-01  0.1025464     
 0.8083334E-01  0.1706677     
 0.8250000E-01  0.2079550     
 0.8416667E-01  0.2586399     
 0.8583333E-01  0.2813674     
 0.8750000E-01  0.2567793     
 0.8916666E-01  0.2576659     
 0.9083333E-01  0.1297256     
 0.9250000E-01  0.1339661     
 0.9416667E-01  0.9030093E-01 
 0.9583333E-01  0.1339771     
 0.9750000E-01  0.1371246     
 0.9916665E-01  0.1714505     
 0.1008333      0.1883979     
 0.1025000      0.2045977     
 0.1041667      0.2009920     
 0.1058333      0.1408446     
 0.1075000      0.1141370     
 0.1091667      0.6680068E-01 
 0.1108333      0.8772521E-01 
 0.1125000      0.1455291     
 0.1141667      0.1689428     
 0.1158333      0.1992522     
 0.1175000      0.1668216     
 0.1191667      0.1456527     
 0.1208333      0.1119807     
 0.1225000      0.8164593E-01 
 0.1241667      0.1086325     
 0.1258333      0.1074409     
 0.1275000      0.1605903     
 0.1291667      0.1456352     
 0.1308333      0.1508721     
 0.1325000      0.7700572E-01 
 0.1341667      0.6998270E-01 
 0.1358333      0.1193838     
 0.1375000      0.1043909     
 0.1391667      0.1062313     
 0.1408333      0.1306570     
 0.1425000      0.1099237     
 0.1441667      0.9275251E-01 
 0.1458333      0.9441157E-01 
 0.1475000      0.1091765     
 0.1491667      0.1324098     
 0.1508333      0.1409395     
 0.1525000      0.1169445     
 0.1541667      0.7942788E-01 
 0.1558333      0.1107249     
 0.1575000      0.9804437E-01 
 0.1591667      0.1139407     
 0.1608333      0.1362148     
 0.1625000      0.1034556     
 0.1641667      0.9235971E-01 
 0.1658333      0.7727318E-01 
