# SumMovie FRC for input stack : stack1.mrc
# Number of micrographs: 1
# Number of frames per movie: 50
# Pixel size (A): 3.0000
# 1/(A)          FRC
# -----------------------
# 
# Micrograph 1 of 1. Score: .500
 0.8333334E-03  0.9999990     
 0.2500000E-02  0.9744877     
 0.4166666E-02  0.9566636     
 0.5833333E-02  0.9213021     
 0.7499999E-02  0.9020506     
 0.9166666E-02  0.7408291     
 0.1083333E-01  0.7088521     
 0.1250000E-01  0.8370651     
 0.1416667E-01  0.9077069     
 0.1583333E-01  0.9118490     
 0.1750000E-01  0.8547764     
 0.1916667E-01  0.6342592     
 0.2083333E-01  0.7270696     
 0.2250000E-01  0.8416657     
 0.2416667E-01  0.8795805     
 0.2583333E-01  0.8361555     
 0.2750000E-01  0.6825724     
 0.2916667E-01  0.5477066     
 0.3083333E-01  0.6471896     
 0.3250000E-01  0.6492519     
 0.3416666E-01  0.5926254     
 0.3583334E-01  0.4778285     
 0.3750000E-01  0.4233982     
 0.3916667E-01  0.3694646     
 0.4083334E-01  0.3663581     
 0.4250000E-01  0.3305711     
 0.4416666E-01  0.2130623     
 0.4583333E-01  0.1437299     
 0.4750000E-01  0.1851554     
 0.4916666E-01  0.1147435     
 0.5083333E-01  0.9728305E-01 
 0.5250000E-01  0.1060523     
 0.5416667E-01  0.1149863     
 0.5583333E-01  0.1704657     
 0.5750000E-01  0.2202987     
 0.5916666E-01  0.2395611     
 0.6083334E-01  0.2778393     
 0.6250000E-01  0.2374746     
 0.6416667E-01  0.2401585     
 0.6583333E-01  0.2239974     
 0.6750000E-01  0.1439247     
 0.6916667E-01  0.1555063     
 0.7083333E-01  0.1266210     
 0.7250000E-01  0.7626659E-01 
 0.7416667E-01  0.9804589E-01 
 0.7583334E-01  0.1473096     
 0.7749999E-01  0.1989450     
 0.7916667E-01  0.2082365     
 0.8083334E-01  0.2061943     
 0.8250000E-01  0.2099609     
 0.8416667E-01  0.1700406     
 0.8583333E-01  0.1113059     
 0.8750000E-01  0.6658233E-01 
 0.8916666E-01  0.3643258E-01 
 0.9083333E-01  0.1138231     
 0.9250000E-01  0.1345541     
 0.9416667E-01  0.1782701     
 0.9583333E-01  0.1828561     
 0.9750000E-01  0.1603248     
 0.9916665E-01  0.1064486     
 0.1008333      0.9521073E-01 
 0.1025000      0.4981429E-01 
 0.1041667      0.1114558     
 0.1058333      0.1587146     
 0.1075000      0.1385935     
 0.1091667      0.1430819     
 0.1108333      0.1111703     
 0.1125000      0.1146130     
 0.1141667      0.7984433E-01 
 0.1158333      0.5244478E-01 
 0.1175000      0.8382265E-01 
 0.1191667      0.9767423E-01 
 0.1208333      0.1105699     
 0.1225000      0.6846445E-01 
 0.1241667      0.8969967E-01 
 0.1258333      0.6341578E-01 
 0.1275000      0.5366166E-01 
 0.1291667      0.1185727     
 0.1308333      0.1059529     
 0.1325000      0.9291896E-01 
 0.1341667      0.4379466E-01 
 0.1358333      0.6858804E-01 
 0.1375000      0.7795160E-01 
 0.1391667      0.8274589E-01 
 0.1408333      0.1023600     
 0.1425000      0.5818867E-01 
 0.1441667      0.5247570E-01 
 0.1458333      0.7957745E-01 
 0.1475000      0.1007011     
 0.1491667      0.6273276E-01 
 0.1508333      0.6829107E-01 
 0.1525000      0.4803531E-01 
 0.1541667      0.5077893E-01 
 0.1558333      0.5647746E-01 
 0.1575000      0.7524902E-01 
 0.1591667      0.4529778E-01 
 0.1608333      0.7781123E-01 
 0.1625000      0.4619782E-01 
 0.1641667      0.6820775E-01 
 0.1658333      0.5452781E-01 
