# SumMovie FRC for input stack : stack1.mrc
# Number of micrographs: 1
# Number of frames per movie: 50
# Pixel size (A): 3.0000
# 1/(A)          FRC
# -----------------------
# 
# Micrograph 1 of 1. Score: .546
 0.8333334E-03  0.9999993     
 0.2500000E-02  0.9744584     
 0.4166666E-02  0.9570106     
 0.5833333E-02  0.9206775     
 0.7499999E-02  0.9048235     
 0.9166666E-02  0.7497656     
 0.1083333E-01  0.7273964     
 0.1250000E-01  0.8559346     
 0.1416667E-01  0.9222832     
 0.1583333E-01  0.9262030     
 0.1750000E-01  0.8739876     
 0.1916667E-01  0.6747528     
 0.2083333E-01  0.7639879     
 0.2250000E-01  0.8704773     
 0.2416667E-01  0.9032828     
 0.2583333E-01  0.8719020     
 0.2750000E-01  0.7476897     
 0.2916667E-01  0.6443356     
 0.3083333E-01  0.7088233     
 0.3250000E-01  0.7376491     
 0.3416666E-01  0.6840572     
 0.3583334E-01  0.5452203     
 0.3750000E-01  0.4829521     
 0.3916667E-01  0.4610577     
 0.4083334E-01  0.4485742     
 0.4250000E-01  0.4004325     
 0.4416666E-01  0.2594260     
 0.4583333E-01  0.1696992     
 0.4750000E-01  0.1883243     
 0.4916666E-01  0.9687239E-01 
 0.5083333E-01  0.6320499E-01 
 0.5250000E-01  0.6800707E-01 
 0.5416667E-01  0.1277903     
 0.5583333E-01  0.1859812     
 0.5750000E-01  0.2527082     
 0.5916666E-01  0.3159974     
 0.6083334E-01  0.3425173     
 0.6250000E-01  0.3283971     
 0.6416667E-01  0.2999131     
 0.6583333E-01  0.2726130     
 0.6750000E-01  0.1618015     
 0.6916667E-01  0.1351935     
 0.7083333E-01  0.8556338E-01 
 0.7250000E-01  0.6985325E-01 
 0.7416667E-01  0.1076979     
 0.7583334E-01  0.1667370     
 0.7749999E-01  0.2465885     
 0.7916667E-01  0.2983237     
 0.8083334E-01  0.2880101     
 0.8250000E-01  0.2839156     
 0.8416667E-01  0.2262452     
 0.8583333E-01  0.1234211     
 0.8750000E-01  0.6163090E-01 
 0.8916666E-01  0.3187803E-01 
 0.9083333E-01  0.1306378     
 0.9250000E-01  0.1956195     
 0.9416667E-01  0.2364977     
 0.9583333E-01  0.2483780     
 0.9750000E-01  0.1958965     
 0.9916665E-01  0.1080606     
 0.1008333      0.6704628E-01 
 0.1025000      0.4419411E-01 
 0.1041667      0.1204665     
 0.1058333      0.1529187     
 0.1075000      0.1592124     
 0.1091667      0.1748965     
 0.1108333      0.1307071     
 0.1125000      0.1225565     
 0.1141667      0.3693804E-01 
 0.1158333      0.6423967E-01 
 0.1175000      0.1082528     
 0.1191667      0.1091968     
 0.1208333      0.1136075     
 0.1225000      0.1004356     
 0.1241667      0.4651147E-01 
 0.1258333      0.3911685E-01 
 0.1275000      0.5873033E-01 
 0.1291667      0.1134840     
 0.1308333      0.1205950     
 0.1325000      0.6774241E-01 
 0.1341667      0.4802535E-01 
 0.1358333      0.2718660E-01 
 0.1375000      0.1029284     
 0.1391667      0.6423648E-01 
 0.1408333      0.1076346     
 0.1425000      0.6348018E-01 
 0.1441667      0.3373613E-01 
 0.1458333      0.3011797E-01 
 0.1475000      0.7361358E-01 
 0.1491667      0.5669616E-01 
 0.1508333      0.6269145E-01 
 0.1525000      0.2593880E-01 
 0.1541667      0.5722900E-01 
 0.1558333      0.8468658E-01 
 0.1575000      0.4417606E-01 
 0.1591667      0.2155889E-01 
 0.1608333      0.3387133E-01 
 0.1625000      0.4751968E-01 
 0.1641667      0.3743242E-01 
 0.1658333      0.2891892E-01 
