# SumMovie FRC for input stack : stack1.mrc
# Number of micrographs: 1
# Number of frames per movie: 50
# Pixel size (A): 3.0000
# 1/(A)          FRC
# -----------------------
# 
# Micrograph 1 of 1. Score: .505
 0.8333334E-03  0.9999990     
 0.2500000E-02  0.9744925     
 0.4166666E-02  0.9567001     
 0.5833333E-02  0.9213583     
 0.7499999E-02  0.9023166     
 0.9166666E-02  0.7420032     
 0.1083333E-01  0.7101856     
 0.1250000E-01  0.8389609     
 0.1416667E-01  0.9091479     
 0.1583333E-01  0.9130223     
 0.1750000E-01  0.8573407     
 0.1916667E-01  0.6396936     
 0.2083333E-01  0.7316180     
 0.2250000E-01  0.8453894     
 0.2416667E-01  0.8828908     
 0.2583333E-01  0.8411330     
 0.2750000E-01  0.6900833     
 0.2916667E-01  0.5588093     
 0.3083333E-01  0.6549935     
 0.3250000E-01  0.6615555     
 0.3416666E-01  0.6048905     
 0.3583334E-01  0.4848252     
 0.3750000E-01  0.4278724     
 0.3916667E-01  0.3793873     
 0.4083334E-01  0.3769603     
 0.4250000E-01  0.3379071     
 0.4416666E-01  0.2147625     
 0.4583333E-01  0.1395583     
 0.4750000E-01  0.1889144     
 0.4916666E-01  0.1101174     
 0.5083333E-01  0.9672511E-01 
 0.5250000E-01  0.1008494     
 0.5416667E-01  0.1139516     
 0.5583333E-01  0.1692693     
 0.5750000E-01  0.2187921     
 0.5916666E-01  0.2470660     
 0.6083334E-01  0.2818088     
 0.6250000E-01  0.2391929     
 0.6416667E-01  0.2347502     
 0.6583333E-01  0.2244959     
 0.6750000E-01  0.1411013     
 0.6916667E-01  0.1524814     
 0.7083333E-01  0.1230991     
 0.7250000E-01  0.7196400E-01 
 0.7416667E-01  0.9106882E-01 
 0.7583334E-01  0.1403875     
 0.7749999E-01  0.1914832     
 0.7916667E-01  0.2075973     
 0.8083334E-01  0.2099766     
 0.8250000E-01  0.2036664     
 0.8416667E-01  0.1631660     
 0.8583333E-01  0.1038036     
 0.8750000E-01  0.6248246E-01 
 0.8916666E-01  0.2536957E-01 
 0.9083333E-01  0.9971615E-01 
 0.9250000E-01  0.1272177     
 0.9416667E-01  0.1762632     
 0.9583333E-01  0.1844998     
 0.9750000E-01  0.1549988     
 0.9916665E-01  0.9717743E-01 
 0.1008333      0.8629169E-01 
 0.1025000      0.3941003E-01 
 0.1041667      0.1112211     
 0.1058333      0.1514825     
 0.1075000      0.1407743     
 0.1091667      0.1399121     
 0.1108333      0.1090082     
 0.1125000      0.1145075     
 0.1141667      0.7405014E-01 
 0.1158333      0.4840703E-01 
 0.1175000      0.7570074E-01 
 0.1191667      0.1043648     
 0.1208333      0.1016109     
 0.1225000      0.6175649E-01 
 0.1241667      0.7860938E-01 
 0.1258333      0.5222331E-01 
 0.1275000      0.3752664E-01 
 0.1291667      0.1185448     
 0.1308333      0.9423528E-01 
 0.1325000      0.8480290E-01 
 0.1341667      0.3133112E-01 
 0.1358333      0.6158025E-01 
 0.1375000      0.6754730E-01 
 0.1391667      0.7613993E-01 
 0.1408333      0.9311738E-01 
 0.1425000      0.5743798E-01 
 0.1441667      0.4213021E-01 
 0.1458333      0.6573451E-01 
 0.1475000      0.8961830E-01 
 0.1491667      0.5577504E-01 
 0.1508333      0.5172192E-01 
 0.1525000      0.3988704E-01 
 0.1541667      0.4487276E-01 
 0.1558333      0.4860485E-01 
 0.1575000      0.6427804E-01 
 0.1591667      0.2599711E-01 
 0.1608333      0.6859253E-01 
 0.1625000      0.4408684E-01 
 0.1641667      0.6942054E-01 
 0.1658333      0.4605869E-01 
