# SumMovie FRC for input stack : stack16.mrc
# Number of micrographs: 1
# Number of frames per movie: 50
# Pixel size (A): 3.0000
# 1/(A)          FRC
# -----------------------
# 
# Micrograph 1 of 1. Score: .534
 0.8333334E-03  0.9999994     
 0.2500000E-02  0.9671475     
 0.4166666E-02  0.9458574     
 0.5833333E-02  0.9115288     
 0.7499999E-02  0.8950649     
 0.9166666E-02  0.8419695     
 0.1083333E-01  0.7740138     
 0.1250000E-01  0.8807815     
 0.1416667E-01  0.9341878     
 0.1583333E-01  0.9650315     
 0.1750000E-01  0.9451523     
 0.1916667E-01  0.7704902     
 0.2083333E-01  0.8037106     
 0.2250000E-01  0.8988974     
 0.2416667E-01  0.9386433     
 0.2583333E-01  0.9304504     
 0.2750000E-01  0.8249617     
 0.2916667E-01  0.6936961     
 0.3083333E-01  0.7416647     
 0.3250000E-01  0.7900069     
 0.3416666E-01  0.7155801     
 0.3583334E-01  0.5882946     
 0.3750000E-01  0.4341900     
 0.3916667E-01  0.3641419     
 0.4083334E-01  0.2947525     
 0.4250000E-01  0.1144124     
 0.4416666E-01  0.1245982     
 0.4583333E-01  0.9822560E-01 
 0.4750000E-01  0.1371997     
 0.4916666E-01  0.2703831     
 0.5083333E-01  0.3408234     
 0.5250000E-01  0.3776705     
 0.5416667E-01  0.3686755     
 0.5583333E-01  0.4150372     
 0.5750000E-01  0.3594585     
 0.5916666E-01  0.2701173     
 0.6083334E-01  0.1923847     
 0.6250000E-01  0.8580852E-01 
 0.6416667E-01  0.9922118E-01 
 0.6583333E-01  0.1402012     
 0.6750000E-01  0.2152046     
 0.6916667E-01  0.3149585     
 0.7083333E-01  0.4027275     
 0.7250000E-01  0.3522793     
 0.7416667E-01  0.2807263     
 0.7583334E-01  0.1771560     
 0.7749999E-01  0.1102132     
 0.7916667E-01  0.9089472E-01 
 0.8083334E-01  0.2418594     
 0.8250000E-01  0.2681501     
 0.8416667E-01  0.3505234     
 0.8583333E-01  0.2898768     
 0.8750000E-01  0.1820434     
 0.8916666E-01  0.1071254     
 0.9083333E-01  0.7302235E-01 
 0.9250000E-01  0.1820279     
 0.9416667E-01  0.2428396     
 0.9583333E-01  0.2811031     
 0.9750000E-01  0.2188159     
 0.9916665E-01  0.1030992     
 0.1008333      0.7533401E-01 
 0.1025000      0.1231237     
 0.1041667      0.1811556     
 0.1058333      0.2340228     
 0.1075000      0.1824369     
 0.1091667      0.1162290     
 0.1108333      0.4194430E-01 
 0.1125000      0.1455951     
 0.1141667      0.1830693     
 0.1158333      0.1811201     
 0.1175000      0.1158504     
 0.1191667      0.5891948E-01 
 0.1208333      0.8569127E-01 
 0.1225000      0.1571265     
 0.1241667      0.1642866     
 0.1258333      0.1156508     
 0.1275000      0.7436711E-01 
 0.1291667      0.8804587E-01 
 0.1308333      0.1402528     
 0.1325000      0.1366234     
 0.1341667      0.8531925E-01 
 0.1358333      0.4965435E-01 
 0.1375000      0.9955303E-01 
 0.1391667      0.1287240     
 0.1408333      0.1048571     
 0.1425000      0.6353259E-01 
 0.1441667      0.7990249E-01 
 0.1458333      0.1082168     
 0.1475000      0.9884781E-01 
 0.1491667      0.7612881E-01 
 0.1508333      0.7907105E-01 
 0.1525000      0.1109798     
 0.1541667      0.9893136E-01 
 0.1558333      0.7490531E-01 
 0.1575000      0.4943159E-01 
 0.1591667      0.9266923E-01 
 0.1608333      0.9181197E-01 
 0.1625000      0.4255680E-01 
 0.1641667      0.5938555E-01 
 0.1658333      0.1327130     
