# SumMovie FRC for input stack : stack6.mrc
# Number of micrographs: 1
# Number of frames per movie: 50
# Pixel size (A): 3.0000
# 1/(A)          FRC
# -----------------------
# 
# Micrograph 1 of 1. Score: .591
 0.8333334E-03  0.9999999     
 0.2500000E-02  0.9513035     
 0.4166666E-02  0.9320052     
 0.5833333E-02  0.8474863     
 0.7499999E-02  0.8653128     
 0.9166666E-02  0.6795295     
 0.1083333E-01  0.6591277     
 0.1250000E-01  0.8498238     
 0.1416667E-01  0.8881123     
 0.1583333E-01  0.9353643     
 0.1750000E-01  0.8940746     
 0.1916667E-01  0.5998624     
 0.2083333E-01  0.6728908     
 0.2250000E-01  0.8430153     
 0.2416667E-01  0.9030198     
 0.2583333E-01  0.8565466     
 0.2750000E-01  0.7347737     
 0.2916667E-01  0.6246867     
 0.3083333E-01  0.6980935     
 0.3250000E-01  0.7287865     
 0.3416666E-01  0.7024195     
 0.3583334E-01  0.6005380     
 0.3750000E-01  0.5384255     
 0.3916667E-01  0.5307611     
 0.4083334E-01  0.5733697     
 0.4250000E-01  0.4556629     
 0.4416666E-01  0.3948268     
 0.4583333E-01  0.3604142     
 0.4750000E-01  0.3008089     
 0.4916666E-01  0.2244225     
 0.5083333E-01  0.1335569     
 0.5250000E-01  0.1138463     
 0.5416667E-01  0.6073703E-01 
 0.5583333E-01  0.9573725E-01 
 0.5750000E-01  0.1220621     
 0.5916666E-01  0.1957617     
 0.6083334E-01  0.2680305     
 0.6250000E-01  0.2868807     
 0.6416667E-01  0.3452025     
 0.6583333E-01  0.3763063     
 0.6750000E-01  0.3500148     
 0.6916667E-01  0.3453213     
 0.7083333E-01  0.2868138     
 0.7250000E-01  0.2197933     
 0.7416667E-01  0.1207518     
 0.7583334E-01  0.7899048E-01 
 0.7749999E-01  0.6220911E-01 
 0.7916667E-01  0.7913544E-01 
 0.8083334E-01  0.1842810     
 0.8250000E-01  0.2321951     
 0.8416667E-01  0.2999294     
 0.8583333E-01  0.3102484     
 0.8750000E-01  0.2910756     
 0.8916666E-01  0.2408144     
 0.9083333E-01  0.1640352     
 0.9250000E-01  0.8282181E-01 
 0.9416667E-01  0.4522679E-01 
 0.9583333E-01  0.8321213E-01 
 0.9750000E-01  0.8653710E-01 
 0.9916665E-01  0.1457005     
 0.1008333      0.2150700     
 0.1025000      0.2330517     
 0.1041667      0.1742287     
 0.1058333      0.1428332     
 0.1075000      0.7991692E-01 
 0.1091667      0.7499103E-01 
 0.1108333      0.4216024E-01 
 0.1125000      0.9044045E-01 
 0.1141667      0.1409587     
 0.1158333      0.1912054     
 0.1175000      0.1757851     
 0.1191667      0.1302489     
 0.1208333      0.3885689E-01 
 0.1225000      0.4386838E-01 
 0.1241667      0.4758756E-01 
 0.1258333      0.1045887     
 0.1275000      0.1210291     
 0.1291667      0.1326318     
 0.1308333      0.1047124     
 0.1325000      0.6003020E-01 
 0.1341667      0.5328153E-01 
 0.1358333      0.7854851E-01 
 0.1375000      0.7250603E-01 
 0.1391667      0.1081695     
 0.1408333      0.9155410E-01 
 0.1425000      0.7402416E-01 
 0.1441667      0.5562916E-01 
 0.1458333      0.4578220E-01 
 0.1475000      0.4748413E-01 
 0.1491667      0.8006201E-01 
 0.1508333      0.9215713E-01 
 0.1525000      0.6752715E-01 
 0.1541667      0.4883777E-01 
 0.1558333      0.3772017E-01 
 0.1575000      0.7341031E-01 
 0.1591667      0.7963042E-01 
 0.1608333      0.7728472E-01 
 0.1625000      0.7677663E-01 
 0.1641667      0.5404573E-01 
 0.1658333      0.2725667E-01 
