# SumMovie FRC for input stack : stack1.mrc
# Number of micrographs: 1
# Number of frames per movie: 50
# Pixel size (A): 3.0000
# 1/(A)          FRC
# -----------------------
# 
# Micrograph 1 of 1. Score: .535
 0.8333334E-03  0.9999990     
 0.2500000E-02  0.9744167     
 0.4166666E-02  0.9567800     
 0.5833333E-02  0.9214548     
 0.7499999E-02  0.9032530     
 0.9166666E-02  0.7480103     
 0.1083333E-01  0.7191666     
 0.1250000E-01  0.8496736     
 0.1416667E-01  0.9166320     
 0.1583333E-01  0.9189236     
 0.1750000E-01  0.8707188     
 0.1916667E-01  0.6669428     
 0.2083333E-01  0.7563417     
 0.2250000E-01  0.8649541     
 0.2416667E-01  0.8998255     
 0.2583333E-01  0.8674000     
 0.2750000E-01  0.7347820     
 0.2916667E-01  0.6279615     
 0.3083333E-01  0.7004266     
 0.3250000E-01  0.7280846     
 0.3416666E-01  0.6744874     
 0.3583334E-01  0.5357733     
 0.3750000E-01  0.4696801     
 0.3916667E-01  0.4435684     
 0.4083334E-01  0.4469028     
 0.4250000E-01  0.3791268     
 0.4416666E-01  0.2404410     
 0.4583333E-01  0.1400250     
 0.4750000E-01  0.1710525     
 0.4916666E-01  0.8846413E-01 
 0.5083333E-01  0.6318137E-01 
 0.5250000E-01  0.7382949E-01 
 0.5416667E-01  0.1032610     
 0.5583333E-01  0.1852773     
 0.5750000E-01  0.2311206     
 0.5916666E-01  0.3223905     
 0.6083334E-01  0.3288501     
 0.6250000E-01  0.3073356     
 0.6416667E-01  0.2746747     
 0.6583333E-01  0.2589651     
 0.6750000E-01  0.1574530     
 0.6916667E-01  0.1145541     
 0.7083333E-01  0.7918655E-01 
 0.7250000E-01  0.6226940E-01 
 0.7416667E-01  0.9369300E-01 
 0.7583334E-01  0.1537911     
 0.7749999E-01  0.2386689     
 0.7916667E-01  0.2945830     
 0.8083334E-01  0.2795545     
 0.8250000E-01  0.2763619     
 0.8416667E-01  0.2099366     
 0.8583333E-01  0.1148923     
 0.8750000E-01  0.4860696E-01 
 0.8916666E-01  0.4995114E-01 
 0.9083333E-01  0.1274768     
 0.9250000E-01  0.1788266     
 0.9416667E-01  0.2254610     
 0.9583333E-01  0.2362790     
 0.9750000E-01  0.1841634     
 0.9916665E-01  0.1228255     
 0.1008333      0.6929144E-01 
 0.1025000      0.6313630E-01 
 0.1041667      0.9855267E-01 
 0.1058333      0.1518717     
 0.1075000      0.1537703     
 0.1091667      0.1653645     
 0.1108333      0.1095370     
 0.1125000      0.1259056     
 0.1141667      0.4879035E-01 
 0.1158333      0.4509221E-01 
 0.1175000      0.9114493E-01 
 0.1191667      0.1177899     
 0.1208333      0.1088450     
 0.1225000      0.1004237     
 0.1241667      0.4907653E-01 
 0.1258333      0.4009429E-01 
 0.1275000      0.5477384E-01 
 0.1291667      0.1048033     
 0.1308333      0.1243441     
 0.1325000      0.6839529E-01 
 0.1341667      0.4326252E-01 
 0.1358333      0.3410387E-01 
 0.1375000      0.8486491E-01 
 0.1391667      0.7118169E-01 
 0.1408333      0.7800702E-01 
 0.1425000      0.7041617E-01 
 0.1441667      0.3096459E-01 
 0.1458333      0.4745969E-01 
 0.1475000      0.8167769E-01 
 0.1491667      0.7356535E-01 
 0.1508333      0.6784210E-01 
 0.1525000      0.4505415E-01 
 0.1541667      0.5208301E-01 
 0.1558333      0.5535856E-01 
 0.1575000      0.4481355E-01 
 0.1591667      0.2498218E-01 
 0.1608333      0.5728517E-01 
 0.1625000      0.5674395E-01 
 0.1641667      0.5223735E-01 
 0.1658333      0.2733932E-01 
