# SumMovie FRC for input stack : stack1.mrc
# Number of micrographs: 1
# Number of frames per movie: 50
# Pixel size (A): 3.0000
# 1/(A)          FRC
# -----------------------
# 
# Micrograph 1 of 1. Score: .492
 0.8333334E-03  0.9999990     
 0.2500000E-02  0.9744699     
 0.4166666E-02  0.9565890     
 0.5833333E-02  0.9211863     
 0.7499999E-02  0.9017113     
 0.9166666E-02  0.7386217     
 0.1083333E-01  0.7065622     
 0.1250000E-01  0.8339831     
 0.1416667E-01  0.9052605     
 0.1583333E-01  0.9096988     
 0.1750000E-01  0.8504165     
 0.1916667E-01  0.6243122     
 0.2083333E-01  0.7189066     
 0.2250000E-01  0.8354729     
 0.2416667E-01  0.8738838     
 0.2583333E-01  0.8277744     
 0.2750000E-01  0.6706344     
 0.2916667E-01  0.5296966     
 0.3083333E-01  0.6342144     
 0.3250000E-01  0.6291670     
 0.3416666E-01  0.5736814     
 0.3583334E-01  0.4673761     
 0.3750000E-01  0.4171864     
 0.3916667E-01  0.3534159     
 0.4083334E-01  0.3495041     
 0.4250000E-01  0.3173257     
 0.4416666E-01  0.2088383     
 0.4583333E-01  0.1505135     
 0.4750000E-01  0.1765629     
 0.4916666E-01  0.1193652     
 0.5083333E-01  0.9796932E-01 
 0.5250000E-01  0.1144589     
 0.5416667E-01  0.1144187     
 0.5583333E-01  0.1742053     
 0.5750000E-01  0.2205937     
 0.5916666E-01  0.2332335     
 0.6083334E-01  0.2703568     
 0.6250000E-01  0.2358710     
 0.6416667E-01  0.2459322     
 0.6583333E-01  0.2218111     
 0.6750000E-01  0.1468625     
 0.6916667E-01  0.1549701     
 0.7083333E-01  0.1294222     
 0.7250000E-01  0.8091573E-01 
 0.7416667E-01  0.1084599     
 0.7583334E-01  0.1588527     
 0.7749999E-01  0.2093069     
 0.7916667E-01  0.2104260     
 0.8083334E-01  0.1998564     
 0.8250000E-01  0.2177472     
 0.8416667E-01  0.1796546     
 0.8583333E-01  0.1189611     
 0.8750000E-01  0.7666297E-01 
 0.8916666E-01  0.5706775E-01 
 0.9083333E-01  0.1337348     
 0.9250000E-01  0.1458225     
 0.9416667E-01  0.1794824     
 0.9583333E-01  0.1842351     
 0.9750000E-01  0.1669049     
 0.9916665E-01  0.1202273     
 0.1008333      0.1061228     
 0.1025000      0.6642375E-01 
 0.1041667      0.1072712     
 0.1058333      0.1716025     
 0.1075000      0.1473987     
 0.1091667      0.1490962     
 0.1108333      0.1269536     
 0.1125000      0.1133200     
 0.1141667      0.8671270E-01 
 0.1158333      0.6203247E-01 
 0.1175000      0.1073678     
 0.1191667      0.9323118E-01 
 0.1208333      0.1164851     
 0.1225000      0.8927523E-01 
 0.1241667      0.1021143     
 0.1258333      0.9216487E-01 
 0.1275000      0.8013104E-01 
 0.1291667      0.1189934     
 0.1308333      0.1300904     
 0.1325000      0.1121283     
 0.1341667      0.7009034E-01 
 0.1358333      0.8229863E-01 
 0.1375000      0.9884716E-01 
 0.1391667      0.1008087     
 0.1408333      0.1151696     
 0.1425000      0.7661246E-01 
 0.1441667      0.7550646E-01 
 0.1458333      0.9640002E-01 
 0.1475000      0.1194263     
 0.1491667      0.8200987E-01 
 0.1508333      0.1022004     
 0.1525000      0.7893366E-01 
 0.1541667      0.7727320E-01 
 0.1558333      0.7649585E-01 
 0.1575000      0.9828712E-01 
 0.1591667      0.8245857E-01 
 0.1608333      0.9540949E-01 
 0.1625000      0.6954179E-01 
 0.1641667      0.7908341E-01 
 0.1658333      0.8111919E-01 
