# SumMovie FRC for input stack : stack1.mrc
# Number of micrographs: 1
# Number of frames per movie: 50
# Pixel size (A): 3.0000
# 1/(A)          FRC
# -----------------------
# 
# Micrograph 1 of 1. Score: .546
 0.8333334E-03  0.9999993     
 0.2500000E-02  0.9744529     
 0.4166666E-02  0.9570792     
 0.5833333E-02  0.9207902     
 0.7499999E-02  0.9049244     
 0.9166666E-02  0.7495719     
 0.1083333E-01  0.7272435     
 0.1250000E-01  0.8557511     
 0.1416667E-01  0.9223853     
 0.1583333E-01  0.9255435     
 0.1750000E-01  0.8740306     
 0.1916667E-01  0.6736581     
 0.2083333E-01  0.7636458     
 0.2250000E-01  0.8706640     
 0.2416667E-01  0.9034955     
 0.2583333E-01  0.8719993     
 0.2750000E-01  0.7481248     
 0.2916667E-01  0.6426179     
 0.3083333E-01  0.7085806     
 0.3250000E-01  0.7393700     
 0.3416666E-01  0.6855913     
 0.3583334E-01  0.5471609     
 0.3750000E-01  0.4832462     
 0.3916667E-01  0.4598115     
 0.4083334E-01  0.4501213     
 0.4250000E-01  0.3977351     
 0.4416666E-01  0.2546358     
 0.4583333E-01  0.1678409     
 0.4750000E-01  0.1847372     
 0.4916666E-01  0.9424013E-01 
 0.5083333E-01  0.6098982E-01 
 0.5250000E-01  0.7088661E-01 
 0.5416667E-01  0.1207859     
 0.5583333E-01  0.1867612     
 0.5750000E-01  0.2538466     
 0.5916666E-01  0.3177723     
 0.6083334E-01  0.3457571     
 0.6250000E-01  0.3299017     
 0.6416667E-01  0.2985281     
 0.6583333E-01  0.2719056     
 0.6750000E-01  0.1615001     
 0.6916667E-01  0.1314911     
 0.7083333E-01  0.8923078E-01 
 0.7250000E-01  0.6699451E-01 
 0.7416667E-01  0.1030094     
 0.7583334E-01  0.1612119     
 0.7749999E-01  0.2492427     
 0.7916667E-01  0.2984123     
 0.8083334E-01  0.2901031     
 0.8250000E-01  0.2901172     
 0.8416667E-01  0.2236855     
 0.8583333E-01  0.1222190     
 0.8750000E-01  0.5905782E-01 
 0.8916666E-01  0.3520614E-01 
 0.9083333E-01  0.1301072     
 0.9250000E-01  0.1961704     
 0.9416667E-01  0.2374707     
 0.9583333E-01  0.2490362     
 0.9750000E-01  0.1959398     
 0.9916665E-01  0.1109275     
 0.1008333      0.6901776E-01 
 0.1025000      0.4409399E-01 
 0.1041667      0.1225851     
 0.1058333      0.1565823     
 0.1075000      0.1562591     
 0.1091667      0.1764753     
 0.1108333      0.1325894     
 0.1125000      0.1291691     
 0.1141667      0.4355556E-01 
 0.1158333      0.6429146E-01 
 0.1175000      0.1071340     
 0.1191667      0.1142957     
 0.1208333      0.1106133     
 0.1225000      0.9698685E-01 
 0.1241667      0.4954067E-01 
 0.1258333      0.3904525E-01 
 0.1275000      0.5667495E-01 
 0.1291667      0.1132918     
 0.1308333      0.1263269     
 0.1325000      0.6838597E-01 
 0.1341667      0.4199114E-01 
 0.1358333      0.3212212E-01 
 0.1375000      0.9805005E-01 
 0.1391667      0.7190743E-01 
 0.1408333      0.1034500     
 0.1425000      0.6975624E-01 
 0.1441667      0.3728203E-01 
 0.1458333      0.4366063E-01 
 0.1475000      0.7442725E-01 
 0.1491667      0.6549353E-01 
 0.1508333      0.7257233E-01 
 0.1525000      0.3410798E-01 
 0.1541667      0.5839309E-01 
 0.1558333      0.7664396E-01 
 0.1575000      0.4508838E-01 
 0.1591667      0.2367987E-01 
 0.1608333      0.4565077E-01 
 0.1625000      0.5354949E-01 
 0.1641667      0.3226928E-01 
 0.1658333      0.2796337E-01 
