# SumMovie FRC for input stack : stack6.mrc
# Number of micrographs: 1
# Number of frames per movie: 50
# Pixel size (A): 3.0000
# 1/(A)          FRC
# -----------------------
# 
# Micrograph 1 of 1. Score: .567
 0.8333334E-03  0.9999999     
 0.2500000E-02  0.9513146     
 0.4166666E-02  0.9316465     
 0.5833333E-02  0.8460767     
 0.7499999E-02  0.8644899     
 0.9166666E-02  0.6711593     
 0.1083333E-01  0.6525772     
 0.1250000E-01  0.8452113     
 0.1416667E-01  0.8814407     
 0.1583333E-01  0.9298333     
 0.1750000E-01  0.8892786     
 0.1916667E-01  0.5987186     
 0.2083333E-01  0.6569012     
 0.2250000E-01  0.8236666     
 0.2416667E-01  0.8877534     
 0.2583333E-01  0.8385968     
 0.2750000E-01  0.7144399     
 0.2916667E-01  0.6059937     
 0.3083333E-01  0.6645439     
 0.3250000E-01  0.7074515     
 0.3416666E-01  0.6752876     
 0.3583334E-01  0.5650507     
 0.3750000E-01  0.5097390     
 0.3916667E-01  0.4925239     
 0.4083334E-01  0.5201740     
 0.4250000E-01  0.4263371     
 0.4416666E-01  0.3620019     
 0.4583333E-01  0.3240686     
 0.4750000E-01  0.2786544     
 0.4916666E-01  0.2054671     
 0.5083333E-01  0.1187174     
 0.5250000E-01  0.1472890     
 0.5416667E-01  0.9302758E-01 
 0.5583333E-01  0.1356353     
 0.5750000E-01  0.1295115     
 0.5916666E-01  0.2008372     
 0.6083334E-01  0.2587283     
 0.6250000E-01  0.2837153     
 0.6416667E-01  0.3165277     
 0.6583333E-01  0.3154839     
 0.6750000E-01  0.3239072     
 0.6916667E-01  0.3110065     
 0.7083333E-01  0.2572120     
 0.7250000E-01  0.2094978     
 0.7416667E-01  0.1464962     
 0.7583334E-01  0.1030499     
 0.7749999E-01  0.8779090E-01 
 0.7916667E-01  0.1035450     
 0.8083334E-01  0.1701872     
 0.8250000E-01  0.2068986     
 0.8416667E-01  0.2571057     
 0.8583333E-01  0.2799991     
 0.8750000E-01  0.2557606     
 0.8916666E-01  0.2580372     
 0.9083333E-01  0.1292162     
 0.9250000E-01  0.1343749     
 0.9416667E-01  0.9048707E-01 
 0.9583333E-01  0.1346308     
 0.9750000E-01  0.1381563     
 0.9916665E-01  0.1721354     
 0.1008333      0.1886080     
 0.1025000      0.2035552     
 0.1041667      0.2008268     
 0.1058333      0.1409378     
 0.1075000      0.1153479     
 0.1091667      0.6818420E-01 
 0.1108333      0.8806129E-01 
 0.1125000      0.1462553     
 0.1141667      0.1682343     
 0.1158333      0.1995374     
 0.1175000      0.1679784     
 0.1191667      0.1463503     
 0.1208333      0.1138077     
 0.1225000      0.8322014E-01 
 0.1241667      0.1100821     
 0.1258333      0.1082704     
 0.1275000      0.1621050     
 0.1291667      0.1464662     
 0.1308333      0.1522594     
 0.1325000      0.7809728E-01 
 0.1341667      0.7109058E-01 
 0.1358333      0.1200885     
 0.1375000      0.1058862     
 0.1391667      0.1074610     
 0.1408333      0.1319523     
 0.1425000      0.1101175     
 0.1441667      0.9481743E-01 
 0.1458333      0.9556263E-01 
 0.1475000      0.1108377     
 0.1491667      0.1331534     
 0.1508333      0.1420029     
 0.1525000      0.1190477     
 0.1541667      0.8046428E-01 
 0.1558333      0.1121662     
 0.1575000      0.9999949E-01 
 0.1591667      0.1160599     
 0.1608333      0.1376728     
 0.1625000      0.1047997     
 0.1641667      0.9415540E-01 
 0.1658333      0.7886820E-01 
