# SumMovie FRC for input stack : stack16.mrc
# Number of micrographs: 1
# Number of frames per movie: 50
# Pixel size (A): 3.0000
# 1/(A)          FRC
# -----------------------
# 
# Micrograph 1 of 1. Score: .539
 0.8333334E-03  0.9999994     
 0.2500000E-02  0.9671938     
 0.4166666E-02  0.9455613     
 0.5833333E-02  0.9118797     
 0.7499999E-02  0.8961639     
 0.9166666E-02  0.8419327     
 0.1083333E-01  0.7758188     
 0.1250000E-01  0.8831808     
 0.1416667E-01  0.9352632     
 0.1583333E-01  0.9656278     
 0.1750000E-01  0.9458616     
 0.1916667E-01  0.7755509     
 0.2083333E-01  0.8037331     
 0.2250000E-01  0.9019946     
 0.2416667E-01  0.9422125     
 0.2583333E-01  0.9335794     
 0.2750000E-01  0.8302030     
 0.2916667E-01  0.7029262     
 0.3083333E-01  0.7510513     
 0.3250000E-01  0.7961457     
 0.3416666E-01  0.7302420     
 0.3583334E-01  0.6035584     
 0.3750000E-01  0.4404803     
 0.3916667E-01  0.3777147     
 0.4083334E-01  0.2926372     
 0.4250000E-01  0.1220403     
 0.4416666E-01  0.1261797     
 0.4583333E-01  0.9068253E-01 
 0.4750000E-01  0.1495322     
 0.4916666E-01  0.2687085     
 0.5083333E-01  0.3424457     
 0.5250000E-01  0.3891411     
 0.5416667E-01  0.3761696     
 0.5583333E-01  0.4214888     
 0.5750000E-01  0.3624269     
 0.5916666E-01  0.2806770     
 0.6083334E-01  0.1903105     
 0.6250000E-01  0.8529259E-01 
 0.6416667E-01  0.1066930     
 0.6583333E-01  0.1404010     
 0.6750000E-01  0.2110449     
 0.6916667E-01  0.3173570     
 0.7083333E-01  0.4072565     
 0.7250000E-01  0.3663873     
 0.7416667E-01  0.2952070     
 0.7583334E-01  0.1841535     
 0.7749999E-01  0.1168936     
 0.7916667E-01  0.1001279     
 0.8083334E-01  0.2513828     
 0.8250000E-01  0.2748795     
 0.8416667E-01  0.3635859     
 0.8583333E-01  0.2986022     
 0.8750000E-01  0.1892230     
 0.8916666E-01  0.1181271     
 0.9083333E-01  0.8275025E-01 
 0.9250000E-01  0.1924528     
 0.9416667E-01  0.2615523     
 0.9583333E-01  0.2753505     
 0.9750000E-01  0.2176859     
 0.9916665E-01  0.1011059     
 0.1008333      0.6689706E-01 
 0.1025000      0.1261031     
 0.1041667      0.1863720     
 0.1058333      0.2431385     
 0.1075000      0.1866407     
 0.1091667      0.1126581     
 0.1108333      0.5139879E-01 
 0.1125000      0.1412367     
 0.1141667      0.1914124     
 0.1158333      0.1892820     
 0.1175000      0.1135402     
 0.1191667      0.5274742E-01 
 0.1208333      0.9125833E-01 
 0.1225000      0.1585993     
 0.1241667      0.1684557     
 0.1258333      0.1077441     
 0.1275000      0.6534865E-01 
 0.1291667      0.9277957E-01 
 0.1308333      0.1313300     
 0.1325000      0.1359711     
 0.1341667      0.7971022E-01 
 0.1358333      0.5477545E-01 
 0.1375000      0.1070698     
 0.1391667      0.1374788     
 0.1408333      0.9698608E-01 
 0.1425000      0.7206495E-01 
 0.1441667      0.7662287E-01 
 0.1458333      0.1053755     
 0.1475000      0.1007046     
 0.1491667      0.6596728E-01 
 0.1508333      0.6574488E-01 
 0.1525000      0.1045191     
 0.1541667      0.9576219E-01 
 0.1558333      0.6149079E-01 
 0.1575000      0.4906736E-01 
 0.1591667      0.8863287E-01 
 0.1608333      0.9491409E-01 
 0.1625000      0.4513792E-01 
 0.1641667      0.6186115E-01 
 0.1658333      0.1348151     
