# SumMovie FRC for input stack : stack6.mrc
# Number of micrographs: 1
# Number of frames per movie: 50
# Pixel size (A): 3.0000
# 1/(A)          FRC
# -----------------------
# 
# Micrograph 1 of 1. Score: .563
 0.8333334E-03  0.9999998     
 0.2500000E-02  0.9512932     
 0.4166666E-02  0.9316370     
 0.5833333E-02  0.8460257     
 0.7499999E-02  0.8642077     
 0.9166666E-02  0.6704631     
 0.1083333E-01  0.6516890     
 0.1250000E-01  0.8448547     
 0.1416667E-01  0.8805967     
 0.1583333E-01  0.9292195     
 0.1750000E-01  0.8885398     
 0.1916667E-01  0.5976582     
 0.2083333E-01  0.6547254     
 0.2250000E-01  0.8212554     
 0.2416667E-01  0.8859788     
 0.2583333E-01  0.8359690     
 0.2750000E-01  0.7112522     
 0.2916667E-01  0.6015242     
 0.3083333E-01  0.6594278     
 0.3250000E-01  0.7020719     
 0.3416666E-01  0.6712852     
 0.3583334E-01  0.5601830     
 0.3750000E-01  0.5031582     
 0.3916667E-01  0.4854919     
 0.4083334E-01  0.5108508     
 0.4250000E-01  0.4210883     
 0.4416666E-01  0.3588440     
 0.4583333E-01  0.3175148     
 0.4750000E-01  0.2753671     
 0.4916666E-01  0.2011335     
 0.5083333E-01  0.1185376     
 0.5250000E-01  0.1490310     
 0.5416667E-01  0.9395452E-01 
 0.5583333E-01  0.1387323     
 0.5750000E-01  0.1288402     
 0.5916666E-01  0.1961593     
 0.6083334E-01  0.2519266     
 0.6250000E-01  0.2804038     
 0.6416667E-01  0.3089784     
 0.6583333E-01  0.3082443     
 0.6750000E-01  0.3182835     
 0.6916667E-01  0.3075905     
 0.7083333E-01  0.2508115     
 0.7250000E-01  0.2073004     
 0.7416667E-01  0.1472417     
 0.7583334E-01  0.1027512     
 0.7749999E-01  0.8546742E-01 
 0.7916667E-01  0.1083390     
 0.8083334E-01  0.1690940     
 0.8250000E-01  0.2049506     
 0.8416667E-01  0.2503701     
 0.8583333E-01  0.2756800     
 0.8750000E-01  0.2500805     
 0.8916666E-01  0.2591586     
 0.9083333E-01  0.1289118     
 0.9250000E-01  0.1368342     
 0.9416667E-01  0.9159758E-01 
 0.9583333E-01  0.1368321     
 0.9750000E-01  0.1408579     
 0.9916665E-01  0.1723627     
 0.1008333      0.1865781     
 0.1025000      0.2029550     
 0.1041667      0.2001711     
 0.1058333      0.1369611     
 0.1075000      0.1184921     
 0.1091667      0.7602733E-01 
 0.1108333      0.9130850E-01 
 0.1125000      0.1459443     
 0.1141667      0.1627784     
 0.1158333      0.2013357     
 0.1175000      0.1711556     
 0.1191667      0.1492576     
 0.1208333      0.1225746     
 0.1225000      0.8916542E-01 
 0.1241667      0.1150712     
 0.1258333      0.1131764     
 0.1275000      0.1679079     
 0.1291667      0.1511042     
 0.1308333      0.1609096     
 0.1325000      0.8557695E-01 
 0.1341667      0.8074883E-01 
 0.1358333      0.1215218     
 0.1375000      0.1121162     
 0.1391667      0.1120544     
 0.1408333      0.1390977     
 0.1425000      0.1113318     
 0.1441667      0.1022747     
 0.1458333      0.1000802     
 0.1475000      0.1234290     
 0.1491667      0.1394618     
 0.1508333      0.1472575     
 0.1525000      0.1283902     
 0.1541667      0.8691028E-01 
 0.1558333      0.1198673     
 0.1575000      0.1085292     
 0.1591667      0.1285414     
 0.1608333      0.1431345     
 0.1625000      0.1110187     
 0.1641667      0.1001374     
 0.1658333      0.8838796E-01 
