# SumMovie FRC for input stack : stack1.mrc
# Number of micrographs: 1
# Number of frames per movie: 50
# Pixel size (A): 3.0000
# 1/(A)          FRC
# -----------------------
# 
# Micrograph 1 of 1. Score: .546
 0.8333334E-03  0.9999993     
 0.2500000E-02  0.9744542     
 0.4166666E-02  0.9570329     
 0.5833333E-02  0.9206624     
 0.7499999E-02  0.9049741     
 0.9166666E-02  0.7494961     
 0.1083333E-01  0.7274171     
 0.1250000E-01  0.8559889     
 0.1416667E-01  0.9223270     
 0.1583333E-01  0.9262254     
 0.1750000E-01  0.8739223     
 0.1916667E-01  0.6746302     
 0.2083333E-01  0.7638341     
 0.2250000E-01  0.8705653     
 0.2416667E-01  0.9032646     
 0.2583333E-01  0.8719044     
 0.2750000E-01  0.7473615     
 0.2916667E-01  0.6433693     
 0.3083333E-01  0.7085678     
 0.3250000E-01  0.7379453     
 0.3416666E-01  0.6841872     
 0.3583334E-01  0.5454082     
 0.3750000E-01  0.4831094     
 0.3916667E-01  0.4601956     
 0.4083334E-01  0.4487948     
 0.4250000E-01  0.3991459     
 0.4416666E-01  0.2583063     
 0.4583333E-01  0.1688178     
 0.4750000E-01  0.1881040     
 0.4916666E-01  0.9410315E-01 
 0.5083333E-01  0.6266687E-01 
 0.5250000E-01  0.6762020E-01 
 0.5416667E-01  0.1257656     
 0.5583333E-01  0.1855343     
 0.5750000E-01  0.2511050     
 0.5916666E-01  0.3160366     
 0.6083334E-01  0.3432320     
 0.6250000E-01  0.3271680     
 0.6416667E-01  0.2992553     
 0.6583333E-01  0.2712478     
 0.6750000E-01  0.1612892     
 0.6916667E-01  0.1336488     
 0.7083333E-01  0.8770829E-01 
 0.7250000E-01  0.6849292E-01 
 0.7416667E-01  0.1076072     
 0.7583334E-01  0.1672273     
 0.7749999E-01  0.2464311     
 0.7916667E-01  0.2976463     
 0.8083334E-01  0.2898874     
 0.8250000E-01  0.2852270     
 0.8416667E-01  0.2282305     
 0.8583333E-01  0.1235418     
 0.8750000E-01  0.6097370E-01 
 0.8916666E-01  0.3231214E-01 
 0.9083333E-01  0.1313730     
 0.9250000E-01  0.1976919     
 0.9416667E-01  0.2379699     
 0.9583333E-01  0.2510458     
 0.9750000E-01  0.1958128     
 0.9916665E-01  0.1115578     
 0.1008333      0.6976050E-01 
 0.1025000      0.4813511E-01 
 0.1041667      0.1194490     
 0.1058333      0.1556190     
 0.1075000      0.1605059     
 0.1091667      0.1750314     
 0.1108333      0.1322462     
 0.1125000      0.1255203     
 0.1141667      0.4083331E-01 
 0.1158333      0.6529540E-01 
 0.1175000      0.1075496     
 0.1191667      0.1140173     
 0.1208333      0.1153089     
 0.1225000      0.1013972     
 0.1241667      0.4834797E-01 
 0.1258333      0.4196220E-01 
 0.1275000      0.5883380E-01 
 0.1291667      0.1180180     
 0.1308333      0.1211467     
 0.1325000      0.7012092E-01 
 0.1341667      0.4897786E-01 
 0.1358333      0.2437719E-01 
 0.1375000      0.1046746     
 0.1391667      0.7052497E-01 
 0.1408333      0.1092058     
 0.1425000      0.6432015E-01 
 0.1441667      0.3863509E-01 
 0.1458333      0.3150900E-01 
 0.1475000      0.7577255E-01 
 0.1491667      0.6107184E-01 
 0.1508333      0.6842433E-01 
 0.1525000      0.2599548E-01 
 0.1541667      0.5821777E-01 
 0.1558333      0.8125161E-01 
 0.1575000      0.4461091E-01 
 0.1591667      0.2251874E-01 
 0.1608333      0.4063560E-01 
 0.1625000      0.5048836E-01 
 0.1641667      0.3482354E-01 
 0.1658333      0.3008346E-01 
