# SumMovie FRC for input stack : stack11.mrc
# Number of micrographs: 1
# Number of frames per movie: 50
# Pixel size (A): 3.0000
# 1/(A)          FRC
# -----------------------
# 
# Micrograph 1 of 1. Score: .576
 0.8333334E-03  0.9999998     
 0.2500000E-02  0.8504537     
 0.4166666E-02  0.8706166     
 0.5833333E-02  0.8517935     
 0.7499999E-02  0.8576962     
 0.9166666E-02  0.7372568     
 0.1083333E-01  0.6259857     
 0.1250000E-01  0.8532043     
 0.1416667E-01  0.9149376     
 0.1583333E-01  0.9440967     
 0.1750000E-01  0.9079219     
 0.1916667E-01  0.6566456     
 0.2083333E-01  0.7412496     
 0.2250000E-01  0.8760982     
 0.2416667E-01  0.9236542     
 0.2583333E-01  0.8933397     
 0.2750000E-01  0.7451972     
 0.2916667E-01  0.6485792     
 0.3083333E-01  0.7165130     
 0.3250000E-01  0.7755241     
 0.3416666E-01  0.7274491     
 0.3583334E-01  0.5939096     
 0.3750000E-01  0.5301654     
 0.3916667E-01  0.5075012     
 0.4083334E-01  0.5212833     
 0.4250000E-01  0.4064289     
 0.4416666E-01  0.3420600     
 0.4583333E-01  0.2980461     
 0.4750000E-01  0.2193398     
 0.4916666E-01  0.1072452     
 0.5083333E-01  0.7527306E-01 
 0.5250000E-01  0.1382020     
 0.5416667E-01  0.1449421     
 0.5583333E-01  0.2212319     
 0.5750000E-01  0.3000111     
 0.5916666E-01  0.3742984     
 0.6083334E-01  0.3611529     
 0.6250000E-01  0.4165429     
 0.6416667E-01  0.4006538     
 0.6583333E-01  0.3250198     
 0.6750000E-01  0.3061935     
 0.6916667E-01  0.1893583     
 0.7083333E-01  0.1095739     
 0.7250000E-01  0.7600671E-01 
 0.7416667E-01  0.1128443     
 0.7583334E-01  0.2014575     
 0.7749999E-01  0.2799076     
 0.7916667E-01  0.3218743     
 0.8083334E-01  0.3702213     
 0.8250000E-01  0.3327954     
 0.8416667E-01  0.3103538     
 0.8583333E-01  0.2119623     
 0.8750000E-01  0.1026493     
 0.8916666E-01  0.7163992E-01 
 0.9083333E-01  0.1347397     
 0.9250000E-01  0.2344939     
 0.9416667E-01  0.2955750     
 0.9583333E-01  0.3049587     
 0.9750000E-01  0.2679228     
 0.9916665E-01  0.2354245     
 0.1008333      0.1101982     
 0.1025000      0.6057465E-01 
 0.1041667      0.1239521     
 0.1058333      0.2103560     
 0.1075000      0.2374190     
 0.1091667      0.2467142     
 0.1108333      0.2077035     
 0.1125000      0.1452411     
 0.1141667      0.8153673E-01 
 0.1158333      0.8827779E-01 
 0.1175000      0.1568381     
 0.1191667      0.1857644     
 0.1208333      0.1661765     
 0.1225000      0.1436934     
 0.1241667      0.8106838E-01 
 0.1258333      0.8073464E-01 
 0.1275000      0.9701052E-01 
 0.1291667      0.1570738     
 0.1308333      0.1737260     
 0.1325000      0.1745927     
 0.1341667      0.9855659E-01 
 0.1358333      0.5966401E-01 
 0.1375000      0.1126224     
 0.1391667      0.1122559     
 0.1408333      0.1477219     
 0.1425000      0.1135522     
 0.1441667      0.8722208E-01 
 0.1458333      0.7057654E-01 
 0.1475000      0.7010971E-01 
 0.1491667      0.1212994     
 0.1508333      0.1235028     
 0.1525000      0.9707864E-01 
 0.1541667      0.8216899E-01 
 0.1558333      0.8285881E-01 
 0.1575000      0.1289773     
 0.1591667      0.8742354E-01 
 0.1608333      0.8378994E-01 
 0.1625000      0.6680787E-01 
 0.1641667      0.9712628E-01 
 0.1658333      0.1178027     
