# SumMovie FRC for input stack : stack11.mrc
# Number of micrographs: 1
# Number of frames per movie: 50
# Pixel size (A): 3.0000
# 1/(A)          FRC
# -----------------------
# 
# Micrograph 1 of 1. Score: .570
 0.8333334E-03  0.9999998     
 0.2500000E-02  0.8500928     
 0.4166666E-02  0.8701780     
 0.5833333E-02  0.8519571     
 0.7499999E-02  0.8573025     
 0.9166666E-02  0.7365236     
 0.1083333E-01  0.6257947     
 0.1250000E-01  0.8518018     
 0.1416667E-01  0.9138407     
 0.1583333E-01  0.9437172     
 0.1750000E-01  0.9067712     
 0.1916667E-01  0.6585971     
 0.2083333E-01  0.7384021     
 0.2250000E-01  0.8746033     
 0.2416667E-01  0.9210190     
 0.2583333E-01  0.8917435     
 0.2750000E-01  0.7403800     
 0.2916667E-01  0.6382300     
 0.3083333E-01  0.7079848     
 0.3250000E-01  0.7691298     
 0.3416666E-01  0.7169005     
 0.3583334E-01  0.5868398     
 0.3750000E-01  0.5195737     
 0.3916667E-01  0.4949974     
 0.4083334E-01  0.5136702     
 0.4250000E-01  0.3986807     
 0.4416666E-01  0.3340490     
 0.4583333E-01  0.2857988     
 0.4750000E-01  0.2197434     
 0.4916666E-01  0.1075072     
 0.5083333E-01  0.7585179E-01 
 0.5250000E-01  0.1365060     
 0.5416667E-01  0.1360350     
 0.5583333E-01  0.2212926     
 0.5750000E-01  0.2937084     
 0.5916666E-01  0.3541683     
 0.6083334E-01  0.3519239     
 0.6250000E-01  0.3935838     
 0.6416667E-01  0.3842623     
 0.6583333E-01  0.3025370     
 0.6750000E-01  0.2940968     
 0.6916667E-01  0.1884183     
 0.7083333E-01  0.1109824     
 0.7250000E-01  0.8683657E-01 
 0.7416667E-01  0.1089867     
 0.7583334E-01  0.1939849     
 0.7749999E-01  0.2612270     
 0.7916667E-01  0.3069029     
 0.8083334E-01  0.3447098     
 0.8250000E-01  0.3137538     
 0.8416667E-01  0.2881794     
 0.8583333E-01  0.2016834     
 0.8750000E-01  0.9284732E-01 
 0.8916666E-01  0.7726616E-01 
 0.9083333E-01  0.1286759     
 0.9250000E-01  0.2173596     
 0.9416667E-01  0.2794140     
 0.9583333E-01  0.3015053     
 0.9750000E-01  0.2507000     
 0.9916665E-01  0.2313277     
 0.1008333      0.1130073     
 0.1025000      0.8383899E-01 
 0.1041667      0.1412902     
 0.1058333      0.2162633     
 0.1075000      0.2127471     
 0.1091667      0.2468942     
 0.1108333      0.2081568     
 0.1125000      0.1532286     
 0.1141667      0.1010316     
 0.1158333      0.9306504E-01 
 0.1175000      0.1640767     
 0.1191667      0.1924176     
 0.1208333      0.1645126     
 0.1225000      0.1462695     
 0.1241667      0.9259288E-01 
 0.1258333      0.1032987     
 0.1275000      0.1122609     
 0.1291667      0.1652824     
 0.1308333      0.1607289     
 0.1325000      0.1845276     
 0.1341667      0.1104347     
 0.1358333      0.7079682E-01 
 0.1375000      0.1313184     
 0.1391667      0.1152440     
 0.1408333      0.1507805     
 0.1425000      0.1150631     
 0.1441667      0.1153842     
 0.1458333      0.1025992     
 0.1475000      0.1016466     
 0.1491667      0.1181906     
 0.1508333      0.1490023     
 0.1525000      0.1078613     
 0.1541667      0.9745985E-01 
 0.1558333      0.1135552     
 0.1575000      0.1454904     
 0.1591667      0.1069871     
 0.1608333      0.1186356     
 0.1625000      0.9741925E-01 
 0.1641667      0.1249397     
 0.1658333      0.1434888     
