# SumMovie FRC for input stack : stack6.mrc
# Number of micrographs: 1
# Number of frames per movie: 50
# Pixel size (A): 3.0000
# 1/(A)          FRC
# -----------------------
# 
# Micrograph 1 of 1. Score: .572
 0.8333334E-03  0.9999999     
 0.2500000E-02  0.9513420     
 0.4166666E-02  0.9316549     
 0.5833333E-02  0.8461426     
 0.7499999E-02  0.8648350     
 0.9166666E-02  0.6722326     
 0.1083333E-01  0.6538128     
 0.1250000E-01  0.8456891     
 0.1416667E-01  0.8825094     
 0.1583333E-01  0.9306331     
 0.1750000E-01  0.8902469     
 0.1916667E-01  0.5997267     
 0.2083333E-01  0.6593413     
 0.2250000E-01  0.8264318     
 0.2416667E-01  0.8900321     
 0.2583333E-01  0.8416710     
 0.2750000E-01  0.7181930     
 0.2916667E-01  0.6113374     
 0.3083333E-01  0.6707847     
 0.3250000E-01  0.7139409     
 0.3416666E-01  0.6804730     
 0.3583334E-01  0.5713873     
 0.3750000E-01  0.5180904     
 0.3916667E-01  0.5008758     
 0.4083334E-01  0.5317060     
 0.4250000E-01  0.4323834     
 0.4416666E-01  0.3659212     
 0.4583333E-01  0.3325794     
 0.4750000E-01  0.2829204     
 0.4916666E-01  0.2104134     
 0.5083333E-01  0.1186648     
 0.5250000E-01  0.1444152     
 0.5416667E-01  0.9110458E-01 
 0.5583333E-01  0.1313431     
 0.5750000E-01  0.1298026     
 0.5916666E-01  0.2067040     
 0.6083334E-01  0.2661921     
 0.6250000E-01  0.2871036     
 0.6416667E-01  0.3265414     
 0.6583333E-01  0.3248371     
 0.6750000E-01  0.3313150     
 0.6916667E-01  0.3151272     
 0.7083333E-01  0.2649692     
 0.7250000E-01  0.2123676     
 0.7416667E-01  0.1453328     
 0.7583334E-01  0.1024235     
 0.7749999E-01  0.8923781E-01 
 0.7916667E-01  0.9732983E-01 
 0.8083334E-01  0.1713647     
 0.8250000E-01  0.2098892     
 0.8416667E-01  0.2648332     
 0.8583333E-01  0.2843646     
 0.8750000E-01  0.2612242     
 0.8916666E-01  0.2547882     
 0.9083333E-01  0.1314782     
 0.9250000E-01  0.1297414     
 0.9416667E-01  0.8673242E-01 
 0.9583333E-01  0.1299065     
 0.9750000E-01  0.1311987     
 0.9916665E-01  0.1682223     
 0.1008333      0.1896942     
 0.1025000      0.2092018     
 0.1041667      0.1980214     
 0.1058333      0.1432115     
 0.1075000      0.1091781     
 0.1091667      0.5850782E-01 
 0.1108333      0.8377589E-01 
 0.1125000      0.1398225     
 0.1141667      0.1724036     
 0.1158333      0.1964885     
 0.1175000      0.1607492     
 0.1191667      0.1414108     
 0.1208333      0.1002431     
 0.1225000      0.7323586E-01 
 0.1241667      0.9739918E-01 
 0.1258333      0.1006463     
 0.1275000      0.1522008     
 0.1291667      0.1405397     
 0.1308333      0.1398631     
 0.1325000      0.6821559E-01 
 0.1341667      0.5865920E-01 
 0.1358333      0.1146821     
 0.1375000      0.9481934E-01 
 0.1391667      0.9844583E-01 
 0.1408333      0.1223675     
 0.1425000      0.1057313     
 0.1441667      0.8339723E-01 
 0.1458333      0.8465507E-01 
 0.1475000      0.9441586E-01 
 0.1491667      0.1219244     
 0.1508333      0.1314870     
 0.1525000      0.1038797     
 0.1541667      0.6920741E-01 
 0.1558333      0.9859435E-01 
 0.1575000      0.8818818E-01 
 0.1591667      0.1015444     
 0.1608333      0.1234305     
 0.1625000      0.9173964E-01 
 0.1641667      0.8475801E-01 
 0.1658333      0.6463671E-01 
