# SumMovie FRC for input stack : stack16.mrc
# Number of micrographs: 1
# Number of frames per movie: 50
# Pixel size (A): 3.0000
# 1/(A)          FRC
# -----------------------
# 
# Micrograph 1 of 1. Score: .536
 0.8333334E-03  0.9999994     
 0.2500000E-02  0.9671870     
 0.4166666E-02  0.9457350     
 0.5833333E-02  0.9117114     
 0.7499999E-02  0.8955987     
 0.9166666E-02  0.8420768     
 0.1083333E-01  0.7749613     
 0.1250000E-01  0.8820704     
 0.1416667E-01  0.9347591     
 0.1583333E-01  0.9654720     
 0.1750000E-01  0.9456803     
 0.1916667E-01  0.7733712     
 0.2083333E-01  0.8041810     
 0.2250000E-01  0.9010088     
 0.2416667E-01  0.9406036     
 0.2583333E-01  0.9324102     
 0.2750000E-01  0.8284293     
 0.2916667E-01  0.6991421     
 0.3083333E-01  0.7466463     
 0.3250000E-01  0.7942256     
 0.3416666E-01  0.7243024     
 0.3583334E-01  0.5981803     
 0.3750000E-01  0.4386192     
 0.3916667E-01  0.3706477     
 0.4083334E-01  0.2928800     
 0.4250000E-01  0.1175007     
 0.4416666E-01  0.1265300     
 0.4583333E-01  0.9540292E-01 
 0.4750000E-01  0.1439981     
 0.4916666E-01  0.2672177     
 0.5083333E-01  0.3413858     
 0.5250000E-01  0.3844769     
 0.5416667E-01  0.3696856     
 0.5583333E-01  0.4154043     
 0.5750000E-01  0.3619883     
 0.5916666E-01  0.2750434     
 0.6083334E-01  0.1943588     
 0.6250000E-01  0.8583631E-01 
 0.6416667E-01  0.1004416     
 0.6583333E-01  0.1385979     
 0.6750000E-01  0.2152933     
 0.6916667E-01  0.3176728     
 0.7083333E-01  0.4040343     
 0.7250000E-01  0.3607185     
 0.7416667E-01  0.2837488     
 0.7583334E-01  0.1823689     
 0.7749999E-01  0.1185136     
 0.7916667E-01  0.9739234E-01 
 0.8083334E-01  0.2415470     
 0.8250000E-01  0.2694871     
 0.8416667E-01  0.3590805     
 0.8583333E-01  0.2928936     
 0.8750000E-01  0.1841056     
 0.8916666E-01  0.1161916     
 0.9083333E-01  0.8290402E-01 
 0.9250000E-01  0.1902320     
 0.9416667E-01  0.2554762     
 0.9583333E-01  0.2807325     
 0.9750000E-01  0.2181925     
 0.9916665E-01  0.1029940     
 0.1008333      0.7197762E-01 
 0.1025000      0.1270130     
 0.1041667      0.1842109     
 0.1058333      0.2413572     
 0.1075000      0.1764988     
 0.1091667      0.1137244     
 0.1108333      0.4461721E-01 
 0.1125000      0.1399748     
 0.1141667      0.1861250     
 0.1158333      0.1796424     
 0.1175000      0.1083681     
 0.1191667      0.5675060E-01 
 0.1208333      0.8861202E-01 
 0.1225000      0.1571771     
 0.1241667      0.1666680     
 0.1258333      0.1065905     
 0.1275000      0.7451777E-01 
 0.1291667      0.8945831E-01 
 0.1308333      0.1319950     
 0.1325000      0.1370073     
 0.1341667      0.7993928E-01 
 0.1358333      0.4123680E-01 
 0.1375000      0.1034776     
 0.1391667      0.1411543     
 0.1408333      0.1069906     
 0.1425000      0.6602077E-01 
 0.1441667      0.8182219E-01 
 0.1458333      0.1050527     
 0.1475000      0.9869499E-01 
 0.1491667      0.6791829E-01 
 0.1508333      0.6087719E-01 
 0.1525000      0.9962851E-01 
 0.1541667      0.9122945E-01 
 0.1558333      0.6843575E-01 
 0.1575000      0.4504345E-01 
 0.1591667      0.8662745E-01 
 0.1608333      0.9542850E-01 
 0.1625000      0.4534433E-01 
 0.1641667      0.5909958E-01 
 0.1658333      0.1321018     
