# SumMovie FRC for input stack : stack6.mrc
# Number of micrographs: 1
# Number of frames per movie: 50
# Pixel size (A): 3.0000
# 1/(A)          FRC
# -----------------------
# 
# Micrograph 1 of 1. Score: .563
 0.8333334E-03  0.9999998     
 0.2500000E-02  0.9512945     
 0.4166666E-02  0.9316353     
 0.5833333E-02  0.8460321     
 0.7499999E-02  0.8642172     
 0.9166666E-02  0.6704944     
 0.1083333E-01  0.6516955     
 0.1250000E-01  0.8448709     
 0.1416667E-01  0.8806164     
 0.1583333E-01  0.9292315     
 0.1750000E-01  0.8885547     
 0.1916667E-01  0.5976930     
 0.2083333E-01  0.6548411     
 0.2250000E-01  0.8213401     
 0.2416667E-01  0.8860331     
 0.2583333E-01  0.8360537     
 0.2750000E-01  0.7113428     
 0.2916667E-01  0.6016738     
 0.3083333E-01  0.6595838     
 0.3250000E-01  0.7022686     
 0.3416666E-01  0.6714066     
 0.3583334E-01  0.5603097     
 0.3750000E-01  0.5032855     
 0.3916667E-01  0.4856911     
 0.4083334E-01  0.5111205     
 0.4250000E-01  0.4212547     
 0.4416666E-01  0.3588994     
 0.4583333E-01  0.3176343     
 0.4750000E-01  0.2754378     
 0.4916666E-01  0.2013147     
 0.5083333E-01  0.1186040     
 0.5250000E-01  0.1490307     
 0.5416667E-01  0.9395520E-01 
 0.5583333E-01  0.1386225     
 0.5750000E-01  0.1288405     
 0.5916666E-01  0.1962740     
 0.6083334E-01  0.2521495     
 0.6250000E-01  0.2804628     
 0.6416667E-01  0.3091805     
 0.6583333E-01  0.3084009     
 0.6750000E-01  0.3183809     
 0.6916667E-01  0.3076852     
 0.7083333E-01  0.2509817     
 0.7250000E-01  0.2074732     
 0.7416667E-01  0.1472435     
 0.7583334E-01  0.1027879     
 0.7749999E-01  0.8552562E-01 
 0.7916667E-01  0.1081427     
 0.8083334E-01  0.1690377     
 0.8250000E-01  0.2050896     
 0.8416667E-01  0.2505568     
 0.8583333E-01  0.2757948     
 0.8750000E-01  0.2502171     
 0.8916666E-01  0.2590662     
 0.9083333E-01  0.1289104     
 0.9250000E-01  0.1367275     
 0.9416667E-01  0.9167455E-01 
 0.9583333E-01  0.1368621     
 0.9750000E-01  0.1408089     
 0.9916665E-01  0.1723239     
 0.1008333      0.1865622     
 0.1025000      0.2029089     
 0.1041667      0.2001485     
 0.1058333      0.1373443     
 0.1075000      0.1185079     
 0.1091667      0.7587361E-01 
 0.1108333      0.9127355E-01 
 0.1125000      0.1460621     
 0.1141667      0.1630717     
 0.1158333      0.2013724     
 0.1175000      0.1710610     
 0.1191667      0.1490721     
 0.1208333      0.1222192     
 0.1225000      0.8893271E-01 
 0.1241667      0.1151381     
 0.1258333      0.1131412     
 0.1275000      0.1677795     
 0.1291667      0.1510345     
 0.1308333      0.1607042     
 0.1325000      0.8536818E-01 
 0.1341667      0.8063903E-01 
 0.1358333      0.1215959     
 0.1375000      0.1119014     
 0.1391667      0.1118600     
 0.1408333      0.1388744     
 0.1425000      0.1114313     
 0.1441667      0.1021901     
 0.1458333      0.1000325     
 0.1475000      0.1231106     
 0.1491667      0.1391945     
 0.1508333      0.1471933     
 0.1525000      0.1281130     
 0.1541667      0.8664235E-01 
 0.1558333      0.1193386     
 0.1575000      0.1084116     
 0.1591667      0.1281925     
 0.1608333      0.1429693     
 0.1625000      0.1108552     
 0.1641667      0.1000517     
 0.1658333      0.8820958E-01 
