# SumMovie FRC for input stack : stack11.mrc
# Number of micrographs: 1
# Number of frames per movie: 50
# Pixel size (A): 3.0000
# 1/(A)          FRC
# -----------------------
# 
# Micrograph 1 of 1. Score: .570
 0.8333334E-03  0.9999998     
 0.2500000E-02  0.8500570     
 0.4166666E-02  0.8701361     
 0.5833333E-02  0.8519587     
 0.7499999E-02  0.8572523     
 0.9166666E-02  0.7363976     
 0.1083333E-01  0.6257649     
 0.1250000E-01  0.8516566     
 0.1416667E-01  0.9137518     
 0.1583333E-01  0.9436683     
 0.1750000E-01  0.9066432     
 0.1916667E-01  0.6586555     
 0.2083333E-01  0.7380623     
 0.2250000E-01  0.8743896     
 0.2416667E-01  0.9207274     
 0.2583333E-01  0.8915187     
 0.2750000E-01  0.7397599     
 0.2916667E-01  0.6369597     
 0.3083333E-01  0.7070969     
 0.3250000E-01  0.7684195     
 0.3416666E-01  0.7158116     
 0.3583334E-01  0.5859203     
 0.3750000E-01  0.5183633     
 0.3916667E-01  0.4936976     
 0.4083334E-01  0.5126197     
 0.4250000E-01  0.3978202     
 0.4416666E-01  0.3330540     
 0.4583333E-01  0.2843405     
 0.4750000E-01  0.2196604     
 0.4916666E-01  0.1071657     
 0.5083333E-01  0.7566777E-01 
 0.5250000E-01  0.1360126     
 0.5416667E-01  0.1345933     
 0.5583333E-01  0.2210136     
 0.5750000E-01  0.2926314     
 0.5916666E-01  0.3523276     
 0.6083334E-01  0.3508359     
 0.6250000E-01  0.3911055     
 0.6416667E-01  0.3823635     
 0.6583333E-01  0.2997739     
 0.6750000E-01  0.2923537     
 0.6916667E-01  0.1877784     
 0.7083333E-01  0.1108837     
 0.7250000E-01  0.8713157E-01 
 0.7416667E-01  0.1086202     
 0.7583334E-01  0.1925840     
 0.7749999E-01  0.2595316     
 0.7916667E-01  0.3051135     
 0.8083334E-01  0.3421712     
 0.8250000E-01  0.3116799     
 0.8416667E-01  0.2862854     
 0.8583333E-01  0.2000405     
 0.8750000E-01  0.9163856E-01 
 0.8916666E-01  0.7694239E-01 
 0.9083333E-01  0.1282314     
 0.9250000E-01  0.2154312     
 0.9416667E-01  0.2770765     
 0.9583333E-01  0.3009219     
 0.9750000E-01  0.2488726     
 0.9916665E-01  0.2296956     
 0.1008333      0.1131409     
 0.1025000      0.8457083E-01 
 0.1041667      0.1421992     
 0.1058333      0.2152165     
 0.1075000      0.2098154     
 0.1091667      0.2456703     
 0.1108333      0.2076672     
 0.1125000      0.1529902     
 0.1141667      0.1015733     
 0.1158333      0.9258433E-01 
 0.1175000      0.1631788     
 0.1191667      0.1918959     
 0.1208333      0.1649237     
 0.1225000      0.1457682     
 0.1241667      0.9282903E-01 
 0.1258333      0.1040565     
 0.1275000      0.1128128     
 0.1291667      0.1652055     
 0.1308333      0.1587794     
 0.1325000      0.1846182     
 0.1341667      0.1108284     
 0.1358333      0.7144965E-01 
 0.1375000      0.1316288     
 0.1391667      0.1146008     
 0.1408333      0.1490278     
 0.1425000      0.1142710     
 0.1441667      0.1165849     
 0.1458333      0.1030834     
 0.1475000      0.1034216     
 0.1491667      0.1173754     
 0.1508333      0.1501567     
 0.1525000      0.1071357     
 0.1541667      0.9683087E-01 
 0.1558333      0.1149135     
 0.1575000      0.1458942     
 0.1591667      0.1077043     
 0.1608333      0.1200769     
 0.1625000      0.9873034E-01 
 0.1641667      0.1245949     
 0.1658333      0.1451255     
