# SumMovie FRC for input stack : stack1.mrc
# Number of micrographs: 1
# Number of frames per movie: 50
# Pixel size (A): 3.0000
# 1/(A)          FRC
# -----------------------
# 
# Micrograph 1 of 1. Score: .546
 0.8333334E-03  0.9999993     
 0.2500000E-02  0.9744555     
 0.4166666E-02  0.9570127     
 0.5833333E-02  0.9206925     
 0.7499999E-02  0.9048330     
 0.9166666E-02  0.7498138     
 0.1083333E-01  0.7273548     
 0.1250000E-01  0.8559227     
 0.1416667E-01  0.9223096     
 0.1583333E-01  0.9261147     
 0.1750000E-01  0.8739914     
 0.1916667E-01  0.6745597     
 0.2083333E-01  0.7638674     
 0.2250000E-01  0.8704830     
 0.2416667E-01  0.9033717     
 0.2583333E-01  0.8719366     
 0.2750000E-01  0.7478880     
 0.2916667E-01  0.6442010     
 0.3083333E-01  0.7090433     
 0.3250000E-01  0.7379718     
 0.3416666E-01  0.6843787     
 0.3583334E-01  0.5453889     
 0.3750000E-01  0.4827678     
 0.3916667E-01  0.4610339     
 0.4083334E-01  0.4489064     
 0.4250000E-01  0.4002644     
 0.4416666E-01  0.2586441     
 0.4583333E-01  0.1700340     
 0.4750000E-01  0.1881278     
 0.4916666E-01  0.9676521E-01 
 0.5083333E-01  0.6288505E-01 
 0.5250000E-01  0.6855752E-01 
 0.5416667E-01  0.1269288     
 0.5583333E-01  0.1861366     
 0.5750000E-01  0.2529198     
 0.5916666E-01  0.3156048     
 0.6083334E-01  0.3429720     
 0.6250000E-01  0.3287295     
 0.6416667E-01  0.2996827     
 0.6583333E-01  0.2719285     
 0.6750000E-01  0.1612668     
 0.6916667E-01  0.1347784     
 0.7083333E-01  0.8628350E-01 
 0.7250000E-01  0.6996883E-01 
 0.7416667E-01  0.1064376     
 0.7583334E-01  0.1659506     
 0.7749999E-01  0.2469018     
 0.7916667E-01  0.2984975     
 0.8083334E-01  0.2879423     
 0.8250000E-01  0.2844721     
 0.8416667E-01  0.2252905     
 0.8583333E-01  0.1233807     
 0.8750000E-01  0.6135358E-01 
 0.8916666E-01  0.3245059E-01 
 0.9083333E-01  0.1303807     
 0.9250000E-01  0.1951807     
 0.9416667E-01  0.2364175     
 0.9583333E-01  0.2482073     
 0.9750000E-01  0.1961701     
 0.9916665E-01  0.1088376     
 0.1008333      0.6681575E-01 
 0.1025000      0.4402727E-01 
 0.1041667      0.1206459     
 0.1058333      0.1531219     
 0.1075000      0.1586159     
 0.1091667      0.1747022     
 0.1108333      0.1307759     
 0.1125000      0.1237075     
 0.1141667      0.3842172E-01 
 0.1158333      0.6441770E-01 
 0.1175000      0.1089677     
 0.1191667      0.1091939     
 0.1208333      0.1131037     
 0.1225000      0.9809524E-01 
 0.1241667      0.4623843E-01 
 0.1258333      0.3898534E-01 
 0.1275000      0.5818472E-01 
 0.1291667      0.1118676     
 0.1308333      0.1209459     
 0.1325000      0.6719589E-01 
 0.1341667      0.4705921E-01 
 0.1358333      0.2910939E-01 
 0.1375000      0.1024571     
 0.1391667      0.6371057E-01 
 0.1408333      0.1075658     
 0.1425000      0.6569728E-01 
 0.1441667      0.3308263E-01 
 0.1458333      0.3135724E-01 
 0.1475000      0.7331156E-01 
 0.1491667      0.5689584E-01 
 0.1508333      0.6361400E-01 
 0.1525000      0.2782287E-01 
 0.1541667      0.5649487E-01 
 0.1558333      0.8462897E-01 
 0.1575000      0.4531012E-01 
 0.1591667      0.2118761E-01 
 0.1608333      0.3323494E-01 
 0.1625000      0.4893671E-01 
 0.1641667      0.3668278E-01 
 0.1658333      0.2949310E-01 
