# SumMovie FRC for input stack : stack16.mrc
# Number of micrographs: 1
# Number of frames per movie: 50
# Pixel size (A): 3.0000
# 1/(A)          FRC
# -----------------------
# 
# Micrograph 1 of 1. Score: .527
 0.8333334E-03  0.9999994     
 0.2500000E-02  0.9669585     
 0.4166666E-02  0.9458908     
 0.5833333E-02  0.9108349     
 0.7499999E-02  0.8942381     
 0.9166666E-02  0.8409441     
 0.1083333E-01  0.7711357     
 0.1250000E-01  0.8781151     
 0.1416667E-01  0.9331424     
 0.1583333E-01  0.9634821     
 0.1750000E-01  0.9432103     
 0.1916667E-01  0.7635455     
 0.2083333E-01  0.7990199     
 0.2250000E-01  0.8914707     
 0.2416667E-01  0.9333521     
 0.2583333E-01  0.9240263     
 0.2750000E-01  0.8116175     
 0.2916667E-01  0.6767879     
 0.3083333E-01  0.7293205     
 0.3250000E-01  0.7743273     
 0.3416666E-01  0.6949567     
 0.3583334E-01  0.5521519     
 0.3750000E-01  0.4238428     
 0.3916667E-01  0.3583274     
 0.4083334E-01  0.2932084     
 0.4250000E-01  0.1150218     
 0.4416666E-01  0.1227404     
 0.4583333E-01  0.1075496     
 0.4750000E-01  0.1371131     
 0.4916666E-01  0.2687672     
 0.5083333E-01  0.3269098     
 0.5250000E-01  0.3538427     
 0.5416667E-01  0.3546000     
 0.5583333E-01  0.4016401     
 0.5750000E-01  0.3394664     
 0.5916666E-01  0.2606224     
 0.6083334E-01  0.1698667     
 0.6250000E-01  0.9148567E-01 
 0.6416667E-01  0.1158267     
 0.6583333E-01  0.1401205     
 0.6750000E-01  0.1855563     
 0.6916667E-01  0.2945526     
 0.7083333E-01  0.3826960     
 0.7250000E-01  0.3295771     
 0.7416667E-01  0.2651724     
 0.7583334E-01  0.1615135     
 0.7749999E-01  0.1127155     
 0.7916667E-01  0.9188841E-01 
 0.8083334E-01  0.2424078     
 0.8250000E-01  0.2415784     
 0.8416667E-01  0.3203420     
 0.8583333E-01  0.2737999     
 0.8750000E-01  0.1825286     
 0.8916666E-01  0.1175409     
 0.9083333E-01  0.9911674E-01 
 0.9250000E-01  0.1840722     
 0.9416667E-01  0.2380200     
 0.9583333E-01  0.2492513     
 0.9750000E-01  0.2027952     
 0.9916665E-01  0.1294671     
 0.1008333      0.1104427     
 0.1025000      0.1337270     
 0.1041667      0.1879846     
 0.1058333      0.2235519     
 0.1075000      0.1852596     
 0.1091667      0.1287302     
 0.1108333      0.6886820E-01 
 0.1125000      0.1539984     
 0.1141667      0.1834472     
 0.1158333      0.1731425     
 0.1175000      0.1362940     
 0.1191667      0.8792230E-01 
 0.1208333      0.1171587     
 0.1225000      0.1504115     
 0.1241667      0.1731104     
 0.1258333      0.1287586     
 0.1275000      0.9235277E-01 
 0.1291667      0.1159690     
 0.1308333      0.1381631     
 0.1325000      0.1365940     
 0.1341667      0.1120066     
 0.1358333      0.7296307E-01 
 0.1375000      0.1293973     
 0.1391667      0.1370439     
 0.1408333      0.1416257     
 0.1425000      0.9934796E-01 
 0.1441667      0.1202073     
 0.1458333      0.1203740     
 0.1475000      0.1172608     
 0.1491667      0.1229969     
 0.1508333      0.9733588E-01 
 0.1525000      0.1311078     
 0.1541667      0.1160975     
 0.1558333      0.9865928E-01 
 0.1575000      0.9586303E-01 
 0.1591667      0.1084586     
 0.1608333      0.1213868     
 0.1625000      0.7253292E-01 
 0.1641667      0.9728521E-01 
 0.1658333      0.1365206     
