# SumMovie FRC for input stack : stack11.mrc
# Number of micrographs: 1
# Number of frames per movie: 50
# Pixel size (A): 3.0000
# 1/(A)          FRC
# -----------------------
# 
# Micrograph 1 of 1. Score: .571
 0.8333334E-03  0.9999998     
 0.2500000E-02  0.8501234     
 0.4166666E-02  0.8702286     
 0.5833333E-02  0.8519551     
 0.7499999E-02  0.8573347     
 0.9166666E-02  0.7366385     
 0.1083333E-01  0.6258187     
 0.1250000E-01  0.8519508     
 0.1416667E-01  0.9139316     
 0.1583333E-01  0.9437639     
 0.1750000E-01  0.9068956     
 0.1916667E-01  0.6584944     
 0.2083333E-01  0.7386873     
 0.2250000E-01  0.8747798     
 0.2416667E-01  0.9212698     
 0.2583333E-01  0.8919469     
 0.2750000E-01  0.7409260     
 0.2916667E-01  0.6393404     
 0.3083333E-01  0.7088956     
 0.3250000E-01  0.7698572     
 0.3416666E-01  0.7179359     
 0.3583334E-01  0.5876334     
 0.3750000E-01  0.5206584     
 0.3916667E-01  0.4963412     
 0.4083334E-01  0.5146324     
 0.4250000E-01  0.3995917     
 0.4416666E-01  0.3350732     
 0.4583333E-01  0.2872704     
 0.4750000E-01  0.2200227     
 0.4916666E-01  0.1078647     
 0.5083333E-01  0.7613229E-01 
 0.5250000E-01  0.1368332     
 0.5416667E-01  0.1373274     
 0.5583333E-01  0.2216651     
 0.5750000E-01  0.2947192     
 0.5916666E-01  0.3560219     
 0.6083334E-01  0.3529114     
 0.6250000E-01  0.3962013     
 0.6416667E-01  0.3861048     
 0.6583333E-01  0.3050348     
 0.6750000E-01  0.2956541     
 0.6916667E-01  0.1887206     
 0.7083333E-01  0.1110878     
 0.7250000E-01  0.8624029E-01 
 0.7416667E-01  0.1092977     
 0.7583334E-01  0.1952199     
 0.7749999E-01  0.2629563     
 0.7916667E-01  0.3083997     
 0.8083334E-01  0.3471420     
 0.8250000E-01  0.3155530     
 0.8416667E-01  0.2902932     
 0.8583333E-01  0.2030846     
 0.8750000E-01  0.9401480E-01 
 0.8916666E-01  0.7746442E-01 
 0.9083333E-01  0.1293733     
 0.9250000E-01  0.2193246     
 0.9416667E-01  0.2817703     
 0.9583333E-01  0.3022150     
 0.9750000E-01  0.2524454     
 0.9916665E-01  0.2328035     
 0.1008333      0.1129438     
 0.1025000      0.8291642E-01 
 0.1041667      0.1402395     
 0.1058333      0.2168922     
 0.1075000      0.2153324     
 0.1091667      0.2478669     
 0.1108333      0.2083995     
 0.1125000      0.1530696     
 0.1141667      0.1001937     
 0.1158333      0.9334205E-01 
 0.1175000      0.1645122     
 0.1191667      0.1926993     
 0.1208333      0.1644720     
 0.1225000      0.1462129     
 0.1241667      0.9203097E-01 
 0.1258333      0.1022357     
 0.1275000      0.1116650     
 0.1291667      0.1652924     
 0.1308333      0.1626905     
 0.1325000      0.1845729     
 0.1341667      0.1101898     
 0.1358333      0.6996904E-01 
 0.1375000      0.1310127     
 0.1391667      0.1154872     
 0.1408333      0.1524021     
 0.1425000      0.1156090     
 0.1441667      0.1141021     
 0.1458333      0.1017558     
 0.1475000      0.9951176E-01 
 0.1491667      0.1193218     
 0.1508333      0.1483324     
 0.1525000      0.1083100     
 0.1541667      0.9720317E-01 
 0.1558333      0.1118876     
 0.1575000      0.1447684     
 0.1591667      0.1062586     
 0.1608333      0.1170098     
 0.1625000      0.9586852E-01 
 0.1641667      0.1244301     
 0.1658333      0.1418904     
