# SumMovie FRC for input stack : stack11.mrc
# Number of micrographs: 1
# Number of frames per movie: 50
# Pixel size (A): 3.0000
# 1/(A)          FRC
# -----------------------
# 
# Micrograph 1 of 1. Score: .572
 0.8333334E-03  0.9999998     
 0.2500000E-02  0.8502224     
 0.4166666E-02  0.8703418     
 0.5833333E-02  0.8519357     
 0.7499999E-02  0.8574237     
 0.9166666E-02  0.7368650     
 0.1083333E-01  0.6259159     
 0.1250000E-01  0.8522445     
 0.1416667E-01  0.9141344     
 0.1583333E-01  0.9438632     
 0.1750000E-01  0.9071707     
 0.1916667E-01  0.6583886     
 0.2083333E-01  0.7393289     
 0.2250000E-01  0.8751365     
 0.2416667E-01  0.9218545     
 0.2583333E-01  0.8923292     
 0.2750000E-01  0.7421233     
 0.2916667E-01  0.6418151     
 0.3083333E-01  0.7106169     
 0.3250000E-01  0.7713053     
 0.3416666E-01  0.7200766     
 0.3583334E-01  0.5892386     
 0.3750000E-01  0.5228747     
 0.3916667E-01  0.4989377     
 0.4083334E-01  0.5166626     
 0.4250000E-01  0.4011321     
 0.4416666E-01  0.3369972     
 0.4583333E-01  0.2906182     
 0.4750000E-01  0.2206143     
 0.4916666E-01  0.1083811     
 0.5083333E-01  0.7632442E-01 
 0.5250000E-01  0.1373046     
 0.5416667E-01  0.1395825     
 0.5583333E-01  0.2223002     
 0.5750000E-01  0.2965014     
 0.5916666E-01  0.3600522     
 0.6083334E-01  0.3551453     
 0.6250000E-01  0.4011678     
 0.6416667E-01  0.3899148     
 0.6583333E-01  0.3103376     
 0.6750000E-01  0.2985418     
 0.6916667E-01  0.1897448     
 0.7083333E-01  0.1110779     
 0.7250000E-01  0.8463436E-01 
 0.7416667E-01  0.1095657     
 0.7583334E-01  0.1973007     
 0.7749999E-01  0.2663161     
 0.7916667E-01  0.3117322     
 0.8083334E-01  0.3523789     
 0.8250000E-01  0.3194404     
 0.8416667E-01  0.2949107     
 0.8583333E-01  0.2057473     
 0.8750000E-01  0.9647273E-01 
 0.8916666E-01  0.7747379E-01 
 0.9083333E-01  0.1306214     
 0.9250000E-01  0.2231685     
 0.9416667E-01  0.2857461     
 0.9583333E-01  0.3026717     
 0.9750000E-01  0.2557187     
 0.9916665E-01  0.2353816     
 0.1008333      0.1127182     
 0.1025000      0.7986802E-01 
 0.1041667      0.1374838     
 0.1058333      0.2179193     
 0.1075000      0.2208916     
 0.1091667      0.2486080     
 0.1108333      0.2087830     
 0.1125000      0.1526443     
 0.1141667      0.9801285E-01 
 0.1158333      0.9341402E-01 
 0.1175000      0.1641841     
 0.1191667      0.1931082     
 0.1208333      0.1639645     
 0.1225000      0.1462256     
 0.1241667      0.9046723E-01 
 0.1258333      0.9876905E-01 
 0.1275000      0.1098203     
 0.1291667      0.1648788     
 0.1308333      0.1662916     
 0.1325000      0.1829147     
 0.1341667      0.1085604     
 0.1358333      0.6822117E-01 
 0.1375000      0.1295524     
 0.1391667      0.1160880     
 0.1408333      0.1532460     
 0.1425000      0.1161112     
 0.1441667      0.1104435     
 0.1458333      0.9815410E-01 
 0.1475000      0.9463616E-01 
 0.1491667      0.1214772     
 0.1508333      0.1445155     
 0.1525000      0.1077767     
 0.1541667      0.9609473E-01 
 0.1558333      0.1066248     
 0.1575000      0.1425223     
 0.1591667      0.1026381     
 0.1608333      0.1118752     
 0.1625000      0.9070483E-01 
 0.1641667      0.1222178     
 0.1658333      0.1374564     
