# SumMovie FRC for input stack : stack11.mrc
# Number of micrographs: 1
# Number of frames per movie: 50
# Pixel size (A): 3.0000
# 1/(A)          FRC
# -----------------------
# 
# Micrograph 1 of 1. Score: .569
 0.8333334E-03  0.9999998     
 0.2500000E-02  0.8500329     
 0.4166666E-02  0.8701154     
 0.5833333E-02  0.8519563     
 0.7499999E-02  0.8572240     
 0.9166666E-02  0.7363106     
 0.1083333E-01  0.6257110     
 0.1250000E-01  0.8515552     
 0.1416667E-01  0.9136881     
 0.1583333E-01  0.9436272     
 0.1750000E-01  0.9065627     
 0.1916667E-01  0.6586505     
 0.2083333E-01  0.7378128     
 0.2250000E-01  0.8742446     
 0.2416667E-01  0.9205340     
 0.2583333E-01  0.8913493     
 0.2750000E-01  0.7393159     
 0.2916667E-01  0.6361326     
 0.3083333E-01  0.7064871     
 0.3250000E-01  0.7679185     
 0.3416666E-01  0.7150494     
 0.3583334E-01  0.5853970     
 0.3750000E-01  0.5175659     
 0.3916667E-01  0.4927844     
 0.4083334E-01  0.5118513     
 0.4250000E-01  0.3971240     
 0.4416666E-01  0.3323123     
 0.4583333E-01  0.2832504     
 0.4750000E-01  0.2194512     
 0.4916666E-01  0.1069253     
 0.5083333E-01  0.7542750E-01 
 0.5250000E-01  0.1356914     
 0.5416667E-01  0.1335414     
 0.5583333E-01  0.2208622     
 0.5750000E-01  0.2919089     
 0.5916666E-01  0.3511763     
 0.6083334E-01  0.3500854     
 0.6250000E-01  0.3893534     
 0.6416667E-01  0.3810524     
 0.6583333E-01  0.2977121     
 0.6750000E-01  0.2912119     
 0.6916667E-01  0.1874088     
 0.7083333E-01  0.1106685     
 0.7250000E-01  0.8720247E-01 
 0.7416667E-01  0.1083237     
 0.7583334E-01  0.1918944     
 0.7749999E-01  0.2583606     
 0.7916667E-01  0.3040245     
 0.8083334E-01  0.3405350     
 0.8250000E-01  0.3104429     
 0.8416667E-01  0.2851426     
 0.8583333E-01  0.1989140     
 0.8750000E-01  0.9093385E-01 
 0.8916666E-01  0.7686978E-01 
 0.9083333E-01  0.1282015     
 0.9250000E-01  0.2140615     
 0.9416667E-01  0.2755202     
 0.9583333E-01  0.3002989     
 0.9750000E-01  0.2478694     
 0.9916665E-01  0.2282859     
 0.1008333      0.1132600     
 0.1025000      0.8499099E-01 
 0.1041667      0.1426509     
 0.1058333      0.2145638     
 0.1075000      0.2076341     
 0.1091667      0.2448059     
 0.1108333      0.2071815     
 0.1125000      0.1529041     
 0.1141667      0.1017080     
 0.1158333      0.9198947E-01 
 0.1175000      0.1626405     
 0.1191667      0.1915317     
 0.1208333      0.1653607     
 0.1225000      0.1452993     
 0.1241667      0.9280500E-01 
 0.1258333      0.1046698     
 0.1275000      0.1130764     
 0.1291667      0.1647595     
 0.1308333      0.1574304     
 0.1325000      0.1845527     
 0.1341667      0.1109586     
 0.1358333      0.7163920E-01 
 0.1375000      0.1316338     
 0.1391667      0.1138975     
 0.1408333      0.1475712     
 0.1425000      0.1138496     
 0.1441667      0.1171446     
 0.1458333      0.1032160     
 0.1475000      0.1045012     
 0.1491667      0.1163301     
 0.1508333      0.1506180     
 0.1525000      0.1067556     
 0.1541667      0.9600683E-01 
 0.1558333      0.1155329     
 0.1575000      0.1460969     
 0.1591667      0.1075200     
 0.1608333      0.1203514     
 0.1625000      0.9938248E-01 
 0.1641667      0.1239580     
 0.1658333      0.1461744     
