# SumMovie FRC for input stack : stack6.mrc
# Number of micrographs: 1
# Number of frames per movie: 50
# Pixel size (A): 3.0000
# 1/(A)          FRC
# -----------------------
# 
# Micrograph 1 of 1. Score: .569
 0.8333334E-03  0.9999999     
 0.2500000E-02  0.9513246     
 0.4166666E-02  0.9316449     
 0.5833333E-02  0.8460855     
 0.7499999E-02  0.8645994     
 0.9166666E-02  0.6715385     
 0.1083333E-01  0.6530108     
 0.1250000E-01  0.8453575     
 0.1416667E-01  0.8818209     
 0.1583333E-01  0.9301105     
 0.1750000E-01  0.8896248     
 0.1916667E-01  0.5991268     
 0.2083333E-01  0.6577689     
 0.2250000E-01  0.8246074     
 0.2416667E-01  0.8885441     
 0.2583333E-01  0.8396301     
 0.2750000E-01  0.7158058     
 0.2916667E-01  0.6078225     
 0.3083333E-01  0.6667273     
 0.3250000E-01  0.7097632     
 0.3416666E-01  0.6771492     
 0.3583334E-01  0.5672260     
 0.3750000E-01  0.5126293     
 0.3916667E-01  0.4954429     
 0.4083334E-01  0.5240955     
 0.4250000E-01  0.4284598     
 0.4416666E-01  0.3632538     
 0.4583333E-01  0.3271815     
 0.4750000E-01  0.2800258     
 0.4916666E-01  0.2071114     
 0.5083333E-01  0.1187302     
 0.5250000E-01  0.1463689     
 0.5416667E-01  0.9253713E-01 
 0.5583333E-01  0.1341060     
 0.5750000E-01  0.1297288     
 0.5916666E-01  0.2029323     
 0.6083334E-01  0.2614027     
 0.6250000E-01  0.2850056     
 0.6416667E-01  0.3199404     
 0.6583333E-01  0.3185685     
 0.6750000E-01  0.3268039     
 0.6916667E-01  0.3124726     
 0.7083333E-01  0.2597510     
 0.7250000E-01  0.2104000     
 0.7416667E-01  0.1464276     
 0.7583334E-01  0.1029040     
 0.7749999E-01  0.8852487E-01 
 0.7916667E-01  0.1012202     
 0.8083334E-01  0.1709061     
 0.8250000E-01  0.2082064     
 0.8416667E-01  0.2599514     
 0.8583333E-01  0.2819433     
 0.8750000E-01  0.2580109     
 0.8916666E-01  0.2570994     
 0.9083333E-01  0.1295775     
 0.9250000E-01  0.1331015     
 0.9416667E-01  0.8946430E-01 
 0.9583333E-01  0.1330362     
 0.9750000E-01  0.1360364     
 0.9916665E-01  0.1708993     
 0.1008333      0.1890508     
 0.1025000      0.2048733     
 0.1041667      0.2005594     
 0.1058333      0.1416488     
 0.1075000      0.1132662     
 0.1091667      0.6490296E-01 
 0.1108333      0.8670515E-01 
 0.1125000      0.1447355     
 0.1141667      0.1699581     
 0.1158333      0.1984981     
 0.1175000      0.1656158     
 0.1191667      0.1450921     
 0.1208333      0.1093803     
 0.1225000      0.8008505E-01 
 0.1241667      0.1065855     
 0.1258333      0.1057468     
 0.1275000      0.1587976     
 0.1291667      0.1442475     
 0.1308333      0.1480627     
 0.1325000      0.7487322E-01 
 0.1341667      0.6691547E-01 
 0.1358333      0.1186831     
 0.1375000      0.1022524     
 0.1391667      0.1048300     
 0.1408333      0.1287252     
 0.1425000      0.1092306     
 0.1441667      0.9090503E-01 
 0.1458333      0.9232367E-01 
 0.1475000      0.1053717     
 0.1491667      0.1299854     
 0.1508333      0.1389153     
 0.1525000      0.1142778     
 0.1541667      0.7703910E-01 
 0.1558333      0.1080618     
 0.1575000      0.9565271E-01 
 0.1591667      0.1106542     
 0.1608333      0.1335111     
 0.1625000      0.1005272     
 0.1641667      0.9080108E-01 
 0.1658333      0.7451987E-01 
