# SumMovie FRC for input stack : stack1.mrc
# Number of micrographs: 1
# Number of frames per movie: 50
# Pixel size (A): 3.0000
# 1/(A)          FRC
# -----------------------
# 
# Micrograph 1 of 1. Score: .506
 0.8333334E-03  0.9999990     
 0.2500000E-02  0.9744986     
 0.4166666E-02  0.9567147     
 0.5833333E-02  0.9213637     
 0.7499999E-02  0.9023656     
 0.9166666E-02  0.7424967     
 0.1083333E-01  0.7105867     
 0.1250000E-01  0.8395488     
 0.1416667E-01  0.9096285     
 0.1583333E-01  0.9134646     
 0.1750000E-01  0.8581797     
 0.1916667E-01  0.6416571     
 0.2083333E-01  0.7331050     
 0.2250000E-01  0.8464734     
 0.2416667E-01  0.8839426     
 0.2583333E-01  0.8426384     
 0.2750000E-01  0.6924347     
 0.2916667E-01  0.5628799     
 0.3083333E-01  0.6576784     
 0.3250000E-01  0.6657254     
 0.3416666E-01  0.6086322     
 0.3583334E-01  0.4867643     
 0.3750000E-01  0.4290389     
 0.3916667E-01  0.3830267     
 0.4083334E-01  0.3809933     
 0.4250000E-01  0.3403248     
 0.4416666E-01  0.2154953     
 0.4583333E-01  0.1381352     
 0.4750000E-01  0.1899372     
 0.4916666E-01  0.1086493     
 0.5083333E-01  0.9622373E-01 
 0.5250000E-01  0.9844878E-01 
 0.5416667E-01  0.1136261     
 0.5583333E-01  0.1688776     
 0.5750000E-01  0.2176190     
 0.5916666E-01  0.2493546     
 0.6083334E-01  0.2832001     
 0.6250000E-01  0.2400105     
 0.6416667E-01  0.2325041     
 0.6583333E-01  0.2245521     
 0.6750000E-01  0.1401247     
 0.6916667E-01  0.1504524     
 0.7083333E-01  0.1210922     
 0.7250000E-01  0.6981093E-01 
 0.7416667E-01  0.8799677E-01 
 0.7583334E-01  0.1378625     
 0.7749999E-01  0.1895520     
 0.7916667E-01  0.2085168     
 0.8083334E-01  0.2114044     
 0.8250000E-01  0.2025596     
 0.8416667E-01  0.1596436     
 0.8583333E-01  0.1014353     
 0.8750000E-01  0.6089871E-01 
 0.8916666E-01  0.2203549E-01 
 0.9083333E-01  0.9517480E-01 
 0.9250000E-01  0.1246755     
 0.9416667E-01  0.1749394     
 0.9583333E-01  0.1857261     
 0.9750000E-01  0.1532081     
 0.9916665E-01  0.9348968E-01 
 0.1008333      0.8215750E-01 
 0.1025000      0.3573949E-01 
 0.1041667      0.1103835     
 0.1058333      0.1487613     
 0.1075000      0.1412849     
 0.1091667      0.1378288     
 0.1108333      0.1078638     
 0.1125000      0.1141821     
 0.1141667      0.7163089E-01 
 0.1158333      0.4618594E-01 
 0.1175000      0.7381129E-01 
 0.1191667      0.1065010     
 0.1208333      0.9824463E-01 
 0.1225000      0.6161967E-01 
 0.1241667      0.7432910E-01 
 0.1258333      0.4798799E-01 
 0.1275000      0.3231490E-01 
 0.1291667      0.1174033     
 0.1308333      0.9062770E-01 
 0.1325000      0.8095378E-01 
 0.1341667      0.2780459E-01 
 0.1358333      0.5836185E-01 
 0.1375000      0.6335322E-01 
 0.1391667      0.7407594E-01 
 0.1408333      0.9001458E-01 
 0.1425000      0.5938493E-01 
 0.1441667      0.3883502E-01 
 0.1458333      0.5997128E-01 
 0.1475000      0.8667146E-01 
 0.1491667      0.5485477E-01 
 0.1508333      0.4775430E-01 
 0.1525000      0.3885002E-01 
 0.1541667      0.4544667E-01 
 0.1558333      0.4781153E-01 
 0.1575000      0.5869074E-01 
 0.1591667      0.2075331E-01 
 0.1608333      0.6303475E-01 
 0.1625000      0.4557890E-01 
 0.1641667      0.7068051E-01 
 0.1658333      0.4317496E-01 
