# SumMovie FRC for input stack : stack6.mrc
# Number of micrographs: 1
# Number of frames per movie: 50
# Pixel size (A): 3.0000
# 1/(A)          FRC
# -----------------------
# 
# Micrograph 1 of 1. Score: .557
 0.8333334E-03  0.9999998     
 0.2500000E-02  0.9512604     
 0.4166666E-02  0.9316087     
 0.5833333E-02  0.8459581     
 0.7499999E-02  0.8637925     
 0.9166666E-02  0.6694873     
 0.1083333E-01  0.6503477     
 0.1250000E-01  0.8443039     
 0.1416667E-01  0.8793834     
 0.1583333E-01  0.9283267     
 0.1750000E-01  0.8873783     
 0.1916667E-01  0.5959475     
 0.2083333E-01  0.6514669     
 0.2250000E-01  0.8176808     
 0.2416667E-01  0.8833798     
 0.2583333E-01  0.8321121     
 0.2750000E-01  0.7062016     
 0.2916667E-01  0.5948759     
 0.3083333E-01  0.6518114     
 0.3250000E-01  0.6940325     
 0.3416666E-01  0.6652775     
 0.3583334E-01  0.5531281     
 0.3750000E-01  0.4934143     
 0.3916667E-01  0.4749338     
 0.4083334E-01  0.4973961     
 0.4250000E-01  0.4137131     
 0.4416666E-01  0.3541745     
 0.4583333E-01  0.3081768     
 0.4750000E-01  0.2708530     
 0.4916666E-01  0.1944544     
 0.5083333E-01  0.1178271     
 0.5250000E-01  0.1503409     
 0.5416667E-01  0.9375613E-01 
 0.5583333E-01  0.1415198     
 0.5750000E-01  0.1269012     
 0.5916666E-01  0.1889341     
 0.6083334E-01  0.2407727     
 0.6250000E-01  0.2747036     
 0.6416667E-01  0.2980988     
 0.6583333E-01  0.2976216     
 0.6750000E-01  0.3092672     
 0.6916667E-01  0.3016842     
 0.7083333E-01  0.2417230     
 0.7250000E-01  0.2035310     
 0.7416667E-01  0.1468628     
 0.7583334E-01  0.1010779     
 0.7749999E-01  0.8190951E-01 
 0.7916667E-01  0.1142772     
 0.8083334E-01  0.1659700     
 0.8250000E-01  0.2014327     
 0.8416667E-01  0.2388059     
 0.8583333E-01  0.2668226     
 0.8750000E-01  0.2402157     
 0.8916666E-01  0.2575560     
 0.9083333E-01  0.1276036     
 0.9250000E-01  0.1377308     
 0.9416667E-01  0.9019528E-01 
 0.9583333E-01  0.1363882     
 0.9750000E-01  0.1394847     
 0.9916665E-01  0.1678638     
 0.1008333      0.1825483     
 0.1025000      0.2043167     
 0.1041667      0.1944560     
 0.1058333      0.1292672     
 0.1075000      0.1204598     
 0.1091667      0.8494490E-01 
 0.1108333      0.9347039E-01 
 0.1125000      0.1378919     
 0.1141667      0.1525785     
 0.1158333      0.2011646     
 0.1175000      0.1702265     
 0.1191667      0.1503540     
 0.1208333      0.1289357     
 0.1225000      0.9331845E-01 
 0.1241667      0.1147145     
 0.1258333      0.1153751     
 0.1275000      0.1712871     
 0.1291667      0.1555290     
 0.1308333      0.1677241     
 0.1325000      0.9440397E-01 
 0.1341667      0.8733622E-01 
 0.1358333      0.1200093     
 0.1375000      0.1154046     
 0.1391667      0.1135152     
 0.1408333      0.1444731     
 0.1425000      0.1080402     
 0.1441667      0.1078658     
 0.1458333      0.9847266E-01 
 0.1475000      0.1340008     
 0.1491667      0.1409487     
 0.1508333      0.1475044     
 0.1525000      0.1352539     
 0.1541667      0.8957427E-01 
 0.1558333      0.1202425     
 0.1575000      0.1152489     
 0.1591667      0.1408837     
 0.1608333      0.1411972     
 0.1625000      0.1098500     
 0.1641667      0.1034138     
 0.1658333      0.9543937E-01 
