# SumMovie FRC for input stack : stack6.mrc
# Number of micrographs: 1
# Number of frames per movie: 50
# Pixel size (A): 3.0000
# 1/(A)          FRC
# -----------------------
# 
# Micrograph 1 of 1. Score: .571
 0.8333334E-03  0.9999999     
 0.2500000E-02  0.9513411     
 0.4166666E-02  0.9316491     
 0.5833333E-02  0.8461402     
 0.7499999E-02  0.8647733     
 0.9166666E-02  0.6721255     
 0.1083333E-01  0.6536247     
 0.1250000E-01  0.8456396     
 0.1416667E-01  0.8823349     
 0.1583333E-01  0.9305065     
 0.1750000E-01  0.8901182     
 0.1916667E-01  0.5995523     
 0.2083333E-01  0.6589436     
 0.2250000E-01  0.8259106     
 0.2416667E-01  0.8896914     
 0.2583333E-01  0.8411330     
 0.2750000E-01  0.7176033     
 0.2916667E-01  0.6105212     
 0.3083333E-01  0.6698517     
 0.3250000E-01  0.7130387     
 0.3416666E-01  0.6797732     
 0.3583334E-01  0.5704727     
 0.3750000E-01  0.5168859     
 0.3916667E-01  0.4994475     
 0.4083334E-01  0.5298970     
 0.4250000E-01  0.4310443     
 0.4416666E-01  0.3651917     
 0.4583333E-01  0.3312485     
 0.4750000E-01  0.2822038     
 0.4916666E-01  0.2099169     
 0.5083333E-01  0.1186601     
 0.5250000E-01  0.1452239     
 0.5416667E-01  0.9195463E-01 
 0.5583333E-01  0.1321248     
 0.5750000E-01  0.1297448     
 0.5916666E-01  0.2060650     
 0.6083334E-01  0.2651622     
 0.6250000E-01  0.2867943     
 0.6416667E-01  0.3252209     
 0.6583333E-01  0.3233621     
 0.6750000E-01  0.3304868     
 0.6916667E-01  0.3148973     
 0.7083333E-01  0.2636248     
 0.7250000E-01  0.2121555     
 0.7416667E-01  0.1461301     
 0.7583334E-01  0.1024056     
 0.7749999E-01  0.8876365E-01 
 0.7916667E-01  0.9844286E-01 
 0.8083334E-01  0.1711718     
 0.8250000E-01  0.2097368     
 0.8416667E-01  0.2639655     
 0.8583333E-01  0.2841363     
 0.8750000E-01  0.2602881     
 0.8916666E-01  0.2554182     
 0.9083333E-01  0.1314644     
 0.9250000E-01  0.1308160     
 0.9416667E-01  0.8798919E-01 
 0.9583333E-01  0.1310551     
 0.9750000E-01  0.1325563     
 0.9916665E-01  0.1689863     
 0.1008333      0.1888739     
 0.1025000      0.2084919     
 0.1041667      0.1988555     
 0.1058333      0.1425308     
 0.1075000      0.1098966     
 0.1091667      0.5987603E-01 
 0.1108333      0.8465791E-01 
 0.1125000      0.1413712     
 0.1141667      0.1717898     
 0.1158333      0.1970979     
 0.1175000      0.1618387     
 0.1191667      0.1418552     
 0.1208333      0.1026969     
 0.1225000      0.7466063E-01 
 0.1241667      0.1000473     
 0.1258333      0.1022315     
 0.1275000      0.1538005     
 0.1291667      0.1417781     
 0.1308333      0.1425319     
 0.1325000      0.7018932E-01 
 0.1341667      0.6142969E-01 
 0.1358333      0.1156559     
 0.1375000      0.9687800E-01 
 0.1391667      0.1000953     
 0.1408333      0.1241813     
 0.1425000      0.1066564     
 0.1441667      0.8499578E-01 
 0.1458333      0.8701102E-01 
 0.1475000      0.9771118E-01 
 0.1491667      0.1246768     
 0.1508333      0.1337860     
 0.1525000      0.1062739     
 0.1541667      0.7176213E-01 
 0.1558333      0.1013412     
 0.1575000      0.9033366E-01 
 0.1591667      0.1041361     
 0.1608333      0.1264573     
 0.1625000      0.9492297E-01 
 0.1641667      0.8576798E-01 
 0.1658333      0.6739951E-01 
