# SumMovie FRC for input stack : stack16.mrc
# Number of micrographs: 1
# Number of frames per movie: 50
# Pixel size (A): 3.0000
# 1/(A)          FRC
# -----------------------
# 
# Micrograph 1 of 1. Score: .539
 0.8333334E-03  0.9999994     
 0.2500000E-02  0.9671975     
 0.4166666E-02  0.9454629     
 0.5833333E-02  0.9119865     
 0.7499999E-02  0.8963982     
 0.9166666E-02  0.8417279     
 0.1083333E-01  0.7762823     
 0.1250000E-01  0.8836378     
 0.1416667E-01  0.9354580     
 0.1583333E-01  0.9656487     
 0.1750000E-01  0.9459239     
 0.1916667E-01  0.7763429     
 0.2083333E-01  0.8034300     
 0.2250000E-01  0.9023057     
 0.2416667E-01  0.9429433     
 0.2583333E-01  0.9339995     
 0.2750000E-01  0.8306559     
 0.2916667E-01  0.7043871     
 0.3083333E-01  0.7531321     
 0.3250000E-01  0.7967931     
 0.3416666E-01  0.7322688     
 0.3583334E-01  0.6067100     
 0.3750000E-01  0.4402268     
 0.3916667E-01  0.3794948     
 0.4083334E-01  0.2924663     
 0.4250000E-01  0.1232368     
 0.4416666E-01  0.1228368     
 0.4583333E-01  0.8648980E-01 
 0.4750000E-01  0.1494860     
 0.4916666E-01  0.2695957     
 0.5083333E-01  0.3434793     
 0.5250000E-01  0.3901711     
 0.5416667E-01  0.3806249     
 0.5583333E-01  0.4242616     
 0.5750000E-01  0.3623792     
 0.5916666E-01  0.2800906     
 0.6083334E-01  0.1867667     
 0.6250000E-01  0.8295343E-01 
 0.6416667E-01  0.1065014     
 0.6583333E-01  0.1400443     
 0.6750000E-01  0.2100118     
 0.6916667E-01  0.3157270     
 0.7083333E-01  0.4079457     
 0.7250000E-01  0.3700362     
 0.7416667E-01  0.3031080     
 0.7583334E-01  0.1833438     
 0.7749999E-01  0.1179783     
 0.7916667E-01  0.9647512E-01 
 0.8083334E-01  0.2521642     
 0.8250000E-01  0.2769226     
 0.8416667E-01  0.3629839     
 0.8583333E-01  0.3012240     
 0.8750000E-01  0.1883640     
 0.8916666E-01  0.1185954     
 0.9083333E-01  0.7900452E-01 
 0.9250000E-01  0.1903690     
 0.9416667E-01  0.2606734     
 0.9583333E-01  0.2786580     
 0.9750000E-01  0.2144204     
 0.9916665E-01  0.9854577E-01 
 0.1008333      0.6260281E-01 
 0.1025000      0.1238754     
 0.1041667      0.1903439     
 0.1058333      0.2425568     
 0.1075000      0.1837320     
 0.1091667      0.1112118     
 0.1108333      0.5681863E-01 
 0.1125000      0.1405750     
 0.1141667      0.1983279     
 0.1158333      0.1906615     
 0.1175000      0.1154862     
 0.1191667      0.4904656E-01 
 0.1208333      0.9154645E-01 
 0.1225000      0.1606527     
 0.1241667      0.1731610     
 0.1258333      0.1088908     
 0.1275000      0.6579342E-01 
 0.1291667      0.9184463E-01 
 0.1308333      0.1215468     
 0.1325000      0.1350925     
 0.1341667      0.7452495E-01 
 0.1358333      0.4938988E-01 
 0.1375000      0.1104007     
 0.1391667      0.1378593     
 0.1408333      0.9300629E-01 
 0.1425000      0.7435492E-01 
 0.1441667      0.7532091E-01 
 0.1458333      0.1123634     
 0.1475000      0.9726962E-01 
 0.1491667      0.6030165E-01 
 0.1508333      0.6591664E-01 
 0.1525000      0.9829857E-01 
 0.1541667      0.8681448E-01 
 0.1558333      0.6980689E-01 
 0.1575000      0.4867475E-01 
 0.1591667      0.8545401E-01 
 0.1608333      0.9053351E-01 
 0.1625000      0.4737961E-01 
 0.1641667      0.6121369E-01 
 0.1658333      0.1337563     
