# SumMovie FRC for input stack : stack1.mrc
# Number of micrographs: 1
# Number of frames per movie: 50
# Pixel size (A): 3.0000
# 1/(A)          FRC
# -----------------------
# 
# Micrograph 1 of 1. Score: .503
 0.8333334E-03  0.9999990     
 0.2500000E-02  0.9744906     
 0.4166666E-02  0.9566874     
 0.5833333E-02  0.9213425     
 0.7499999E-02  0.9022281     
 0.9166666E-02  0.7415911     
 0.1083333E-01  0.7097000     
 0.1250000E-01  0.8382868     
 0.1416667E-01  0.9086180     
 0.1583333E-01  0.9126111     
 0.1750000E-01  0.8564383     
 0.1916667E-01  0.6377525     
 0.2083333E-01  0.7300262     
 0.2250000E-01  0.8440414     
 0.2416667E-01  0.8816937     
 0.2583333E-01  0.8393799     
 0.2750000E-01  0.6874141     
 0.2916667E-01  0.5548388     
 0.3083333E-01  0.6522378     
 0.3250000E-01  0.6572100     
 0.3416666E-01  0.6004467     
 0.3583334E-01  0.4822254     
 0.3750000E-01  0.4262781     
 0.3916667E-01  0.3758858     
 0.4083334E-01  0.3730179     
 0.4250000E-01  0.3354470     
 0.4416666E-01  0.2141270     
 0.4583333E-01  0.1412185     
 0.4750000E-01  0.1875465     
 0.4916666E-01  0.1116456     
 0.5083333E-01  0.9668951E-01 
 0.5250000E-01  0.1026536     
 0.5416667E-01  0.1144274     
 0.5583333E-01  0.1695294     
 0.5750000E-01  0.2196339     
 0.5916666E-01  0.2443987     
 0.6083334E-01  0.2805640     
 0.6250000E-01  0.2387417     
 0.6416667E-01  0.2368664     
 0.6583333E-01  0.2244227     
 0.6750000E-01  0.1421961     
 0.6916667E-01  0.1541685     
 0.7083333E-01  0.1245493     
 0.7250000E-01  0.7390423E-01 
 0.7416667E-01  0.9380688E-01 
 0.7583334E-01  0.1427286     
 0.7749999E-01  0.1944744     
 0.7916667E-01  0.2075466     
 0.8083334E-01  0.2084120     
 0.8250000E-01  0.2057189     
 0.8416667E-01  0.1658314     
 0.8583333E-01  0.1066191     
 0.8750000E-01  0.6385420E-01 
 0.8916666E-01  0.2929059E-01 
 0.9083333E-01  0.1047159     
 0.9250000E-01  0.1298881     
 0.9416667E-01  0.1773707     
 0.9583333E-01  0.1839945     
 0.9750000E-01  0.1569628     
 0.9916665E-01  0.1001875     
 0.1008333      0.8977065E-01 
 0.1025000      0.4300508E-01 
 0.1041667      0.1116971     
 0.1058333      0.1539946     
 0.1075000      0.1393546     
 0.1091667      0.1412305     
 0.1108333      0.1093953     
 0.1125000      0.1147201     
 0.1141667      0.7619741E-01 
 0.1158333      0.4952428E-01 
 0.1175000      0.7761613E-01 
 0.1191667      0.1018953     
 0.1208333      0.1047852     
 0.1225000      0.6334285E-01 
 0.1241667      0.8261058E-01 
 0.1258333      0.5572598E-01 
 0.1275000      0.4350551E-01 
 0.1291667      0.1188111     
 0.1308333      0.9833740E-01 
 0.1325000      0.8732501E-01 
 0.1341667      0.3524726E-01 
 0.1358333      0.6400497E-01 
 0.1375000      0.7102389E-01 
 0.1391667      0.7782267E-01 
 0.1408333      0.9636766E-01 
 0.1425000      0.5613264E-01 
 0.1441667      0.4546988E-01 
 0.1458333      0.7060438E-01 
 0.1475000      0.9287492E-01 
 0.1491667      0.5746896E-01 
 0.1508333      0.5615390E-01 
 0.1525000      0.4160792E-01 
 0.1541667      0.4595964E-01 
 0.1558333      0.5049327E-01 
 0.1575000      0.6840803E-01 
 0.1591667      0.3185698E-01 
 0.1608333      0.7216280E-01 
 0.1625000      0.4390145E-01 
 0.1641667      0.6807677E-01 
 0.1658333      0.4839348E-01 
