# SumMovie FRC for input stack : stack6.mrc
# Number of micrographs: 1
# Number of frames per movie: 50
# Pixel size (A): 3.0000
# 1/(A)          FRC
# -----------------------
# 
# Micrograph 1 of 1. Score: .592
 0.8333334E-03  0.9999999     
 0.2500000E-02  0.9512891     
 0.4166666E-02  0.9319546     
 0.5833333E-02  0.8474782     
 0.7499999E-02  0.8653578     
 0.9166666E-02  0.6785719     
 0.1083333E-01  0.6583809     
 0.1250000E-01  0.8498331     
 0.1416667E-01  0.8879898     
 0.1583333E-01  0.9352607     
 0.1750000E-01  0.8940547     
 0.1916667E-01  0.6005136     
 0.2083333E-01  0.6727517     
 0.2250000E-01  0.8431833     
 0.2416667E-01  0.9026745     
 0.2583333E-01  0.8572686     
 0.2750000E-01  0.7353135     
 0.2916667E-01  0.6256391     
 0.3083333E-01  0.6980273     
 0.3250000E-01  0.7292752     
 0.3416666E-01  0.7026685     
 0.3583334E-01  0.6008054     
 0.3750000E-01  0.5389419     
 0.3916667E-01  0.5313040     
 0.4083334E-01  0.5750083     
 0.4250000E-01  0.4580474     
 0.4416666E-01  0.3963071     
 0.4583333E-01  0.3650414     
 0.4750000E-01  0.3036418     
 0.4916666E-01  0.2232359     
 0.5083333E-01  0.1350601     
 0.5250000E-01  0.1178879     
 0.5416667E-01  0.6214379E-01 
 0.5583333E-01  0.9970476E-01 
 0.5750000E-01  0.1218853     
 0.5916666E-01  0.1987818     
 0.6083334E-01  0.2711208     
 0.6250000E-01  0.2918580     
 0.6416667E-01  0.3456432     
 0.6583333E-01  0.3749066     
 0.6750000E-01  0.3498181     
 0.6916667E-01  0.3467533     
 0.7083333E-01  0.2917092     
 0.7250000E-01  0.2225521     
 0.7416667E-01  0.1241745     
 0.7583334E-01  0.7814146E-01 
 0.7749999E-01  0.6816952E-01 
 0.7916667E-01  0.7869533E-01 
 0.8083334E-01  0.1861238     
 0.8250000E-01  0.2309457     
 0.8416667E-01  0.2977359     
 0.8583333E-01  0.3111996     
 0.8750000E-01  0.2919227     
 0.8916666E-01  0.2444925     
 0.9083333E-01  0.1633931     
 0.9250000E-01  0.8615832E-01 
 0.9416667E-01  0.4710120E-01 
 0.9583333E-01  0.8751608E-01 
 0.9750000E-01  0.8882015E-01 
 0.9916665E-01  0.1439654     
 0.1008333      0.2175236     
 0.1025000      0.2407229     
 0.1041667      0.1727460     
 0.1058333      0.1483192     
 0.1075000      0.8179375E-01 
 0.1091667      0.7622334E-01 
 0.1108333      0.4495231E-01 
 0.1125000      0.8739752E-01 
 0.1141667      0.1426722     
 0.1158333      0.1918077     
 0.1175000      0.1726463     
 0.1191667      0.1305868     
 0.1208333      0.4311818E-01 
 0.1225000      0.4337376E-01 
 0.1241667      0.3952309E-01 
 0.1258333      0.1051899     
 0.1275000      0.1236960     
 0.1291667      0.1273064     
 0.1308333      0.1125472     
 0.1325000      0.5752648E-01 
 0.1341667      0.4955196E-01 
 0.1358333      0.7547777E-01 
 0.1375000      0.7144480E-01 
 0.1391667      0.1038390     
 0.1408333      0.9164132E-01 
 0.1425000      0.7130145E-01 
 0.1441667      0.5868763E-01 
 0.1458333      0.4144779E-01 
 0.1475000      0.4828991E-01 
 0.1491667      0.7852036E-01 
 0.1508333      0.9456891E-01 
 0.1525000      0.6807759E-01 
 0.1541667      0.4793036E-01 
 0.1558333      0.3736008E-01 
 0.1575000      0.7480846E-01 
 0.1591667      0.8253852E-01 
 0.1608333      0.7714870E-01 
 0.1625000      0.7688497E-01 
 0.1641667      0.6070702E-01 
 0.1658333      0.2915950E-01 
