# SumMovie FRC for input stack : stack6.mrc
# Number of micrographs: 1
# Number of frames per movie: 50
# Pixel size (A): 3.0000
# 1/(A)          FRC
# -----------------------
# 
# Micrograph 1 of 1. Score: .591
 0.8333334E-03  0.9999999     
 0.2500000E-02  0.9513215     
 0.4166666E-02  0.9319559     
 0.5833333E-02  0.8473049     
 0.7499999E-02  0.8654210     
 0.9166666E-02  0.6790134     
 0.1083333E-01  0.6591902     
 0.1250000E-01  0.8495411     
 0.1416667E-01  0.8878575     
 0.1583333E-01  0.9351539     
 0.1750000E-01  0.8942577     
 0.1916667E-01  0.5999616     
 0.2083333E-01  0.6724423     
 0.2250000E-01  0.8420361     
 0.2416667E-01  0.9026573     
 0.2583333E-01  0.8563801     
 0.2750000E-01  0.7341618     
 0.2916667E-01  0.6253089     
 0.3083333E-01  0.6973221     
 0.3250000E-01  0.7288616     
 0.3416666E-01  0.7020156     
 0.3583334E-01  0.5994377     
 0.3750000E-01  0.5401588     
 0.3916667E-01  0.5301903     
 0.4083334E-01  0.5731462     
 0.4250000E-01  0.4561163     
 0.4416666E-01  0.3939244     
 0.4583333E-01  0.3615212     
 0.4750000E-01  0.2995176     
 0.4916666E-01  0.2240705     
 0.5083333E-01  0.1322080     
 0.5250000E-01  0.1156706     
 0.5416667E-01  0.6269003E-01 
 0.5583333E-01  0.9625996E-01 
 0.5750000E-01  0.1215265     
 0.5916666E-01  0.1974986     
 0.6083334E-01  0.2694269     
 0.6250000E-01  0.2911077     
 0.6416667E-01  0.3445887     
 0.6583333E-01  0.3747097     
 0.6750000E-01  0.3507071     
 0.6916667E-01  0.3464042     
 0.7083333E-01  0.2870745     
 0.7250000E-01  0.2207559     
 0.7416667E-01  0.1268352     
 0.7583334E-01  0.8252852E-01 
 0.7749999E-01  0.6668052E-01 
 0.7916667E-01  0.7815219E-01 
 0.8083334E-01  0.1864766     
 0.8250000E-01  0.2285447     
 0.8416667E-01  0.2999933     
 0.8583333E-01  0.3119758     
 0.8750000E-01  0.2913942     
 0.8916666E-01  0.2435491     
 0.9083333E-01  0.1640543     
 0.9250000E-01  0.8334654E-01 
 0.9416667E-01  0.5167270E-01 
 0.9583333E-01  0.8364464E-01 
 0.9750000E-01  0.8862262E-01 
 0.9916665E-01  0.1448687     
 0.1008333      0.2135438     
 0.1025000      0.2338670     
 0.1041667      0.1762799     
 0.1058333      0.1485883     
 0.1075000      0.8232798E-01 
 0.1091667      0.6812295E-01 
 0.1108333      0.4402081E-01 
 0.1125000      0.8539046E-01 
 0.1141667      0.1407430     
 0.1158333      0.1946508     
 0.1175000      0.1771193     
 0.1191667      0.1371016     
 0.1208333      0.3999914E-01 
 0.1225000      0.4491244E-01 
 0.1241667      0.3949016E-01 
 0.1258333      0.1058058     
 0.1275000      0.1221197     
 0.1291667      0.1353591     
 0.1308333      0.1119766     
 0.1325000      0.6703049E-01 
 0.1341667      0.5846413E-01 
 0.1358333      0.7902198E-01 
 0.1375000      0.6709640E-01 
 0.1391667      0.1114563     
 0.1408333      0.9334012E-01 
 0.1425000      0.7908805E-01 
 0.1441667      0.6223150E-01 
 0.1458333      0.4046443E-01 
 0.1475000      0.5481064E-01 
 0.1491667      0.7984061E-01 
 0.1508333      0.9196012E-01 
 0.1525000      0.6658183E-01 
 0.1541667      0.5071459E-01 
 0.1558333      0.3942448E-01 
 0.1575000      0.7479494E-01 
 0.1591667      0.8166162E-01 
 0.1608333      0.7556408E-01 
 0.1625000      0.8035776E-01 
 0.1641667      0.4480745E-01 
 0.1658333      0.2888712E-01 
