# SumMovie FRC for input stack : stack11.mrc
# Number of micrographs: 1
# Number of frames per movie: 50
# Pixel size (A): 3.0000
# 1/(A)          FRC
# -----------------------
# 
# Micrograph 1 of 1. Score: .573
 0.8333334E-03  0.9999998     
 0.2500000E-02  0.8502467     
 0.4166666E-02  0.8703777     
 0.5833333E-02  0.8519447     
 0.7499999E-02  0.8574570     
 0.9166666E-02  0.7369210     
 0.1083333E-01  0.6258783     
 0.1250000E-01  0.8523111     
 0.1416667E-01  0.9141716     
 0.1583333E-01  0.9438788     
 0.1750000E-01  0.9072172     
 0.1916667E-01  0.6583703     
 0.2083333E-01  0.7394225     
 0.2250000E-01  0.8752064     
 0.2416667E-01  0.9219735     
 0.2583333E-01  0.8923876     
 0.2750000E-01  0.7423303     
 0.2916667E-01  0.6422988     
 0.3083333E-01  0.7109210     
 0.3250000E-01  0.7715887     
 0.3416666E-01  0.7204590     
 0.3583334E-01  0.5896493     
 0.3750000E-01  0.5232371     
 0.3916667E-01  0.4994009     
 0.4083334E-01  0.5170624     
 0.4250000E-01  0.4013039     
 0.4416666E-01  0.3373100     
 0.4583333E-01  0.2910559     
 0.4750000E-01  0.2208466     
 0.4916666E-01  0.1085794     
 0.5083333E-01  0.7639445E-01 
 0.5250000E-01  0.1375320     
 0.5416667E-01  0.1400465     
 0.5583333E-01  0.2224830     
 0.5750000E-01  0.2970332     
 0.5916666E-01  0.3608656     
 0.6083334E-01  0.3554885     
 0.6250000E-01  0.4022260     
 0.6416667E-01  0.3907089     
 0.6583333E-01  0.3110379     
 0.6750000E-01  0.2990022     
 0.6916667E-01  0.1898234     
 0.7083333E-01  0.1111630     
 0.7250000E-01  0.8425938E-01 
 0.7416667E-01  0.1095227     
 0.7583334E-01  0.1979349     
 0.7749999E-01  0.2666240     
 0.7916667E-01  0.3122081     
 0.8083334E-01  0.3535873     
 0.8250000E-01  0.3200639     
 0.8416667E-01  0.2957814     
 0.8583333E-01  0.2061284     
 0.8750000E-01  0.9682959E-01 
 0.8916666E-01  0.7788339E-01 
 0.9083333E-01  0.1310116     
 0.9250000E-01  0.2236345     
 0.9416667E-01  0.2862689     
 0.9583333E-01  0.3026071     
 0.9750000E-01  0.2564131     
 0.9916665E-01  0.2353814     
 0.1008333      0.1128414     
 0.1025000      0.7922772E-01 
 0.1041667      0.1368306     
 0.1058333      0.2179722     
 0.1075000      0.2218734     
 0.1091667      0.2486665     
 0.1108333      0.2086069     
 0.1125000      0.1523677     
 0.1141667      0.9744007E-01 
 0.1158333      0.9344064E-01 
 0.1175000      0.1640235     
 0.1191667      0.1933251     
 0.1208333      0.1638903     
 0.1225000      0.1456657     
 0.1241667      0.8992812E-01 
 0.1258333      0.9826567E-01 
 0.1275000      0.1098503     
 0.1291667      0.1646093     
 0.1308333      0.1663421     
 0.1325000      0.1825382     
 0.1341667      0.1082665     
 0.1358333      0.6773203E-01 
 0.1375000      0.1292879     
 0.1391667      0.1157727     
 0.1408333      0.1530096     
 0.1425000      0.1160968     
 0.1441667      0.1096943     
 0.1458333      0.9743192E-01 
 0.1475000      0.9325795E-01 
 0.1491667      0.1215090     
 0.1508333      0.1436532     
 0.1525000      0.1074188     
 0.1541667      0.9508132E-01 
 0.1558333      0.1054360     
 0.1575000      0.1420519     
 0.1591667      0.1012997     
 0.1608333      0.1108852     
 0.1625000      0.8962923E-01 
 0.1641667      0.1214992     
 0.1658333      0.1359569     
