# SumMovie FRC for input stack : stack6.mrc
# Number of micrographs: 1
# Number of frames per movie: 50
# Pixel size (A): 3.0000
# 1/(A)          FRC
# -----------------------
# 
# Micrograph 1 of 1. Score: .592
 0.8333334E-03  0.9999999     
 0.2500000E-02  0.9513226     
 0.4166666E-02  0.9319534     
 0.5833333E-02  0.8473862     
 0.7499999E-02  0.8654240     
 0.9166666E-02  0.6789781     
 0.1083333E-01  0.6589840     
 0.1250000E-01  0.8496770     
 0.1416667E-01  0.8879209     
 0.1583333E-01  0.9352179     
 0.1750000E-01  0.8941840     
 0.1916667E-01  0.6001881     
 0.2083333E-01  0.6727280     
 0.2250000E-01  0.8425410     
 0.2416667E-01  0.9027467     
 0.2583333E-01  0.8567126     
 0.2750000E-01  0.7347091     
 0.2916667E-01  0.6254281     
 0.3083333E-01  0.6975988     
 0.3250000E-01  0.7291844     
 0.3416666E-01  0.7023622     
 0.3583334E-01  0.5998958     
 0.3750000E-01  0.5395555     
 0.3916667E-01  0.5310975     
 0.4083334E-01  0.5738231     
 0.4250000E-01  0.4565042     
 0.4416666E-01  0.3946279     
 0.4583333E-01  0.3630903     
 0.4750000E-01  0.3008541     
 0.4916666E-01  0.2242996     
 0.5083333E-01  0.1339746     
 0.5250000E-01  0.1154828     
 0.5416667E-01  0.6245632E-01 
 0.5583333E-01  0.9742940E-01 
 0.5750000E-01  0.1219067     
 0.5916666E-01  0.1981879     
 0.6083334E-01  0.2695524     
 0.6250000E-01  0.2908690     
 0.6416667E-01  0.3449278     
 0.6583333E-01  0.3754584     
 0.6750000E-01  0.3506554     
 0.6916667E-01  0.3468705     
 0.7083333E-01  0.2886568     
 0.7250000E-01  0.2216089     
 0.7416667E-01  0.1257394     
 0.7583334E-01  0.8061584E-01 
 0.7749999E-01  0.6709133E-01 
 0.7916667E-01  0.7874750E-01 
 0.8083334E-01  0.1868948     
 0.8250000E-01  0.2296289     
 0.8416667E-01  0.3002392     
 0.8583333E-01  0.3116991     
 0.8750000E-01  0.2917736     
 0.8916666E-01  0.2435997     
 0.9083333E-01  0.1646774     
 0.9250000E-01  0.8291159E-01 
 0.9416667E-01  0.4965411E-01 
 0.9583333E-01  0.8504610E-01 
 0.9750000E-01  0.8885795E-01 
 0.9916665E-01  0.1444406     
 0.1008333      0.2154470     
 0.1025000      0.2369699     
 0.1041667      0.1747180     
 0.1058333      0.1484037     
 0.1075000      0.8236226E-01 
 0.1091667      0.7122969E-01 
 0.1108333      0.4439853E-01 
 0.1125000      0.8617713E-01 
 0.1141667      0.1406791     
 0.1158333      0.1930160     
 0.1175000      0.1761240     
 0.1191667      0.1340504     
 0.1208333      0.4003825E-01 
 0.1225000      0.4381924E-01 
 0.1241667      0.4061675E-01 
 0.1258333      0.1049739     
 0.1275000      0.1222783     
 0.1291667      0.1315729     
 0.1308333      0.1116478     
 0.1325000      0.6346337E-01 
 0.1341667      0.5606306E-01 
 0.1358333      0.7790891E-01 
 0.1375000      0.6813437E-01 
 0.1391667      0.1092844     
 0.1408333      0.9177196E-01 
 0.1425000      0.7588840E-01 
 0.1441667      0.6001185E-01 
 0.1458333      0.4214339E-01 
 0.1475000      0.5095494E-01 
 0.1491667      0.7887625E-01 
 0.1508333      0.9345126E-01 
 0.1525000      0.6655560E-01 
 0.1541667      0.4994425E-01 
 0.1558333      0.3849922E-01 
 0.1575000      0.7450178E-01 
 0.1591667      0.8184303E-01 
 0.1608333      0.7612029E-01 
 0.1625000      0.7791622E-01 
 0.1641667      0.5015960E-01 
 0.1658333      0.2848607E-01 
