# SumMovie FRC for input stack : stack1.mrc
# Number of micrographs: 1
# Number of frames per movie: 50
# Pixel size (A): 3.0000
# 1/(A)          FRC
# -----------------------
# 
# Micrograph 1 of 1. Score: .546
 0.8333334E-03  0.9999993     
 0.2500000E-02  0.9744619     
 0.4166666E-02  0.9570318     
 0.5833333E-02  0.9207630     
 0.7499999E-02  0.9048650     
 0.9166666E-02  0.7501168     
 0.1083333E-01  0.7275149     
 0.1250000E-01  0.8561533     
 0.1416667E-01  0.9223680     
 0.1583333E-01  0.9262345     
 0.1750000E-01  0.8740861     
 0.1916667E-01  0.6749892     
 0.2083333E-01  0.7636083     
 0.2250000E-01  0.8703457     
 0.2416667E-01  0.9034495     
 0.2583333E-01  0.8719941     
 0.2750000E-01  0.7481889     
 0.2916667E-01  0.6439120     
 0.3083333E-01  0.7089430     
 0.3250000E-01  0.7380448     
 0.3416666E-01  0.6842530     
 0.3583334E-01  0.5448708     
 0.3750000E-01  0.4814828     
 0.3916667E-01  0.4606198     
 0.4083334E-01  0.4486913     
 0.4250000E-01  0.4001850     
 0.4416666E-01  0.2574357     
 0.4583333E-01  0.1680157     
 0.4750000E-01  0.1865189     
 0.4916666E-01  0.9573241E-01 
 0.5083333E-01  0.6206139E-01 
 0.5250000E-01  0.6634863E-01 
 0.5416667E-01  0.1250174     
 0.5583333E-01  0.1867847     
 0.5750000E-01  0.2491422     
 0.5916666E-01  0.3153661     
 0.6083334E-01  0.3417225     
 0.6250000E-01  0.3273609     
 0.6416667E-01  0.2975547     
 0.6583333E-01  0.2696870     
 0.6750000E-01  0.1618113     
 0.6916667E-01  0.1325924     
 0.7083333E-01  0.8544482E-01 
 0.7250000E-01  0.6992039E-01 
 0.7416667E-01  0.1045869     
 0.7583334E-01  0.1628665     
 0.7749999E-01  0.2474357     
 0.7916667E-01  0.2984983     
 0.8083334E-01  0.2859936     
 0.8250000E-01  0.2830779     
 0.8416667E-01  0.2229939     
 0.8583333E-01  0.1228568     
 0.8750000E-01  0.6105692E-01 
 0.8916666E-01  0.3251808E-01 
 0.9083333E-01  0.1261896     
 0.9250000E-01  0.1914702     
 0.9416667E-01  0.2370476     
 0.9583333E-01  0.2458006     
 0.9750000E-01  0.1974366     
 0.9916665E-01  0.1098845     
 0.1008333      0.6526238E-01 
 0.1025000      0.4378418E-01 
 0.1041667      0.1212529     
 0.1058333      0.1534751     
 0.1075000      0.1576416     
 0.1091667      0.1702209     
 0.1108333      0.1274195     
 0.1125000      0.1243560     
 0.1141667      0.4055310E-01 
 0.1158333      0.6244703E-01 
 0.1175000      0.1075082     
 0.1191667      0.1078593     
 0.1208333      0.1109517     
 0.1225000      0.9686068E-01 
 0.1241667      0.4434239E-01 
 0.1258333      0.3820517E-01 
 0.1275000      0.5676969E-01 
 0.1291667      0.1088082     
 0.1308333      0.1218539     
 0.1325000      0.6524532E-01 
 0.1341667      0.4571220E-01 
 0.1358333      0.3087952E-01 
 0.1375000      0.1021294     
 0.1391667      0.6180566E-01 
 0.1408333      0.1060122     
 0.1425000      0.6753412E-01 
 0.1441667      0.2942909E-01 
 0.1458333      0.2801310E-01 
 0.1475000      0.7287134E-01 
 0.1491667      0.5755500E-01 
 0.1508333      0.6549931E-01 
 0.1525000      0.2896674E-01 
 0.1541667      0.5208014E-01 
 0.1558333      0.8492967E-01 
 0.1575000      0.4451796E-01 
 0.1591667      0.2274732E-01 
 0.1608333      0.2752242E-01 
 0.1625000      0.4903946E-01 
 0.1641667      0.3334052E-01 
 0.1658333      0.3298587E-01 
