# SumMovie FRC for input stack : stack6.mrc
# Number of micrographs: 1
# Number of frames per movie: 50
# Pixel size (A): 3.0000
# 1/(A)          FRC
# -----------------------
# 
# Micrograph 1 of 1. Score: .564
 0.8333334E-03  0.9999998     
 0.2500000E-02  0.9512994     
 0.4166666E-02  0.9316363     
 0.5833333E-02  0.8460408     
 0.7499999E-02  0.8642709     
 0.9166666E-02  0.6706254     
 0.1083333E-01  0.6518531     
 0.1250000E-01  0.8449323     
 0.1416667E-01  0.8807679     
 0.1583333E-01  0.9293398     
 0.1750000E-01  0.8886895     
 0.1916667E-01  0.5978835     
 0.2083333E-01  0.6552222     
 0.2250000E-01  0.8217649     
 0.2416667E-01  0.8863483     
 0.2583333E-01  0.8365152     
 0.2750000E-01  0.7119225     
 0.2916667E-01  0.6024657     
 0.3083333E-01  0.6604984     
 0.3250000E-01  0.7032307     
 0.3416666E-01  0.6721027     
 0.3583334E-01  0.5611645     
 0.3750000E-01  0.5044624     
 0.3916667E-01  0.4869631     
 0.4083334E-01  0.5127864     
 0.4250000E-01  0.4221259     
 0.4416666E-01  0.3594332     
 0.4583333E-01  0.3187995     
 0.4750000E-01  0.2759675     
 0.4916666E-01  0.2021145     
 0.5083333E-01  0.1186723     
 0.5250000E-01  0.1487636     
 0.5416667E-01  0.9386168E-01 
 0.5583333E-01  0.1381751     
 0.5750000E-01  0.1289520     
 0.5916666E-01  0.1971660     
 0.6083334E-01  0.2534179     
 0.6250000E-01  0.2810614     
 0.6416667E-01  0.3105299     
 0.6583333E-01  0.3097013     
 0.6750000E-01  0.3194086     
 0.6916667E-01  0.3083804     
 0.7083333E-01  0.2521435     
 0.7250000E-01  0.2078590     
 0.7416667E-01  0.1472073     
 0.7583334E-01  0.1028938     
 0.7749999E-01  0.8590363E-01 
 0.7916667E-01  0.1073023     
 0.8083334E-01  0.1692965     
 0.8250000E-01  0.2054495     
 0.8416667E-01  0.2518683     
 0.8583333E-01  0.2766466     
 0.8750000E-01  0.2512678     
 0.8916666E-01  0.2589236     
 0.9083333E-01  0.1290100     
 0.9250000E-01  0.1364191     
 0.9416667E-01  0.9164796E-01 
 0.9583333E-01  0.1366907     
 0.9750000E-01  0.1405359     
 0.9916665E-01  0.1724507     
 0.1008333      0.1869263     
 0.1025000      0.2029160     
 0.1041667      0.2004304     
 0.1058333      0.1381726     
 0.1075000      0.1180290     
 0.1091667      0.7455501E-01 
 0.1108333      0.9075665E-01 
 0.1125000      0.1464159     
 0.1141667      0.1641703     
 0.1158333      0.2011437     
 0.1175000      0.1706892     
 0.1191667      0.1486539     
 0.1208333      0.1209170     
 0.1225000      0.8805821E-01 
 0.1241667      0.1145706     
 0.1258333      0.1124137     
 0.1275000      0.1668400     
 0.1291667      0.1502382     
 0.1308333      0.1593554     
 0.1325000      0.8410297E-01 
 0.1341667      0.7926252E-01 
 0.1358333      0.1214831     
 0.1375000      0.1109177     
 0.1391667      0.1112690     
 0.1408333      0.1378237     
 0.1425000      0.1114880     
 0.1441667      0.1010442     
 0.1458333      0.9953655E-01 
 0.1475000      0.1211693     
 0.1491667      0.1383952     
 0.1508333      0.1465665     
 0.1525000      0.1266345     
 0.1541667      0.8577377E-01 
 0.1558333      0.1183270     
 0.1575000      0.1071027     
 0.1591667      0.1260789     
 0.1608333      0.1424959     
 0.1625000      0.1101774     
 0.1641667      0.9907445E-01 
 0.1658333      0.8679283E-01 
