# SumMovie FRC for input stack : stack16.mrc
# Number of micrographs: 1
# Number of frames per movie: 50
# Pixel size (A): 3.0000
# 1/(A)          FRC
# -----------------------
# 
# Micrograph 1 of 1. Score: .538
 0.8333334E-03  0.9999994     
 0.2500000E-02  0.9672199     
 0.4166666E-02  0.9454389     
 0.5833333E-02  0.9120655     
 0.7499999E-02  0.8965135     
 0.9166666E-02  0.8416426     
 0.1083333E-01  0.7766953     
 0.1250000E-01  0.8839651     
 0.1416667E-01  0.9355156     
 0.1583333E-01  0.9656425     
 0.1750000E-01  0.9459245     
 0.1916667E-01  0.7766003     
 0.2083333E-01  0.8029973     
 0.2250000E-01  0.9023829     
 0.2416667E-01  0.9433724     
 0.2583333E-01  0.9340919     
 0.2750000E-01  0.8306163     
 0.2916667E-01  0.7050204     
 0.3083333E-01  0.7540030     
 0.3250000E-01  0.7966748     
 0.3416666E-01  0.7330695     
 0.3583334E-01  0.6081728     
 0.3750000E-01  0.4395533     
 0.3916667E-01  0.3795888     
 0.4083334E-01  0.2920672     
 0.4250000E-01  0.1231747     
 0.4416666E-01  0.1195422     
 0.4583333E-01  0.8405969E-01 
 0.4750000E-01  0.1481613     
 0.4916666E-01  0.2688077     
 0.5083333E-01  0.3447273     
 0.5250000E-01  0.3904310     
 0.5416667E-01  0.3825271     
 0.5583333E-01  0.4241259     
 0.5750000E-01  0.3622279     
 0.5916666E-01  0.2780899     
 0.6083334E-01  0.1854908     
 0.6250000E-01  0.8027728E-01 
 0.6416667E-01  0.1038240     
 0.6583333E-01  0.1390495     
 0.6750000E-01  0.2087700     
 0.6916667E-01  0.3148449     
 0.7083333E-01  0.4066992     
 0.7250000E-01  0.3725027     
 0.7416667E-01  0.3075665     
 0.7583334E-01  0.1818644     
 0.7749999E-01  0.1187016     
 0.7916667E-01  0.9369677E-01 
 0.8083334E-01  0.2500983     
 0.8250000E-01  0.2760409     
 0.8416667E-01  0.3606851     
 0.8583333E-01  0.3021929     
 0.8750000E-01  0.1858878     
 0.8916666E-01  0.1193324     
 0.9083333E-01  0.7808144E-01 
 0.9250000E-01  0.1861040     
 0.9416667E-01  0.2603796     
 0.9583333E-01  0.2806578     
 0.9750000E-01  0.2098070     
 0.9916665E-01  0.9730170E-01 
 0.1008333      0.5937284E-01 
 0.1025000      0.1207217     
 0.1041667      0.1913586     
 0.1058333      0.2409454     
 0.1075000      0.1802519     
 0.1091667      0.1100753     
 0.1108333      0.5735573E-01 
 0.1125000      0.1395396     
 0.1141667      0.1974325     
 0.1158333      0.1891700     
 0.1175000      0.1121478     
 0.1191667      0.4799075E-01 
 0.1208333      0.9058873E-01 
 0.1225000      0.1572860     
 0.1241667      0.1747177     
 0.1258333      0.1079635     
 0.1275000      0.6525184E-01 
 0.1291667      0.8744565E-01 
 0.1308333      0.1192845     
 0.1325000      0.1339728     
 0.1341667      0.6841709E-01 
 0.1358333      0.4431624E-01 
 0.1375000      0.1120673     
 0.1391667      0.1357399     
 0.1408333      0.9316853E-01 
 0.1425000      0.7483014E-01 
 0.1441667      0.7446365E-01 
 0.1458333      0.1143815     
 0.1475000      0.9480880E-01 
 0.1491667      0.6359202E-01 
 0.1508333      0.6993321E-01 
 0.1525000      0.1002738     
 0.1541667      0.8352071E-01 
 0.1558333      0.7497019E-01 
 0.1575000      0.4486971E-01 
 0.1591667      0.8382980E-01 
 0.1608333      0.8691777E-01 
 0.1625000      0.4423405E-01 
 0.1641667      0.6354795E-01 
 0.1658333      0.1311127     
