# SumMovie FRC for input stack : stack6.mrc
# Number of micrographs: 1
# Number of frames per movie: 50
# Pixel size (A): 3.0000
# 1/(A)          FRC
# -----------------------
# 
# Micrograph 1 of 1. Score: .580
 0.8333334E-03  0.9999999     
 0.2500000E-02  0.9513966     
 0.4166666E-02  0.9316648     
 0.5833333E-02  0.8462828     
 0.7499999E-02  0.8654150     
 0.9166666E-02  0.6740336     
 0.1083333E-01  0.6558095     
 0.1250000E-01  0.8464681     
 0.1416667E-01  0.8842977     
 0.1583333E-01  0.9320323     
 0.1750000E-01  0.8918330     
 0.1916667E-01  0.6010002     
 0.2083333E-01  0.6631532     
 0.2250000E-01  0.8310097     
 0.2416667E-01  0.8939472     
 0.2583333E-01  0.8469293     
 0.2750000E-01  0.7238122     
 0.2916667E-01  0.6199554     
 0.3083333E-01  0.6810035     
 0.3250000E-01  0.7227058     
 0.3416666E-01  0.6887656     
 0.3583334E-01  0.5822786     
 0.3750000E-01  0.5313359     
 0.3916667E-01  0.5142258     
 0.4083334E-01  0.5502557     
 0.4250000E-01  0.4425624     
 0.4416666E-01  0.3735311     
 0.4583333E-01  0.3468902     
 0.4750000E-01  0.2913722     
 0.4916666E-01  0.2173552     
 0.5083333E-01  0.1183061     
 0.5250000E-01  0.1362135     
 0.5416667E-01  0.8343393E-01 
 0.5583333E-01  0.1211629     
 0.5750000E-01  0.1291140     
 0.5916666E-01  0.2130569     
 0.6083334E-01  0.2742958     
 0.6250000E-01  0.2914155     
 0.6416667E-01  0.3424599     
 0.6583333E-01  0.3415965     
 0.6750000E-01  0.3410115     
 0.6916667E-01  0.3200455     
 0.7083333E-01  0.2773418     
 0.7250000E-01  0.2176205     
 0.7416667E-01  0.1387457     
 0.7583334E-01  0.9843301E-01 
 0.7749999E-01  0.8763619E-01 
 0.7916667E-01  0.8669147E-01 
 0.8083334E-01  0.1749243     
 0.8250000E-01  0.2152177     
 0.8416667E-01  0.2725444     
 0.8583333E-01  0.2874967     
 0.8750000E-01  0.2690324     
 0.8916666E-01  0.2462560     
 0.9083333E-01  0.1404140     
 0.9250000E-01  0.1180721     
 0.9416667E-01  0.7317659E-01 
 0.9583333E-01  0.1156217     
 0.9750000E-01  0.1131580     
 0.9916665E-01  0.1570556     
 0.1008333      0.1954254     
 0.1025000      0.2248868     
 0.1041667      0.1840920     
 0.1058333      0.1452792     
 0.1075000      0.9501109E-01 
 0.1091667      0.4825379E-01 
 0.1108333      0.7385353E-01 
 0.1125000      0.1149093     
 0.1141667      0.1693781     
 0.1158333      0.1896493     
 0.1175000      0.1496679     
 0.1191667      0.1370567     
 0.1208333      0.7455387E-01 
 0.1225000      0.5580529E-01 
 0.1241667      0.5959368E-01 
 0.1258333      0.9085735E-01 
 0.1275000      0.1360739     
 0.1291667      0.1322473     
 0.1308333      0.1203414     
 0.1325000      0.5579700E-01 
 0.1341667      0.4509285E-01 
 0.1358333      0.9487375E-01 
 0.1375000      0.7451677E-01 
 0.1391667      0.8325175E-01 
 0.1408333      0.1076282     
 0.1425000      0.9488915E-01 
 0.1441667      0.7192606E-01 
 0.1458333      0.5835917E-01 
 0.1475000      0.7339609E-01 
 0.1491667      0.9608269E-01 
 0.1508333      0.1095842     
 0.1525000      0.7781266E-01 
 0.1541667      0.4878533E-01 
 0.1558333      0.7457339E-01 
 0.1575000      0.7204908E-01 
 0.1591667      0.9153754E-01 
 0.1608333      0.8804976E-01 
 0.1625000      0.6925675E-01 
 0.1641667      0.7742797E-01 
 0.1658333      0.4147003E-01 
