# SumMovie FRC for input stack : stack11.mrc
# Number of micrographs: 1
# Number of frames per movie: 50
# Pixel size (A): 3.0000
# 1/(A)          FRC
# -----------------------
# 
# Micrograph 1 of 1. Score: .576
 0.8333334E-03  0.9999998     
 0.2500000E-02  0.8504559     
 0.4166666E-02  0.8705776     
 0.5833333E-02  0.8518546     
 0.7499999E-02  0.8576521     
 0.9166666E-02  0.7374127     
 0.1083333E-01  0.6259835     
 0.1250000E-01  0.8530840     
 0.1416667E-01  0.9147913     
 0.1583333E-01  0.9440802     
 0.1750000E-01  0.9077951     
 0.1916667E-01  0.6572856     
 0.2083333E-01  0.7409738     
 0.2250000E-01  0.8760181     
 0.2416667E-01  0.9234391     
 0.2583333E-01  0.8932218     
 0.2750000E-01  0.7451550     
 0.2916667E-01  0.6478322     
 0.3083333E-01  0.7157039     
 0.3250000E-01  0.7752975     
 0.3416666E-01  0.7263588     
 0.3583334E-01  0.5932038     
 0.3750000E-01  0.5290629     
 0.3916667E-01  0.5058170     
 0.4083334E-01  0.5201797     
 0.4250000E-01  0.4048886     
 0.4416666E-01  0.3413573     
 0.4583333E-01  0.2972068     
 0.4750000E-01  0.2207112     
 0.4916666E-01  0.1080404     
 0.5083333E-01  0.7716636E-01 
 0.5250000E-01  0.1376577     
 0.5416667E-01  0.1445277     
 0.5583333E-01  0.2224781     
 0.5750000E-01  0.3001871     
 0.5916666E-01  0.3720438     
 0.6083334E-01  0.3601682     
 0.6250000E-01  0.4139662     
 0.6416667E-01  0.3998432     
 0.6583333E-01  0.3234743     
 0.6750000E-01  0.3046036     
 0.6916667E-01  0.1885688     
 0.7083333E-01  0.1095925     
 0.7250000E-01  0.7897998E-01 
 0.7416667E-01  0.1103514     
 0.7583334E-01  0.2012269     
 0.7749999E-01  0.2758827     
 0.7916667E-01  0.3189456     
 0.8083334E-01  0.3669593     
 0.8250000E-01  0.3288611     
 0.8416667E-01  0.3065149     
 0.8583333E-01  0.2117675     
 0.8750000E-01  0.1002810     
 0.8916666E-01  0.7449032E-01 
 0.9083333E-01  0.1331798     
 0.9250000E-01  0.2323565     
 0.9416667E-01  0.2931557     
 0.9583333E-01  0.3035544     
 0.9750000E-01  0.2644871     
 0.9916665E-01  0.2344314     
 0.1008333      0.1118506     
 0.1025000      0.6461355E-01 
 0.1041667      0.1265529     
 0.1058333      0.2116519     
 0.1075000      0.2348685     
 0.1091667      0.2462424     
 0.1108333      0.2067126     
 0.1125000      0.1467166     
 0.1141667      0.8564430E-01 
 0.1158333      0.9134420E-01 
 0.1175000      0.1572578     
 0.1191667      0.1892782     
 0.1208333      0.1635281     
 0.1225000      0.1428307     
 0.1241667      0.8245857E-01 
 0.1258333      0.8381088E-01 
 0.1275000      0.1017568     
 0.1291667      0.1584554     
 0.1308333      0.1714112     
 0.1325000      0.1770937     
 0.1341667      0.1007863     
 0.1358333      0.5991026E-01 
 0.1375000      0.1173950     
 0.1391667      0.1121627     
 0.1408333      0.1471346     
 0.1425000      0.1133291     
 0.1441667      0.9114698E-01 
 0.1458333      0.7742838E-01 
 0.1475000      0.7245374E-01 
 0.1491667      0.1214724     
 0.1508333      0.1266186     
 0.1525000      0.9839237E-01 
 0.1541667      0.8433195E-01 
 0.1558333      0.8558382E-01 
 0.1575000      0.1307902     
 0.1591667      0.8918233E-01 
 0.1608333      0.8805440E-01 
 0.1625000      0.7149351E-01 
 0.1641667      0.1020718     
 0.1658333      0.1176556     
