# SumMovie FRC for input stack : stack1.mrc
# Number of micrographs: 1
# Number of frames per movie: 50
# Pixel size (A): 3.0000
# 1/(A)          FRC
# -----------------------
# 
# Micrograph 1 of 1. Score: .546
 0.8333334E-03  0.9999993     
 0.2500000E-02  0.9744658     
 0.4166666E-02  0.9570673     
 0.5833333E-02  0.9207891     
 0.7499999E-02  0.9049157     
 0.9166666E-02  0.7499534     
 0.1083333E-01  0.7273136     
 0.1250000E-01  0.8559886     
 0.1416667E-01  0.9223959     
 0.1583333E-01  0.9258572     
 0.1750000E-01  0.8741115     
 0.1916667E-01  0.6741948     
 0.2083333E-01  0.7637331     
 0.2250000E-01  0.8705707     
 0.2416667E-01  0.9035400     
 0.2583333E-01  0.8720845     
 0.2750000E-01  0.7482474     
 0.2916667E-01  0.6432236     
 0.3083333E-01  0.7087944     
 0.3250000E-01  0.7388645     
 0.3416666E-01  0.6852047     
 0.3583334E-01  0.5460864     
 0.3750000E-01  0.4823219     
 0.3916667E-01  0.4596145     
 0.4083334E-01  0.4493870     
 0.4250000E-01  0.3988497     
 0.4416666E-01  0.2553186     
 0.4583333E-01  0.1673424     
 0.4750000E-01  0.1856132     
 0.4916666E-01  0.9460356E-01 
 0.5083333E-01  0.6143239E-01 
 0.5250000E-01  0.6840310E-01 
 0.5416667E-01  0.1217164     
 0.5583333E-01  0.1871076     
 0.5750000E-01  0.2513526     
 0.5916666E-01  0.3171052     
 0.6083334E-01  0.3438383     
 0.6250000E-01  0.3291275     
 0.6416667E-01  0.2983879     
 0.6583333E-01  0.2714181     
 0.6750000E-01  0.1615738     
 0.6916667E-01  0.1314860     
 0.7083333E-01  0.8686769E-01 
 0.7250000E-01  0.6782247E-01 
 0.7416667E-01  0.1027436     
 0.7583334E-01  0.1618456     
 0.7749999E-01  0.2492150     
 0.7916667E-01  0.2986504     
 0.8083334E-01  0.2873895     
 0.8250000E-01  0.2865167     
 0.8416667E-01  0.2225481     
 0.8583333E-01  0.1227310     
 0.8750000E-01  0.5997109E-01 
 0.8916666E-01  0.3474778E-01 
 0.9083333E-01  0.1274430     
 0.9250000E-01  0.1931100     
 0.9416667E-01  0.2368303     
 0.9583333E-01  0.2469550     
 0.9750000E-01  0.1964324     
 0.9916665E-01  0.1101141     
 0.1008333      0.6674208E-01 
 0.1025000      0.4303334E-01 
 0.1041667      0.1222196     
 0.1058333      0.1550392     
 0.1075000      0.1558397     
 0.1091667      0.1728846     
 0.1108333      0.1288270     
 0.1125000      0.1279491     
 0.1141667      0.4384715E-01 
 0.1158333      0.6213347E-01 
 0.1175000      0.1070819     
 0.1191667      0.1092466     
 0.1208333      0.1101173     
 0.1225000      0.9509315E-01 
 0.1241667      0.4540366E-01 
 0.1258333      0.3743986E-01 
 0.1275000      0.5675925E-01 
 0.1291667      0.1105929     
 0.1308333      0.1249091     
 0.1325000      0.6718083E-01 
 0.1341667      0.4281607E-01 
 0.1358333      0.3269166E-01 
 0.1375000      0.1001118     
 0.1391667      0.6568765E-01 
 0.1408333      0.1022139     
 0.1425000      0.7076169E-01 
 0.1441667      0.3156327E-01 
 0.1458333      0.3723677E-01 
 0.1475000      0.7541554E-01 
 0.1491667      0.6245098E-01 
 0.1508333      0.6867373E-01 
 0.1525000      0.3463956E-01 
 0.1541667      0.5538496E-01 
 0.1558333      0.8177070E-01 
 0.1575000      0.4553081E-01 
 0.1591667      0.2248579E-01 
 0.1608333      0.3551590E-01 
 0.1625000      0.5236600E-01 
 0.1641667      0.3229292E-01 
 0.1658333      0.3063507E-01 
