# SumMovie FRC for input stack : stack16.mrc
# Number of micrographs: 1
# Number of frames per movie: 50
# Pixel size (A): 3.0000
# 1/(A)          FRC
# -----------------------
# 
# Micrograph 1 of 1. Score: .538
 0.8333334E-03  0.9999994     
 0.2500000E-02  0.9672224     
 0.4166666E-02  0.9454310     
 0.5833333E-02  0.9120632     
 0.7499999E-02  0.8965116     
 0.9166666E-02  0.8416215     
 0.1083333E-01  0.7767263     
 0.1250000E-01  0.8840162     
 0.1416667E-01  0.9355276     
 0.1583333E-01  0.9656268     
 0.1750000E-01  0.9459102     
 0.1916667E-01  0.7765990     
 0.2083333E-01  0.8029273     
 0.2250000E-01  0.9023910     
 0.2416667E-01  0.9434578     
 0.2583333E-01  0.9341112     
 0.2750000E-01  0.8306409     
 0.2916667E-01  0.7051341     
 0.3083333E-01  0.7541937     
 0.3250000E-01  0.7966375     
 0.3416666E-01  0.7331029     
 0.3583334E-01  0.6083948     
 0.3750000E-01  0.4394117     
 0.3916667E-01  0.3792911     
 0.4083334E-01  0.2920070     
 0.4250000E-01  0.1227558     
 0.4416666E-01  0.1186796     
 0.4583333E-01  0.8336904E-01 
 0.4750000E-01  0.1478123     
 0.4916666E-01  0.2687743     
 0.5083333E-01  0.3445677     
 0.5250000E-01  0.3902079     
 0.5416667E-01  0.3825854     
 0.5583333E-01  0.4240497     
 0.5750000E-01  0.3622061     
 0.5916666E-01  0.2774814     
 0.6083334E-01  0.1855171     
 0.6250000E-01  0.7954800E-01 
 0.6416667E-01  0.1030577     
 0.6583333E-01  0.1388080     
 0.6750000E-01  0.2085121     
 0.6916667E-01  0.3148791     
 0.7083333E-01  0.4062338     
 0.7250000E-01  0.3727360     
 0.7416667E-01  0.3077447     
 0.7583334E-01  0.1811976     
 0.7749999E-01  0.1184807     
 0.7916667E-01  0.9299686E-01 
 0.8083334E-01  0.2493923     
 0.8250000E-01  0.2758541     
 0.8416667E-01  0.3600230     
 0.8583333E-01  0.3018234     
 0.8750000E-01  0.1848240     
 0.8916666E-01  0.1196400     
 0.9083333E-01  0.7819802E-01 
 0.9250000E-01  0.1851856     
 0.9416667E-01  0.2603732     
 0.9583333E-01  0.2808145     
 0.9750000E-01  0.2089095     
 0.9916665E-01  0.9648175E-01 
 0.1008333      0.5810631E-01 
 0.1025000      0.1202599     
 0.1041667      0.1914261     
 0.1058333      0.2405849     
 0.1075000      0.1792180     
 0.1091667      0.1094390     
 0.1108333      0.5668218E-01 
 0.1125000      0.1389201     
 0.1141667      0.1967981     
 0.1158333      0.1884528     
 0.1175000      0.1111430     
 0.1191667      0.4780138E-01 
 0.1208333      0.8990733E-01 
 0.1225000      0.1562783     
 0.1241667      0.1745159     
 0.1258333      0.1075033     
 0.1275000      0.6513079E-01 
 0.1291667      0.8652572E-01 
 0.1308333      0.1195499     
 0.1325000      0.1336765     
 0.1341667      0.6618652E-01 
 0.1358333      0.4364194E-01 
 0.1375000      0.1122367     
 0.1391667      0.1350186     
 0.1408333      0.9328541E-01 
 0.1425000      0.7449046E-01 
 0.1441667      0.7404249E-01 
 0.1458333      0.1139771     
 0.1475000      0.9460840E-01 
 0.1491667      0.6339766E-01 
 0.1508333      0.7069515E-01 
 0.1525000      0.1008979     
 0.1541667      0.8377221E-01 
 0.1558333      0.7476044E-01 
 0.1575000      0.4397828E-01 
 0.1591667      0.8353094E-01 
 0.1608333      0.8573798E-01 
 0.1625000      0.4317070E-01 
 0.1641667      0.6372552E-01 
 0.1658333      0.1300392     
