# SumMovie FRC for input stack : stack16.mrc
# Number of micrographs: 1
# Number of frames per movie: 50
# Pixel size (A): 3.0000
# 1/(A)          FRC
# -----------------------
# 
# Micrograph 1 of 1. Score: .530
 0.8333334E-03  0.9999994     
 0.2500000E-02  0.9670484     
 0.4166666E-02  0.9459485     
 0.5833333E-02  0.9111159     
 0.7499999E-02  0.8944126     
 0.9166666E-02  0.8414155     
 0.1083333E-01  0.7721595     
 0.1250000E-01  0.8791403     
 0.1416667E-01  0.9335572     
 0.1583333E-01  0.9640884     
 0.1750000E-01  0.9440620     
 0.1916667E-01  0.7662144     
 0.2083333E-01  0.8011734     
 0.2250000E-01  0.8945698     
 0.2416667E-01  0.9356478     
 0.2583333E-01  0.9269168     
 0.2750000E-01  0.8175839     
 0.2916667E-01  0.6838343     
 0.3083333E-01  0.7349929     
 0.3250000E-01  0.7810569     
 0.3416666E-01  0.7025899     
 0.3583334E-01  0.5677289     
 0.3750000E-01  0.4282843     
 0.3916667E-01  0.3592333     
 0.4083334E-01  0.2973214     
 0.4250000E-01  0.1127210     
 0.4416666E-01  0.1224838     
 0.4583333E-01  0.1033690     
 0.4750000E-01  0.1353908     
 0.4916666E-01  0.2721908     
 0.5083333E-01  0.3362025     
 0.5250000E-01  0.3660704     
 0.5416667E-01  0.3630079     
 0.5583333E-01  0.4112558     
 0.5750000E-01  0.3519211     
 0.5916666E-01  0.2666883     
 0.6083334E-01  0.1827052     
 0.6250000E-01  0.9051868E-01 
 0.6416667E-01  0.1077220     
 0.6583333E-01  0.1433071     
 0.6750000E-01  0.1995140     
 0.6916667E-01  0.3069577     
 0.7083333E-01  0.4000248     
 0.7250000E-01  0.3388911     
 0.7416667E-01  0.2772039     
 0.7583334E-01  0.1678701     
 0.7749999E-01  0.1105302     
 0.7916667E-01  0.9370643E-01 
 0.8083334E-01  0.2487263     
 0.8250000E-01  0.2585465     
 0.8416667E-01  0.3354268     
 0.8583333E-01  0.2859905     
 0.8750000E-01  0.1853353     
 0.8916666E-01  0.1147171     
 0.9083333E-01  0.9183157E-01 
 0.9250000E-01  0.1803646     
 0.9416667E-01  0.2435029     
 0.9583333E-01  0.2657125     
 0.9750000E-01  0.2121511     
 0.9916665E-01  0.1183273     
 0.1008333      0.9163214E-01 
 0.1025000      0.1308099     
 0.1041667      0.1897660     
 0.1058333      0.2332218     
 0.1075000      0.1881617     
 0.1091667      0.1283443     
 0.1108333      0.6198036E-01 
 0.1125000      0.1502946     
 0.1141667      0.1789187     
 0.1158333      0.1724730     
 0.1175000      0.1241004     
 0.1191667      0.8983134E-01 
 0.1208333      0.1061056     
 0.1225000      0.1466570     
 0.1241667      0.1634689     
 0.1258333      0.1255251     
 0.1275000      0.8177819E-01 
 0.1291667      0.9382005E-01 
 0.1308333      0.1393584     
 0.1325000      0.1333823     
 0.1341667      0.1005739     
 0.1358333      0.5102066E-01 
 0.1375000      0.1075482     
 0.1391667      0.1297147     
 0.1408333      0.1214785     
 0.1425000      0.7749557E-01 
 0.1441667      0.1031774     
 0.1458333      0.1160031     
 0.1475000      0.1090727     
 0.1491667      0.1024209     
 0.1508333      0.9558265E-01 
 0.1525000      0.1081010     
 0.1541667      0.9867618E-01 
 0.1558333      0.7987767E-01 
 0.1575000      0.7707486E-01 
 0.1591667      0.1045147     
 0.1608333      0.1018509     
 0.1625000      0.6325854E-01 
 0.1641667      0.7874407E-01 
 0.1658333      0.1379497     
