# SumMovie FRC for input stack : stack1.mrc
# Number of micrographs: 1
# Number of frames per movie: 50
# Pixel size (A): 3.0000
# 1/(A)          FRC
# -----------------------
# 
# Micrograph 1 of 1. Score: .546
 0.8333334E-03  0.9999993     
 0.2500000E-02  0.9744605     
 0.4166666E-02  0.9570066     
 0.5833333E-02  0.9206994     
 0.7499999E-02  0.9047919     
 0.9166666E-02  0.7499356     
 0.1083333E-01  0.7275029     
 0.1250000E-01  0.8560084     
 0.1416667E-01  0.9222484     
 0.1583333E-01  0.9263118     
 0.1750000E-01  0.8739539     
 0.1916667E-01  0.6751608     
 0.2083333E-01  0.7637382     
 0.2250000E-01  0.8702862     
 0.2416667E-01  0.9032913     
 0.2583333E-01  0.8718351     
 0.2750000E-01  0.7478369     
 0.2916667E-01  0.6446005     
 0.3083333E-01  0.7088687     
 0.3250000E-01  0.7372168     
 0.3416666E-01  0.6836172     
 0.3583334E-01  0.5445521     
 0.3750000E-01  0.4822108     
 0.3916667E-01  0.4616189     
 0.4083334E-01  0.4480485     
 0.4250000E-01  0.4010335     
 0.4416666E-01  0.2601706     
 0.4583333E-01  0.1702945     
 0.4750000E-01  0.1881861     
 0.4916666E-01  0.9737770E-01 
 0.5083333E-01  0.6383984E-01 
 0.5250000E-01  0.6658499E-01 
 0.5416667E-01  0.1288493     
 0.5583333E-01  0.1854470     
 0.5750000E-01  0.2518665     
 0.5916666E-01  0.3153120     
 0.6083334E-01  0.3418252     
 0.6250000E-01  0.3277665     
 0.6416667E-01  0.2989458     
 0.6583333E-01  0.2713426     
 0.6750000E-01  0.1623128     
 0.6916667E-01  0.1355615     
 0.7083333E-01  0.8491806E-01 
 0.7250000E-01  0.7045471E-01 
 0.7416667E-01  0.1073020     
 0.7583334E-01  0.1651800     
 0.7749999E-01  0.2458662     
 0.7916667E-01  0.2980898     
 0.8083334E-01  0.2873069     
 0.8250000E-01  0.2823209     
 0.8416667E-01  0.2252054     
 0.8583333E-01  0.1220725     
 0.8750000E-01  0.6171567E-01 
 0.8916666E-01  0.3104577E-01 
 0.9083333E-01  0.1296194     
 0.9250000E-01  0.1931070     
 0.9416667E-01  0.2358363     
 0.9583333E-01  0.2468280     
 0.9750000E-01  0.1968018     
 0.9916665E-01  0.1074796     
 0.1008333      0.6599142E-01 
 0.1025000      0.4383039E-01 
 0.1041667      0.1197431     
 0.1058333      0.1515190     
 0.1075000      0.1596669     
 0.1091667      0.1737038     
 0.1108333      0.1297287     
 0.1125000      0.1207513     
 0.1141667      0.3446250E-01 
 0.1158333      0.6419059E-01 
 0.1175000      0.1086745     
 0.1191667      0.1074409     
 0.1208333      0.1133033     
 0.1225000      0.1010021     
 0.1241667      0.4673963E-01 
 0.1258333      0.3878309E-01 
 0.1275000      0.5762055E-01 
 0.1291667      0.1106274     
 0.1308333      0.1191403     
 0.1325000      0.6576772E-01 
 0.1341667      0.4798464E-01 
 0.1358333      0.2828244E-01 
 0.1375000      0.1021389     
 0.1391667      0.6206610E-01 
 0.1408333      0.1090334     
 0.1425000      0.6277900E-01 
 0.1441667      0.3061278E-01 
 0.1458333      0.2772446E-01 
 0.1475000      0.7157863E-01 
 0.1491667      0.5379052E-01 
 0.1508333      0.6142334E-01 
 0.1525000      0.2536630E-01 
 0.1541667      0.5532577E-01 
 0.1558333      0.8530292E-01 
 0.1575000      0.4349806E-01 
 0.1591667      0.2161111E-01 
 0.1608333      0.3002254E-01 
 0.1625000      0.4469604E-01 
 0.1641667      0.3785975E-01 
 0.1658333      0.3003890E-01 
