# SumMovie FRC for input stack : stack6.mrc
# Number of micrographs: 1
# Number of frames per movie: 50
# Pixel size (A): 3.0000
# 1/(A)          FRC
# -----------------------
# 
# Micrograph 1 of 1. Score: .572
 0.8333334E-03  0.9999999     
 0.2500000E-02  0.9513501     
 0.4166666E-02  0.9316438     
 0.5833333E-02  0.8461750     
 0.7499999E-02  0.8648224     
 0.9166666E-02  0.6724445     
 0.1083333E-01  0.6538810     
 0.1250000E-01  0.8458024     
 0.1416667E-01  0.8825622     
 0.1583333E-01  0.9306833     
 0.1750000E-01  0.8903715     
 0.1916667E-01  0.5997489     
 0.2083333E-01  0.6595067     
 0.2250000E-01  0.8264461     
 0.2416667E-01  0.8902273     
 0.2583333E-01  0.8417954     
 0.2750000E-01  0.7183580     
 0.2916667E-01  0.6117769     
 0.3083333E-01  0.6713262     
 0.3250000E-01  0.7144309     
 0.3416666E-01  0.6810522     
 0.3583334E-01  0.5720432     
 0.3750000E-01  0.5188714     
 0.3916667E-01  0.5010348     
 0.4083334E-01  0.5323922     
 0.4250000E-01  0.4319128     
 0.4416666E-01  0.3659675     
 0.4583333E-01  0.3331080     
 0.4750000E-01  0.2832919     
 0.4916666E-01  0.2112742     
 0.5083333E-01  0.1183107     
 0.5250000E-01  0.1447418     
 0.5416667E-01  0.9178577E-01 
 0.5583333E-01  0.1310724     
 0.5750000E-01  0.1296149     
 0.5916666E-01  0.2073746     
 0.6083334E-01  0.2665305     
 0.6250000E-01  0.2877575     
 0.6416667E-01  0.3279503     
 0.6583333E-01  0.3255365     
 0.6750000E-01  0.3322975     
 0.6916667E-01  0.3161674     
 0.7083333E-01  0.2650389     
 0.7250000E-01  0.2131610     
 0.7416667E-01  0.1461336     
 0.7583334E-01  0.1021409     
 0.7749999E-01  0.8840627E-01 
 0.7916667E-01  0.9726390E-01 
 0.8083334E-01  0.1714309     
 0.8250000E-01  0.2106906     
 0.8416667E-01  0.2652948     
 0.8583333E-01  0.2854736     
 0.8750000E-01  0.2610682     
 0.8916666E-01  0.2545221     
 0.9083333E-01  0.1325751     
 0.9250000E-01  0.1297453     
 0.9416667E-01  0.8730190E-01 
 0.9583333E-01  0.1300078     
 0.9750000E-01  0.1307624     
 0.9916665E-01  0.1680723     
 0.1008333      0.1882719     
 0.1025000      0.2101517     
 0.1041667      0.1975953     
 0.1058333      0.1422397     
 0.1075000      0.1076215     
 0.1091667      0.5732583E-01 
 0.1108333      0.8359946E-01 
 0.1125000      0.1393508     
 0.1141667      0.1719903     
 0.1158333      0.1964873     
 0.1175000      0.1599242     
 0.1191667      0.1403459     
 0.1208333      0.9988165E-01 
 0.1225000      0.7147835E-01 
 0.1241667      0.9635431E-01 
 0.1258333      0.1008158     
 0.1275000      0.1514672     
 0.1291667      0.1407718     
 0.1308333      0.1406059     
 0.1325000      0.6868083E-01 
 0.1341667      0.5931439E-01 
 0.1358333      0.1135350     
 0.1375000      0.9402122E-01 
 0.1391667      0.9770081E-01 
 0.1408333      0.1217783     
 0.1425000      0.1051980     
 0.1441667      0.8250407E-01 
 0.1458333      0.8433163E-01 
 0.1475000      0.9465186E-01 
 0.1491667      0.1225169     
 0.1508333      0.1315580     
 0.1525000      0.1021990     
 0.1541667      0.6977135E-01 
 0.1558333      0.9820044E-01 
 0.1575000      0.8771990E-01 
 0.1591667      0.1018974     
 0.1608333      0.1226617     
 0.1625000      0.9273195E-01 
 0.1641667      0.8335778E-01 
 0.1658333      0.6471135E-01 
