# SumMovie FRC for input stack : stack6.mrc
# Number of micrographs: 1
# Number of frames per movie: 50
# Pixel size (A): 3.0000
# 1/(A)          FRC
# -----------------------
# 
# Micrograph 1 of 1. Score: .581
 0.8333334E-03  0.9999999     
 0.2500000E-02  0.9513970     
 0.4166666E-02  0.9316740     
 0.5833333E-02  0.8462891     
 0.7499999E-02  0.8654448     
 0.9166666E-02  0.6740863     
 0.1083333E-01  0.6559041     
 0.1250000E-01  0.8465303     
 0.1416667E-01  0.8844355     
 0.1583333E-01  0.9321207     
 0.1750000E-01  0.8918962     
 0.1916667E-01  0.6010669     
 0.2083333E-01  0.6635679     
 0.2250000E-01  0.8314132     
 0.2416667E-01  0.8941845     
 0.2583333E-01  0.8473501     
 0.2750000E-01  0.7241153     
 0.2916667E-01  0.6204466     
 0.3083333E-01  0.6815425     
 0.3250000E-01  0.7230412     
 0.3416666E-01  0.6890440     
 0.3583334E-01  0.5827242     
 0.3750000E-01  0.5317553     
 0.3916667E-01  0.5151523     
 0.4083334E-01  0.5512356     
 0.4250000E-01  0.4434944     
 0.4416666E-01  0.3740149     
 0.4583333E-01  0.3479967     
 0.4750000E-01  0.2916574     
 0.4916666E-01  0.2173763     
 0.5083333E-01  0.1186177     
 0.5250000E-01  0.1347478     
 0.5416667E-01  0.8215886E-01 
 0.5583333E-01  0.1201815     
 0.5750000E-01  0.1289470     
 0.5916666E-01  0.2128524     
 0.6083334E-01  0.2740580     
 0.6250000E-01  0.2913449     
 0.6416667E-01  0.3426308     
 0.6583333E-01  0.3421839     
 0.6750000E-01  0.3407379     
 0.6916667E-01  0.3195123     
 0.7083333E-01  0.2780203     
 0.7250000E-01  0.2176671     
 0.7416667E-01  0.1376756     
 0.7583334E-01  0.9793433E-01 
 0.7749999E-01  0.8757585E-01 
 0.7916667E-01  0.8581958E-01 
 0.8083334E-01  0.1752469     
 0.8250000E-01  0.2149690     
 0.8416667E-01  0.2718424     
 0.8583333E-01  0.2862917     
 0.8750000E-01  0.2691270     
 0.8916666E-01  0.2448320     
 0.9083333E-01  0.1410119     
 0.9250000E-01  0.1166937     
 0.9416667E-01  0.7111313E-01 
 0.9583333E-01  0.1139442     
 0.9750000E-01  0.1115851     
 0.9916665E-01  0.1555835     
 0.1008333      0.1967070     
 0.1025000      0.2253536     
 0.1041667      0.1821611     
 0.1058333      0.1456660     
 0.1075000      0.9431675E-01 
 0.1091667      0.4853073E-01 
 0.1108333      0.7298306E-01 
 0.1125000      0.1121260     
 0.1141667      0.1679848     
 0.1158333      0.1892500     
 0.1175000      0.1488255     
 0.1191667      0.1369142     
 0.1208333      0.7301470E-01 
 0.1225000      0.5523596E-01 
 0.1241667      0.5554879E-01 
 0.1258333      0.8966039E-01 
 0.1275000      0.1349773     
 0.1291667      0.1313470     
 0.1308333      0.1186574     
 0.1325000      0.5554266E-01 
 0.1341667      0.4429894E-01 
 0.1358333      0.9323893E-01 
 0.1375000      0.7273228E-01 
 0.1391667      0.8185734E-01 
 0.1408333      0.1063269     
 0.1425000      0.9389883E-01 
 0.1441667      0.7073297E-01 
 0.1458333      0.5654677E-01 
 0.1475000      0.7249120E-01 
 0.1491667      0.9362140E-01 
 0.1508333      0.1074201     
 0.1525000      0.7593666E-01 
 0.1541667      0.4614244E-01 
 0.1558333      0.7218103E-01 
 0.1575000      0.6980611E-01 
 0.1591667      0.9013044E-01 
 0.1608333      0.8579648E-01 
 0.1625000      0.6755780E-01 
 0.1641667      0.7678026E-01 
 0.1658333      0.3900771E-01 
