# SumMovie FRC for input stack : stack11.mrc
# Number of micrographs: 1
# Number of frames per movie: 50
# Pixel size (A): 3.0000
# 1/(A)          FRC
# -----------------------
# 
# Micrograph 1 of 1. Score: .575
 0.8333334E-03  0.9999998     
 0.2500000E-02  0.8504478     
 0.4166666E-02  0.8705636     
 0.5833333E-02  0.8518560     
 0.7499999E-02  0.8576449     
 0.9166666E-02  0.7373931     
 0.1083333E-01  0.6259928     
 0.1250000E-01  0.8530613     
 0.1416667E-01  0.9147761     
 0.1583333E-01  0.9440737     
 0.1750000E-01  0.9077831     
 0.1916667E-01  0.6573151     
 0.2083333E-01  0.7409627     
 0.2250000E-01  0.8760017     
 0.2416667E-01  0.9234039     
 0.2583333E-01  0.8932245     
 0.2750000E-01  0.7450915     
 0.2916667E-01  0.6477441     
 0.3083333E-01  0.7155947     
 0.3250000E-01  0.7751941     
 0.3416666E-01  0.7262310     
 0.3583334E-01  0.5931319     
 0.3750000E-01  0.5289464     
 0.3916667E-01  0.5057060     
 0.4083334E-01  0.5201228     
 0.4250000E-01  0.4048899     
 0.4416666E-01  0.3413269     
 0.4583333E-01  0.2971072     
 0.4750000E-01  0.2206386     
 0.4916666E-01  0.1080473     
 0.5083333E-01  0.7704451E-01 
 0.5250000E-01  0.1376398     
 0.5416667E-01  0.1444554     
 0.5583333E-01  0.2224469     
 0.5750000E-01  0.3000992     
 0.5916666E-01  0.3717926     
 0.6083334E-01  0.3600416     
 0.6250000E-01  0.4137335     
 0.6416667E-01  0.3996076     
 0.6583333E-01  0.3233518     
 0.6750000E-01  0.3045850     
 0.6916667E-01  0.1887109     
 0.7083333E-01  0.1096488     
 0.7250000E-01  0.7910243E-01 
 0.7416667E-01  0.1104863     
 0.7583334E-01  0.2010921     
 0.7749999E-01  0.2757821     
 0.7916667E-01  0.3189079     
 0.8083334E-01  0.3666872     
 0.8250000E-01  0.3287664     
 0.8416667E-01  0.3063434     
 0.8583333E-01  0.2116880     
 0.8750000E-01  0.1002991     
 0.8916666E-01  0.7438017E-01 
 0.9083333E-01  0.1331649     
 0.9250000E-01  0.2322956     
 0.9416667E-01  0.2931819     
 0.9583333E-01  0.3036473     
 0.9750000E-01  0.2643716     
 0.9916665E-01  0.2346881     
 0.1008333      0.1118545     
 0.1025000      0.6496415E-01 
 0.1041667      0.1267353     
 0.1058333      0.2119149     
 0.1075000      0.2347613     
 0.1091667      0.2463653     
 0.1108333      0.2068786     
 0.1125000      0.1470312     
 0.1141667      0.8596195E-01 
 0.1158333      0.9130561E-01 
 0.1175000      0.1575131     
 0.1191667      0.1893422     
 0.1208333      0.1635817     
 0.1225000      0.1432199     
 0.1241667      0.8255886E-01 
 0.1258333      0.8415362E-01 
 0.1275000      0.1017724     
 0.1291667      0.1586802     
 0.1308333      0.1715835     
 0.1325000      0.1772158     
 0.1341667      0.1010247     
 0.1358333      0.6012455E-01 
 0.1375000      0.1176380     
 0.1391667      0.1124706     
 0.1408333      0.1475802     
 0.1425000      0.1135290     
 0.1441667      0.9155549E-01 
 0.1458333      0.7791666E-01 
 0.1475000      0.7309621E-01 
 0.1491667      0.1214942     
 0.1508333      0.1270369     
 0.1525000      0.9882853E-01 
 0.1541667      0.8482495E-01 
 0.1558333      0.8619507E-01 
 0.1575000      0.1310900     
 0.1591667      0.8979536E-01 
 0.1608333      0.8861862E-01 
 0.1625000      0.7182602E-01 
 0.1641667      0.1027042     
 0.1658333      0.1183992     
