# SumMovie FRC for input stack : stack11.mrc
# Number of micrographs: 1
# Number of frames per movie: 50
# Pixel size (A): 3.0000
# 1/(A)          FRC
# -----------------------
# 
# Micrograph 1 of 1. Score: .577
 0.8333334E-03  0.9999998     
 0.2500000E-02  0.8506226     
 0.4166666E-02  0.8709251     
 0.5833333E-02  0.8516271     
 0.7499999E-02  0.8579684     
 0.9166666E-02  0.7376708     
 0.1083333E-01  0.6258072     
 0.1250000E-01  0.8539593     
 0.1416667E-01  0.9154878     
 0.1583333E-01  0.9441919     
 0.1750000E-01  0.9083065     
 0.1916667E-01  0.6543795     
 0.2083333E-01  0.7417550     
 0.2250000E-01  0.8761544     
 0.2416667E-01  0.9248776     
 0.2583333E-01  0.8933438     
 0.2750000E-01  0.7467293     
 0.2916667E-01  0.6522651     
 0.3083333E-01  0.7206126     
 0.3250000E-01  0.7782001     
 0.3416666E-01  0.7321151     
 0.3583334E-01  0.5954853     
 0.3750000E-01  0.5330090     
 0.3916667E-01  0.5113337     
 0.4083334E-01  0.5215001     
 0.4250000E-01  0.4079680     
 0.4416666E-01  0.3425209     
 0.4583333E-01  0.3001742     
 0.4750000E-01  0.2179517     
 0.4916666E-01  0.1031284     
 0.5083333E-01  0.7498782E-01 
 0.5250000E-01  0.1386152     
 0.5416667E-01  0.1445938     
 0.5583333E-01  0.2170624     
 0.5750000E-01  0.2999986     
 0.5916666E-01  0.3847428     
 0.6083334E-01  0.3616869     
 0.6250000E-01  0.4235581     
 0.6416667E-01  0.4057094     
 0.6583333E-01  0.3285376     
 0.6750000E-01  0.3039670     
 0.6916667E-01  0.1819874     
 0.7083333E-01  0.1070413     
 0.7250000E-01  0.6335905E-01 
 0.7416667E-01  0.1092074     
 0.7583334E-01  0.2008243     
 0.7749999E-01  0.2844490     
 0.7916667E-01  0.3246545     
 0.8083334E-01  0.3794322     
 0.8250000E-01  0.3374696     
 0.8416667E-01  0.3172536     
 0.8583333E-01  0.2072827     
 0.8750000E-01  0.1009140     
 0.8916666E-01  0.6580199E-01 
 0.9083333E-01  0.1334637     
 0.9250000E-01  0.2396516     
 0.9416667E-01  0.2908942     
 0.9583333E-01  0.2970087     
 0.9750000E-01  0.2677173     
 0.9916665E-01  0.2175884     
 0.1008333      0.1050680     
 0.1025000      0.3792122E-01 
 0.1041667      0.1105985     
 0.1058333      0.1882485     
 0.1075000      0.2368287     
 0.1091667      0.2344431     
 0.1108333      0.1979755     
 0.1125000      0.1299652     
 0.1141667      0.5989221E-01 
 0.1158333      0.8045056E-01 
 0.1175000      0.1384610     
 0.1191667      0.1702526     
 0.1208333      0.1622312     
 0.1225000      0.1311861     
 0.1241667      0.7232780E-01 
 0.1258333      0.6184259E-01 
 0.1275000      0.8861993E-01 
 0.1291667      0.1421718     
 0.1308333      0.1671908     
 0.1325000      0.1614180     
 0.1341667      0.8571772E-01 
 0.1358333      0.4885214E-01 
 0.1375000      0.8945220E-01 
 0.1391667      0.9905113E-01 
 0.1408333      0.1274794     
 0.1425000      0.9941083E-01 
 0.1441667      0.6749526E-01 
 0.1458333      0.4336590E-01 
 0.1475000      0.5635137E-01 
 0.1491667      0.1104273     
 0.1508333      0.9898360E-01 
 0.1525000      0.7974340E-01 
 0.1541667      0.6330898E-01 
 0.1558333      0.6087521E-01 
 0.1575000      0.1137832     
 0.1591667      0.6950717E-01 
 0.1608333      0.6055066E-01 
 0.1625000      0.5696842E-01 
 0.1641667      0.6867625E-01 
 0.1658333      0.9146710E-01 
