# SumMovie FRC for input stack : stack1.mrc
# Number of micrographs: 1
# Number of frames per movie: 50
# Pixel size (A): 3.0000
# 1/(A)          FRC
# -----------------------
# 
# Micrograph 1 of 1. Score: .547
 0.8333334E-03  0.9999993     
 0.2500000E-02  0.9744600     
 0.4166666E-02  0.9570088     
 0.5833333E-02  0.9206950     
 0.7499999E-02  0.9047939     
 0.9166666E-02  0.7499129     
 0.1083333E-01  0.7274623     
 0.1250000E-01  0.8559753     
 0.1416667E-01  0.9222597     
 0.1583333E-01  0.9262646     
 0.1750000E-01  0.8739570     
 0.1916667E-01  0.6750509     
 0.2083333E-01  0.7637856     
 0.2250000E-01  0.8703205     
 0.2416667E-01  0.9032953     
 0.2583333E-01  0.8718535     
 0.2750000E-01  0.7478551     
 0.2916667E-01  0.6445974     
 0.3083333E-01  0.7088822     
 0.3250000E-01  0.7373743     
 0.3416666E-01  0.6837777     
 0.3583334E-01  0.5447438     
 0.3750000E-01  0.4823923     
 0.3916667E-01  0.4615726     
 0.4083334E-01  0.4482441     
 0.4250000E-01  0.4009448     
 0.4416666E-01  0.2599979     
 0.4583333E-01  0.1703686     
 0.4750000E-01  0.1882181     
 0.4916666E-01  0.9740489E-01 
 0.5083333E-01  0.6371727E-01 
 0.5250000E-01  0.6712720E-01 
 0.5416667E-01  0.1286762     
 0.5583333E-01  0.1854938     
 0.5750000E-01  0.2523044     
 0.5916666E-01  0.3154993     
 0.6083334E-01  0.3420517     
 0.6250000E-01  0.3281209     
 0.6416667E-01  0.2991979     
 0.6583333E-01  0.2716838     
 0.6750000E-01  0.1621780     
 0.6916667E-01  0.1356136     
 0.7083333E-01  0.8511157E-01 
 0.7250000E-01  0.7024248E-01 
 0.7416667E-01  0.1072613     
 0.7583334E-01  0.1653697     
 0.7749999E-01  0.2459869     
 0.7916667E-01  0.2981120     
 0.8083334E-01  0.2874356     
 0.8250000E-01  0.2827851     
 0.8416667E-01  0.2254362     
 0.8583333E-01  0.1222585     
 0.8750000E-01  0.6167500E-01 
 0.8916666E-01  0.3127474E-01 
 0.9083333E-01  0.1298661     
 0.9250000E-01  0.1936482     
 0.9416667E-01  0.2358514     
 0.9583333E-01  0.2469945     
 0.9750000E-01  0.1966224     
 0.9916665E-01  0.1074156     
 0.1008333      0.6608365E-01 
 0.1025000      0.4358701E-01 
 0.1041667      0.1199167     
 0.1058333      0.1515538     
 0.1075000      0.1593671     
 0.1091667      0.1741423     
 0.1108333      0.1300066     
 0.1125000      0.1211622     
 0.1141667      0.3491128E-01 
 0.1158333      0.6426505E-01 
 0.1175000      0.1086632     
 0.1191667      0.1075628     
 0.1208333      0.1132912     
 0.1225000      0.1006540     
 0.1241667      0.4676446E-01 
 0.1258333      0.3874207E-01 
 0.1275000      0.5797965E-01 
 0.1291667      0.1109792     
 0.1308333      0.1194806     
 0.1325000      0.6612261E-01 
 0.1341667      0.4776507E-01 
 0.1358333      0.2828256E-01 
 0.1375000      0.1022581     
 0.1391667      0.6245703E-01 
 0.1408333      0.1085620     
 0.1425000      0.6317773E-01 
 0.1441667      0.3120085E-01 
 0.1458333      0.2857437E-01 
 0.1475000      0.7207119E-01 
 0.1491667      0.5419269E-01 
 0.1508333      0.6141743E-01 
 0.1525000      0.2591189E-01 
 0.1541667      0.5571456E-01 
 0.1558333      0.8543747E-01 
 0.1575000      0.4386194E-01 
 0.1591667      0.2137557E-01 
 0.1608333      0.3058693E-01 
 0.1625000      0.4545168E-01 
 0.1641667      0.3794967E-01 
 0.1658333      0.2952547E-01 
