# SumMovie FRC for input stack : stack16.mrc
# Number of micrographs: 1
# Number of frames per movie: 50
# Pixel size (A): 3.0000
# 1/(A)          FRC
# -----------------------
# 
# Micrograph 1 of 1. Score: .525
 0.8333334E-03  0.9999994     
 0.2500000E-02  0.9669174     
 0.4166666E-02  0.9458445     
 0.5833333E-02  0.9107102     
 0.7499999E-02  0.8941355     
 0.9166666E-02  0.8407769     
 0.1083333E-01  0.7706662     
 0.1250000E-01  0.8776584     
 0.1416667E-01  0.9329582     
 0.1583333E-01  0.9632384     
 0.1750000E-01  0.9428164     
 0.1916667E-01  0.7623497     
 0.2083333E-01  0.7979676     
 0.2250000E-01  0.8901047     
 0.2416667E-01  0.9322438     
 0.2583333E-01  0.9225531     
 0.2750000E-01  0.8088118     
 0.2916667E-01  0.6735569     
 0.3083333E-01  0.7266411     
 0.3250000E-01  0.7713002     
 0.3416666E-01  0.6918308     
 0.3583334E-01  0.5453935     
 0.3750000E-01  0.4219828     
 0.3916667E-01  0.3576790     
 0.4083334E-01  0.2895342     
 0.4250000E-01  0.1164411     
 0.4416666E-01  0.1227009     
 0.4583333E-01  0.1088580     
 0.4750000E-01  0.1371200     
 0.4916666E-01  0.2660238     
 0.5083333E-01  0.3214726     
 0.5250000E-01  0.3474028     
 0.5416667E-01  0.3511447     
 0.5583333E-01  0.3965744     
 0.5750000E-01  0.3330954     
 0.5916666E-01  0.2562045     
 0.6083334E-01  0.1632005     
 0.6250000E-01  0.9163871E-01 
 0.6416667E-01  0.1194943     
 0.6583333E-01  0.1377452     
 0.6750000E-01  0.1786086     
 0.6916667E-01  0.2875315     
 0.7083333E-01  0.3728034     
 0.7250000E-01  0.3245366     
 0.7416667E-01  0.2579986     
 0.7583334E-01  0.1587187     
 0.7749999E-01  0.1115420     
 0.7916667E-01  0.8877790E-01 
 0.8083334E-01  0.2368452     
 0.8250000E-01  0.2326937     
 0.8416667E-01  0.3117222     
 0.8583333E-01  0.2676653     
 0.8750000E-01  0.1794145     
 0.8916666E-01  0.1190320     
 0.9083333E-01  0.9685143E-01 
 0.9250000E-01  0.1845949     
 0.9416667E-01  0.2347984     
 0.9583333E-01  0.2410824     
 0.9750000E-01  0.1970978     
 0.9916665E-01  0.1305843     
 0.1008333      0.1139870     
 0.1025000      0.1315617     
 0.1041667      0.1838223     
 0.1058333      0.2167780     
 0.1075000      0.1817664     
 0.1091667      0.1258330     
 0.1108333      0.6841744E-01 
 0.1125000      0.1527534     
 0.1141667      0.1809792     
 0.1158333      0.1755433     
 0.1175000      0.1344086     
 0.1191667      0.8130363E-01 
 0.1208333      0.1172790     
 0.1225000      0.1494618     
 0.1241667      0.1749039     
 0.1258333      0.1238615     
 0.1275000      0.9042206E-01 
 0.1291667      0.1227346     
 0.1308333      0.1326863     
 0.1325000      0.1342103     
 0.1341667      0.1135967     
 0.1358333      0.7823648E-01 
 0.1375000      0.1378444     
 0.1391667      0.1386919     
 0.1408333      0.1464607     
 0.1425000      0.1074298     
 0.1441667      0.1209154     
 0.1458333      0.1201798     
 0.1475000      0.1209465     
 0.1491667      0.1192039     
 0.1508333      0.9283935E-01 
 0.1525000      0.1380365     
 0.1541667      0.1137698     
 0.1558333      0.1003157     
 0.1575000      0.9621607E-01 
 0.1591667      0.1070234     
 0.1608333      0.1250993     
 0.1625000      0.7235629E-01 
 0.1641667      0.9913547E-01 
 0.1658333      0.1350583     
