# SumMovie FRC for input stack : stack16.mrc
# Number of micrographs: 1
# Number of frames per movie: 50
# Pixel size (A): 3.0000
# 1/(A)          FRC
# -----------------------
# 
# Micrograph 1 of 1. Score: .525
 0.8333334E-03  0.9999994     
 0.2500000E-02  0.9669174     
 0.4166666E-02  0.9458446     
 0.5833333E-02  0.9107104     
 0.7499999E-02  0.8941359     
 0.9166666E-02  0.8407772     
 0.1083333E-01  0.7706663     
 0.1250000E-01  0.8776585     
 0.1416667E-01  0.9329584     
 0.1583333E-01  0.9632383     
 0.1750000E-01  0.9428163     
 0.1916667E-01  0.7623500     
 0.2083333E-01  0.7979679     
 0.2250000E-01  0.8901049     
 0.2416667E-01  0.9322440     
 0.2583333E-01  0.9225532     
 0.2750000E-01  0.8088123     
 0.2916667E-01  0.6735572     
 0.3083333E-01  0.7266415     
 0.3250000E-01  0.7713006     
 0.3416666E-01  0.6918309     
 0.3583334E-01  0.5453948     
 0.3750000E-01  0.4219827     
 0.3916667E-01  0.3576795     
 0.4083334E-01  0.2895341     
 0.4250000E-01  0.1164413     
 0.4416666E-01  0.1227003     
 0.4583333E-01  0.1088576     
 0.4750000E-01  0.1371201     
 0.4916666E-01  0.2660243     
 0.5083333E-01  0.3214736     
 0.5250000E-01  0.3474040     
 0.5416667E-01  0.3511458     
 0.5583333E-01  0.3965756     
 0.5750000E-01  0.3330967     
 0.5916666E-01  0.2562046     
 0.6083334E-01  0.1632019     
 0.6250000E-01  0.9163796E-01 
 0.6416667E-01  0.1194950     
 0.6583333E-01  0.1377463     
 0.6750000E-01  0.1786095     
 0.6916667E-01  0.2875324     
 0.7083333E-01  0.3728040     
 0.7250000E-01  0.3245371     
 0.7416667E-01  0.2580006     
 0.7583334E-01  0.1587197     
 0.7749999E-01  0.1115412     
 0.7916667E-01  0.8877786E-01 
 0.8083334E-01  0.2368458     
 0.8250000E-01  0.2326942     
 0.8416667E-01  0.3117232     
 0.8583333E-01  0.2676657     
 0.8750000E-01  0.1794150     
 0.8916666E-01  0.1190328     
 0.9083333E-01  0.9685184E-01 
 0.9250000E-01  0.1845964     
 0.9416667E-01  0.2347985     
 0.9583333E-01  0.2410843     
 0.9750000E-01  0.1970985     
 0.9916665E-01  0.1305842     
 0.1008333      0.1139867     
 0.1025000      0.1315624     
 0.1041667      0.1838220     
 0.1058333      0.2167768     
 0.1075000      0.1817665     
 0.1091667      0.1258323     
 0.1108333      0.6841868E-01 
 0.1125000      0.1527535     
 0.1141667      0.1809794     
 0.1158333      0.1755447     
 0.1175000      0.1344094     
 0.1191667      0.8130395E-01 
 0.1208333      0.1172786     
 0.1225000      0.1494622     
 0.1241667      0.1749034     
 0.1258333      0.1238611     
 0.1275000      0.9042031E-01 
 0.1291667      0.1227338     
 0.1308333      0.1326857     
 0.1325000      0.1342097     
 0.1341667      0.1135965     
 0.1358333      0.7823632E-01 
 0.1375000      0.1378439     
 0.1391667      0.1386907     
 0.1408333      0.1464598     
 0.1425000      0.1074295     
 0.1441667      0.1209164     
 0.1458333      0.1201805     
 0.1475000      0.1209465     
 0.1491667      0.1192045     
 0.1508333      0.9283981E-01 
 0.1525000      0.1380360     
 0.1541667      0.1137705     
 0.1558333      0.1003146     
 0.1575000      0.9621707E-01 
 0.1591667      0.1070239     
 0.1608333      0.1250994     
 0.1625000      0.7235748E-01 
 0.1641667      0.9913571E-01 
 0.1658333      0.1350585     
