# SumMovie FRC for input stack : stack11.mrc
# Number of micrographs: 1
# Number of frames per movie: 50
# Pixel size (A): 3.0000
# 1/(A)          FRC
# -----------------------
# 
# Micrograph 1 of 1. Score: .569
 0.8333334E-03  0.9999998     
 0.2500000E-02  0.8500419     
 0.4166666E-02  0.8701267     
 0.5833333E-02  0.8519590     
 0.7499999E-02  0.8572338     
 0.9166666E-02  0.7363314     
 0.1083333E-01  0.6257114     
 0.1250000E-01  0.8515846     
 0.1416667E-01  0.9137059     
 0.1583333E-01  0.9436365     
 0.1750000E-01  0.9065847     
 0.1916667E-01  0.6586438     
 0.2083333E-01  0.7378722     
 0.2250000E-01  0.8742873     
 0.2416667E-01  0.9205891     
 0.2583333E-01  0.8913929     
 0.2750000E-01  0.7394198     
 0.2916667E-01  0.6363433     
 0.3083333E-01  0.7066393     
 0.3250000E-01  0.7680541     
 0.3416666E-01  0.7152354     
 0.3583334E-01  0.5855665     
 0.3750000E-01  0.5177720     
 0.3916667E-01  0.4930442     
 0.4083334E-01  0.5120459     
 0.4250000E-01  0.3973008     
 0.4416666E-01  0.3325221     
 0.4583333E-01  0.2834950     
 0.4750000E-01  0.2195498     
 0.4916666E-01  0.1070117     
 0.5083333E-01  0.7548910E-01 
 0.5250000E-01  0.1357913     
 0.5416667E-01  0.1338441     
 0.5583333E-01  0.2209688     
 0.5750000E-01  0.2921607     
 0.5916666E-01  0.3515195     
 0.6083334E-01  0.3502751     
 0.6250000E-01  0.3898852     
 0.6416667E-01  0.3814014     
 0.6583333E-01  0.2981570     
 0.6750000E-01  0.2915559     
 0.6916667E-01  0.1875174     
 0.7083333E-01  0.1107239     
 0.7250000E-01  0.8715231E-01 
 0.7416667E-01  0.1084233     
 0.7583334E-01  0.1921588     
 0.7749999E-01  0.2586535     
 0.7916667E-01  0.3043196     
 0.8083334E-01  0.3410008     
 0.8250000E-01  0.3107784     
 0.8416667E-01  0.2854900     
 0.8583333E-01  0.1991943     
 0.8750000E-01  0.9113885E-01 
 0.8916666E-01  0.7700519E-01 
 0.9083333E-01  0.1283345     
 0.9250000E-01  0.2143061     
 0.9416667E-01  0.2759395     
 0.9583333E-01  0.3004341     
 0.9750000E-01  0.2482595     
 0.9916665E-01  0.2285992     
 0.1008333      0.1132320     
 0.1025000      0.8491130E-01 
 0.1041667      0.1425157     
 0.1058333      0.2148121     
 0.1075000      0.2082316     
 0.1091667      0.2450823     
 0.1108333      0.2073319     
 0.1125000      0.1529154     
 0.1141667      0.1016867     
 0.1158333      0.9210730E-01 
 0.1175000      0.1628231     
 0.1191667      0.1916609     
 0.1208333      0.1653469     
 0.1225000      0.1453698     
 0.1241667      0.9282935E-01 
 0.1258333      0.1046048     
 0.1275000      0.1131140     
 0.1291667      0.1647699     
 0.1308333      0.1576780     
 0.1325000      0.1846195     
 0.1341667      0.1109889     
 0.1358333      0.7151562E-01 
 0.1375000      0.1316538     
 0.1391667      0.1139632     
 0.1408333      0.1479878     
 0.1425000      0.1140413     
 0.1441667      0.1170536     
 0.1458333      0.1031199     
 0.1475000      0.1041997     
 0.1491667      0.1165503     
 0.1508333      0.1505310     
 0.1525000      0.1069153     
 0.1541667      0.9610183E-01 
 0.1558333      0.1154220     
 0.1575000      0.1460900     
 0.1591667      0.1074725     
 0.1608333      0.1203114     
 0.1625000      0.9923643E-01 
 0.1641667      0.1240747     
 0.1658333      0.1459106     
