# SumMovie FRC for input stack : stack16.mrc
# Number of micrographs: 1
# Number of frames per movie: 50
# Pixel size (A): 3.0000
# 1/(A)          FRC
# -----------------------
# 
# Micrograph 1 of 1. Score: .539
 0.8333334E-03  0.9999994     
 0.2500000E-02  0.9671999     
 0.4166666E-02  0.9454774     
 0.5833333E-02  0.9119990     
 0.7499999E-02  0.8963709     
 0.9166666E-02  0.8417233     
 0.1083333E-01  0.7763445     
 0.1250000E-01  0.8836353     
 0.1416667E-01  0.9354320     
 0.1583333E-01  0.9656582     
 0.1750000E-01  0.9459423     
 0.1916667E-01  0.7762397     
 0.2083333E-01  0.8034760     
 0.2250000E-01  0.9024165     
 0.2416667E-01  0.9430045     
 0.2583333E-01  0.9340335     
 0.2750000E-01  0.8306925     
 0.2916667E-01  0.7044554     
 0.3083333E-01  0.7531845     
 0.3250000E-01  0.7967874     
 0.3416666E-01  0.7322860     
 0.3583334E-01  0.6074971     
 0.3750000E-01  0.4401837     
 0.3916667E-01  0.3792555     
 0.4083334E-01  0.2917774     
 0.4250000E-01  0.1226267     
 0.4416666E-01  0.1222572     
 0.4583333E-01  0.8587366E-01 
 0.4750000E-01  0.1492736     
 0.4916666E-01  0.2687983     
 0.5083333E-01  0.3433830     
 0.5250000E-01  0.3897529     
 0.5416667E-01  0.3806303     
 0.5583333E-01  0.4242401     
 0.5750000E-01  0.3626228     
 0.5916666E-01  0.2793639     
 0.6083334E-01  0.1873033     
 0.6250000E-01  0.8191054E-01 
 0.6416667E-01  0.1050314     
 0.6583333E-01  0.1388444     
 0.6750000E-01  0.2087962     
 0.6916667E-01  0.3160413     
 0.7083333E-01  0.4079397     
 0.7250000E-01  0.3704802     
 0.7416667E-01  0.3027108     
 0.7583334E-01  0.1829822     
 0.7749999E-01  0.1175117     
 0.7916667E-01  0.9623696E-01 
 0.8083334E-01  0.2514767     
 0.8250000E-01  0.2765776     
 0.8416667E-01  0.3622907     
 0.8583333E-01  0.3011550     
 0.8750000E-01  0.1861795     
 0.8916666E-01  0.1187457     
 0.9083333E-01  0.7752629E-01 
 0.9250000E-01  0.1892152     
 0.9416667E-01  0.2611838     
 0.9583333E-01  0.2772717     
 0.9750000E-01  0.2119958     
 0.9916665E-01  0.9692947E-01 
 0.1008333      0.6031068E-01 
 0.1025000      0.1231781     
 0.1041667      0.1898820     
 0.1058333      0.2410513     
 0.1075000      0.1824563     
 0.1091667      0.1099188     
 0.1108333      0.5515460E-01 
 0.1125000      0.1386008     
 0.1141667      0.1980743     
 0.1158333      0.1896367     
 0.1175000      0.1143582     
 0.1191667      0.4749284E-01 
 0.1208333      0.8931834E-01 
 0.1225000      0.1595992     
 0.1241667      0.1722683     
 0.1258333      0.1090750     
 0.1275000      0.6411049E-01 
 0.1291667      0.9132283E-01 
 0.1308333      0.1211408     
 0.1325000      0.1352948     
 0.1341667      0.7178690E-01 
 0.1358333      0.4980549E-01 
 0.1375000      0.1096330     
 0.1391667      0.1372463     
 0.1408333      0.9173350E-01 
 0.1425000      0.7315840E-01 
 0.1441667      0.7260527E-01 
 0.1458333      0.1110563     
 0.1475000      0.9528930E-01 
 0.1491667      0.5788134E-01 
 0.1508333      0.6505178E-01 
 0.1525000      0.9783587E-01 
 0.1541667      0.8601772E-01 
 0.1558333      0.6902797E-01 
 0.1575000      0.4632171E-01 
 0.1591667      0.8452409E-01 
 0.1608333      0.8823772E-01 
 0.1625000      0.4623167E-01 
 0.1641667      0.6044871E-01 
 0.1658333      0.1317925     
