# SumMovie FRC for input stack : stack1.mrc
# Number of micrographs: 1
# Number of frames per movie: 50
# Pixel size (A): 3.0000
# 1/(A)          FRC
# -----------------------
# 
# Micrograph 1 of 1. Score: .500
 0.8333334E-03  0.9999990     
 0.2500000E-02  0.9744874     
 0.4166666E-02  0.9566631     
 0.5833333E-02  0.9213024     
 0.7499999E-02  0.9020504     
 0.9166666E-02  0.7408085     
 0.1083333E-01  0.7088398     
 0.1250000E-01  0.8370474     
 0.1416667E-01  0.9076893     
 0.1583333E-01  0.9118336     
 0.1750000E-01  0.8547496     
 0.1916667E-01  0.6341875     
 0.2083333E-01  0.7270190     
 0.2250000E-01  0.8416325     
 0.2416667E-01  0.8795452     
 0.2583333E-01  0.8361081     
 0.2750000E-01  0.6825059     
 0.2916667E-01  0.5475753     
 0.3083333E-01  0.6471015     
 0.3250000E-01  0.6491249     
 0.3416666E-01  0.5925205     
 0.3583334E-01  0.4777847     
 0.3750000E-01  0.4233767     
 0.3916667E-01  0.3693527     
 0.4083334E-01  0.3662144     
 0.4250000E-01  0.3304894     
 0.4416666E-01  0.2130197     
 0.4583333E-01  0.1437902     
 0.4750000E-01  0.1850948     
 0.4916666E-01  0.1147537     
 0.5083333E-01  0.9728769E-01 
 0.5250000E-01  0.1061328     
 0.5416667E-01  0.1149749     
 0.5583333E-01  0.1704846     
 0.5750000E-01  0.2203404     
 0.5916666E-01  0.2395452     
 0.6083334E-01  0.2778057     
 0.6250000E-01  0.2374716     
 0.6416667E-01  0.2402211     
 0.6583333E-01  0.2239858     
 0.6750000E-01  0.1439470     
 0.6916667E-01  0.1555527     
 0.7083333E-01  0.1266716     
 0.7250000E-01  0.7636239E-01 
 0.7416667E-01  0.9815034E-01 
 0.7583334E-01  0.1473948     
 0.7749999E-01  0.1990183     
 0.7916667E-01  0.2082177     
 0.8083334E-01  0.2061568     
 0.8250000E-01  0.2099782     
 0.8416667E-01  0.1701830     
 0.8583333E-01  0.1113440     
 0.8750000E-01  0.6668511E-01 
 0.8916666E-01  0.3660360E-01 
 0.9083333E-01  0.1139750     
 0.9250000E-01  0.1346649     
 0.9416667E-01  0.1783526     
 0.9583333E-01  0.1828593     
 0.9750000E-01  0.1603655     
 0.9916665E-01  0.1065857     
 0.1008333      0.9535488E-01 
 0.1025000      0.4993545E-01 
 0.1041667      0.1114628     
 0.1058333      0.1588487     
 0.1075000      0.1386916     
 0.1091667      0.1431879     
 0.1108333      0.1113194     
 0.1125000      0.1146404     
 0.1141667      0.7991567E-01 
 0.1158333      0.5255519E-01 
 0.1175000      0.8398917E-01 
 0.1191667      0.9764498E-01 
 0.1208333      0.1105950     
 0.1225000      0.6853464E-01 
 0.1241667      0.8983093E-01 
 0.1258333      0.6368287E-01 
 0.1275000      0.5391261E-01 
 0.1291667      0.1186567     
 0.1308333      0.1061402     
 0.1325000      0.9308127E-01 
 0.1341667      0.4401740E-01 
 0.1358333      0.6869745E-01 
 0.1375000      0.7818165E-01 
 0.1391667      0.8286912E-01 
 0.1408333      0.1024520     
 0.1425000      0.5823574E-01 
 0.1441667      0.5268556E-01 
 0.1458333      0.7977128E-01 
 0.1475000      0.1008464     
 0.1491667      0.6287523E-01 
 0.1508333      0.6851616E-01 
 0.1525000      0.4821121E-01 
 0.1541667      0.5096802E-01 
 0.1558333      0.5657982E-01 
 0.1575000      0.7554194E-01 
 0.1591667      0.4560237E-01 
 0.1608333      0.7802790E-01 
 0.1625000      0.4631851E-01 
 0.1641667      0.6825096E-01 
 0.1658333      0.5478943E-01 
