# SumMovie FRC for input stack : stack6.mrc
# Number of micrographs: 1
# Number of frames per movie: 50
# Pixel size (A): 3.0000
# 1/(A)          FRC
# -----------------------
# 
# Micrograph 1 of 1. Score: .591
 0.8333334E-03  0.9999999     
 0.2500000E-02  0.9513686     
 0.4166666E-02  0.9318413     
 0.5833333E-02  0.8471018     
 0.7499999E-02  0.8656692     
 0.9166666E-02  0.6772606     
 0.1083333E-01  0.6582989     
 0.1250000E-01  0.8488691     
 0.1416667E-01  0.8872442     
 0.1583333E-01  0.9345885     
 0.1750000E-01  0.8938631     
 0.1916667E-01  0.6007280     
 0.2083333E-01  0.6708177     
 0.2250000E-01  0.8399331     
 0.2416667E-01  0.9009911     
 0.2583333E-01  0.8554875     
 0.2750000E-01  0.7323404     
 0.2916667E-01  0.6270680     
 0.3083333E-01  0.6948583     
 0.3250000E-01  0.7289536     
 0.3416666E-01  0.7003723     
 0.3583334E-01  0.5977162     
 0.3750000E-01  0.5412303     
 0.3916667E-01  0.5295929     
 0.4083334E-01  0.5721755     
 0.4250000E-01  0.4566576     
 0.4416666E-01  0.3918310     
 0.4583333E-01  0.3657062     
 0.4750000E-01  0.2998906     
 0.4916666E-01  0.2226015     
 0.5083333E-01  0.1328273     
 0.5250000E-01  0.1204894     
 0.5416667E-01  0.6707729E-01 
 0.5583333E-01  0.1008729     
 0.5750000E-01  0.1236560     
 0.5916666E-01  0.2029648     
 0.6083334E-01  0.2721191     
 0.6250000E-01  0.2959142     
 0.6416667E-01  0.3452411     
 0.6583333E-01  0.3669619     
 0.6750000E-01  0.3484626     
 0.6916667E-01  0.3421795     
 0.7083333E-01  0.2875816     
 0.7250000E-01  0.2263088     
 0.7416667E-01  0.1364456     
 0.7583334E-01  0.8544137E-01 
 0.7749999E-01  0.7471415E-01 
 0.7916667E-01  0.7588363E-01 
 0.8083334E-01  0.1892274     
 0.8250000E-01  0.2236280     
 0.8416667E-01  0.2899137     
 0.8583333E-01  0.3068223     
 0.8750000E-01  0.2868322     
 0.8916666E-01  0.2480462     
 0.9083333E-01  0.1664398     
 0.9250000E-01  0.8900613E-01 
 0.9416667E-01  0.5763725E-01 
 0.9583333E-01  0.8568534E-01 
 0.9750000E-01  0.8757305E-01 
 0.9916665E-01  0.1469666     
 0.1008333      0.2089254     
 0.1025000      0.2377399     
 0.1041667      0.1803899     
 0.1058333      0.1483011     
 0.1075000      0.8023530E-01 
 0.1091667      0.6897835E-01 
 0.1108333      0.5694806E-01 
 0.1125000      0.8615555E-01 
 0.1141667      0.1485367     
 0.1158333      0.1889165     
 0.1175000      0.1779462     
 0.1191667      0.1480934     
 0.1208333      0.5113403E-01 
 0.1225000      0.4589939E-01 
 0.1241667      0.3640744E-01 
 0.1258333      0.1080558     
 0.1275000      0.1337763     
 0.1291667      0.1317642     
 0.1308333      0.1176877     
 0.1325000      0.6679194E-01 
 0.1341667      0.5078746E-01 
 0.1358333      0.7766661E-01 
 0.1375000      0.6935921E-01 
 0.1391667      0.1024488     
 0.1408333      0.9719970E-01 
 0.1425000      0.7666874E-01 
 0.1441667      0.6567771E-01 
 0.1458333      0.3771639E-01 
 0.1475000      0.5729270E-01 
 0.1491667      0.7804615E-01 
 0.1508333      0.9240370E-01 
 0.1525000      0.6556448E-01 
 0.1541667      0.4557305E-01 
 0.1558333      0.5380188E-01 
 0.1575000      0.7225474E-01 
 0.1591667      0.8898336E-01 
 0.1608333      0.7722582E-01 
 0.1625000      0.8145032E-01 
 0.1641667      0.6836338E-01 
 0.1658333      0.2514946E-01 
