# SumMovie FRC for input stack : stack16.mrc
# Number of micrographs: 1
# Number of frames per movie: 50
# Pixel size (A): 3.0000
# 1/(A)          FRC
# -----------------------
# 
# Micrograph 1 of 1. Score: .529
 0.8333334E-03  0.9999994     
 0.2500000E-02  0.9670168     
 0.4166666E-02  0.9459292     
 0.5833333E-02  0.9110125     
 0.7499999E-02  0.8943290     
 0.9166666E-02  0.8412914     
 0.1083333E-01  0.7717672     
 0.1250000E-01  0.8787733     
 0.1416667E-01  0.9334165     
 0.1583333E-01  0.9638743     
 0.1750000E-01  0.9437639     
 0.1916667E-01  0.7652590     
 0.2083333E-01  0.8004587     
 0.2250000E-01  0.8934257     
 0.2416667E-01  0.9348515     
 0.2583333E-01  0.9258918     
 0.2750000E-01  0.8155338     
 0.2916667E-01  0.6814178     
 0.3083333E-01  0.7330273     
 0.3250000E-01  0.7788045     
 0.3416666E-01  0.7000451     
 0.3583334E-01  0.5621507     
 0.3750000E-01  0.4270035     
 0.3916667E-01  0.3591678     
 0.4083334E-01  0.2961790     
 0.4250000E-01  0.1136744     
 0.4416666E-01  0.1227666     
 0.4583333E-01  0.1051670     
 0.4750000E-01  0.1361659     
 0.4916666E-01  0.2716581     
 0.5083333E-01  0.3332965     
 0.5250000E-01  0.3620459     
 0.5416667E-01  0.3604324     
 0.5583333E-01  0.4084074     
 0.5750000E-01  0.3480454     
 0.5916666E-01  0.2652730     
 0.6083334E-01  0.1781229     
 0.6250000E-01  0.9094778E-01 
 0.6416667E-01  0.1117979     
 0.6583333E-01  0.1428335     
 0.6750000E-01  0.1949718     
 0.6916667E-01  0.3033422     
 0.7083333E-01  0.3950054     
 0.7250000E-01  0.3359058     
 0.7416667E-01  0.2736631     
 0.7583334E-01  0.1660997     
 0.7749999E-01  0.1117157     
 0.7916667E-01  0.9345967E-01 
 0.8083334E-01  0.2475529     
 0.8250000E-01  0.2529725     
 0.8416667E-01  0.3304846     
 0.8583333E-01  0.2825585     
 0.8750000E-01  0.1850329     
 0.8916666E-01  0.1165192     
 0.9083333E-01  0.9646532E-01 
 0.9250000E-01  0.1820336     
 0.9416667E-01  0.2430799     
 0.9583333E-01  0.2605582     
 0.9750000E-01  0.2093893     
 0.9916665E-01  0.1233476     
 0.1008333      0.1002733     
 0.1025000      0.1335540     
 0.1041667      0.1905715     
 0.1058333      0.2313867     
 0.1075000      0.1881215     
 0.1091667      0.1296457     
 0.1108333      0.6645361E-01 
 0.1125000      0.1523864     
 0.1141667      0.1815904     
 0.1158333      0.1723351     
 0.1175000      0.1309346     
 0.1191667      0.9116758E-01 
 0.1208333      0.1127292     
 0.1225000      0.1488296     
 0.1241667      0.1684394     
 0.1258333      0.1280555     
 0.1275000      0.8708928E-01 
 0.1291667      0.1020334     
 0.1308333      0.1391933     
 0.1325000      0.1344537     
 0.1341667      0.1061080     
 0.1358333      0.5930858E-01 
 0.1375000      0.1157538     
 0.1391667      0.1336000     
 0.1408333      0.1299299     
 0.1425000      0.8563342E-01 
 0.1441667      0.1123970     
 0.1458333      0.1186216     
 0.1475000      0.1132140     
 0.1491667      0.1135993     
 0.1508333      0.9839436E-01 
 0.1525000      0.1165674     
 0.1541667      0.1085919     
 0.1558333      0.8619349E-01 
 0.1575000      0.8773126E-01 
 0.1591667      0.1080226     
 0.1608333      0.1094227     
 0.1625000      0.6884337E-01 
 0.1641667      0.8858749E-01 
 0.1658333      0.1373553     
