# SumMovie FRC for input stack : stack1.mrc
# Number of micrographs: 1
# Number of frames per movie: 50
# Pixel size (A): 3.0000
# 1/(A)          FRC
# -----------------------
# 
# Micrograph 1 of 1. Score: .546
 0.8333334E-03  0.9999993     
 0.2500000E-02  0.9744509     
 0.4166666E-02  0.9570150     
 0.5833333E-02  0.9206063     
 0.7499999E-02  0.9049338     
 0.9166666E-02  0.7494029     
 0.1083333E-01  0.7274203     
 0.1250000E-01  0.8558637     
 0.1416667E-01  0.9222955     
 0.1583333E-01  0.9262407     
 0.1750000E-01  0.8738372     
 0.1916667E-01  0.6746383     
 0.2083333E-01  0.7637393     
 0.2250000E-01  0.8704768     
 0.2416667E-01  0.9031740     
 0.2583333E-01  0.8717709     
 0.2750000E-01  0.7470978     
 0.2916667E-01  0.6438171     
 0.3083333E-01  0.7085131     
 0.3250000E-01  0.7376254     
 0.3416666E-01  0.6836160     
 0.3583334E-01  0.5451164     
 0.3750000E-01  0.4831787     
 0.3916667E-01  0.4606906     
 0.4083334E-01  0.4487824     
 0.4250000E-01  0.3994147     
 0.4416666E-01  0.2596688     
 0.4583333E-01  0.1702545     
 0.4750000E-01  0.1884764     
 0.4916666E-01  0.9509527E-01 
 0.5083333E-01  0.6276193E-01 
 0.5250000E-01  0.6876381E-01 
 0.5416667E-01  0.1269727     
 0.5583333E-01  0.1845894     
 0.5750000E-01  0.2523651     
 0.5916666E-01  0.3157885     
 0.6083334E-01  0.3426365     
 0.6250000E-01  0.3269995     
 0.6416667E-01  0.2994312     
 0.6583333E-01  0.2712231     
 0.6750000E-01  0.1612702     
 0.6916667E-01  0.1346308     
 0.7083333E-01  0.8815857E-01 
 0.7250000E-01  0.6875415E-01 
 0.7416667E-01  0.1088833     
 0.7583334E-01  0.1680567     
 0.7749999E-01  0.2451629     
 0.7916667E-01  0.2969814     
 0.8083334E-01  0.2903195     
 0.8250000E-01  0.2847734     
 0.8416667E-01  0.2297081     
 0.8583333E-01  0.1243442     
 0.8750000E-01  0.6056293E-01 
 0.8916666E-01  0.3127333E-01 
 0.9083333E-01  0.1326149     
 0.9250000E-01  0.1989015     
 0.9416667E-01  0.2371960     
 0.9583333E-01  0.2511604     
 0.9750000E-01  0.1962835     
 0.9916665E-01  0.1102606     
 0.1008333      0.6988913E-01 
 0.1025000      0.4774962E-01 
 0.1041667      0.1186799     
 0.1058333      0.1546347     
 0.1075000      0.1619823     
 0.1091667      0.1766451     
 0.1108333      0.1336439     
 0.1125000      0.1247853     
 0.1141667      0.3751554E-01 
 0.1158333      0.6651676E-01 
 0.1175000      0.1076907     
 0.1191667      0.1145709     
 0.1208333      0.1162912     
 0.1225000      0.1036276     
 0.1241667      0.5012230E-01 
 0.1258333      0.4296838E-01 
 0.1275000      0.5937353E-01 
 0.1291667      0.1185951     
 0.1308333      0.1212297     
 0.1325000      0.7086683E-01 
 0.1341667      0.4946665E-01 
 0.1358333      0.2337077E-01 
 0.1375000      0.1032809     
 0.1391667      0.7157820E-01 
 0.1408333      0.1106927     
 0.1425000      0.6116928E-01 
 0.1441667      0.4085790E-01 
 0.1458333      0.3060015E-01 
 0.1475000      0.7601088E-01 
 0.1491667      0.5849459E-01 
 0.1508333      0.6690414E-01 
 0.1525000      0.2383274E-01 
 0.1541667      0.5884353E-01 
 0.1558333      0.8242030E-01 
 0.1575000      0.4457817E-01 
 0.1591667      0.2228179E-01 
 0.1608333      0.4116618E-01 
 0.1625000      0.4888520E-01 
 0.1641667      0.3629424E-01 
 0.1658333      0.2849781E-01 
