# SumMovie FRC for input stack : stack6.mrc
# Number of micrographs: 1
# Number of frames per movie: 50
# Pixel size (A): 3.0000
# 1/(A)          FRC
# -----------------------
# 
# Micrograph 1 of 1. Score: .557
 0.8333334E-03  0.9999998     
 0.2500000E-02  0.9512604     
 0.4166666E-02  0.9316084     
 0.5833333E-02  0.8459579     
 0.7499999E-02  0.8637927     
 0.9166666E-02  0.6694874     
 0.1083333E-01  0.6503471     
 0.1250000E-01  0.8443037     
 0.1416667E-01  0.8793831     
 0.1583333E-01  0.9283265     
 0.1750000E-01  0.8873777     
 0.1916667E-01  0.5959470     
 0.2083333E-01  0.6514658     
 0.2250000E-01  0.8176799     
 0.2416667E-01  0.8833786     
 0.2583333E-01  0.8321104     
 0.2750000E-01  0.7061996     
 0.2916667E-01  0.5948737     
 0.3083333E-01  0.6518094     
 0.3250000E-01  0.6940304     
 0.3416666E-01  0.6652761     
 0.3583334E-01  0.5531263     
 0.3750000E-01  0.4934117     
 0.3916667E-01  0.4749310     
 0.4083334E-01  0.4973916     
 0.4250000E-01  0.4137106     
 0.4416666E-01  0.3541730     
 0.4583333E-01  0.3081740     
 0.4750000E-01  0.2708514     
 0.4916666E-01  0.1944525     
 0.5083333E-01  0.1178269     
 0.5250000E-01  0.1503412     
 0.5416667E-01  0.9375608E-01 
 0.5583333E-01  0.1415203     
 0.5750000E-01  0.1269002     
 0.5916666E-01  0.1889322     
 0.6083334E-01  0.2407689     
 0.6250000E-01  0.2747020     
 0.6416667E-01  0.2980962     
 0.6583333E-01  0.2976188     
 0.6750000E-01  0.3092651     
 0.6916667E-01  0.3016825     
 0.7083333E-01  0.2417208     
 0.7250000E-01  0.2035296     
 0.7416667E-01  0.1468627     
 0.7583334E-01  0.1010770     
 0.7749999E-01  0.8190808E-01 
 0.7916667E-01  0.1142790     
 0.8083334E-01  0.1659687     
 0.8250000E-01  0.2014315     
 0.8416667E-01  0.2388023     
 0.8583333E-01  0.2668197     
 0.8750000E-01  0.2402126     
 0.8916666E-01  0.2575551     
 0.9083333E-01  0.1276034     
 0.9250000E-01  0.1377305     
 0.9416667E-01  0.9019454E-01 
 0.9583333E-01  0.1363876     
 0.9750000E-01  0.1394831     
 0.9916665E-01  0.1678614     
 0.1008333      0.1825467     
 0.1025000      0.2043179     
 0.1041667      0.1944538     
 0.1058333      0.1292645     
 0.1075000      0.1204597     
 0.1091667      0.8494714E-01 
 0.1108333      0.9347045E-01 
 0.1125000      0.1378880     
 0.1141667      0.1525747     
 0.1158333      0.2011638     
 0.1175000      0.1702254     
 0.1191667      0.1503534     
 0.1208333      0.1289365     
 0.1225000      0.9331869E-01 
 0.1241667      0.1147132     
 0.1258333      0.1153747     
 0.1275000      0.1712872     
 0.1291667      0.1555294     
 0.1308333      0.1677254     
 0.1325000      0.9440655E-01 
 0.1341667      0.8733742E-01 
 0.1358333      0.1200079     
 0.1375000      0.1154043     
 0.1391667      0.1135143     
 0.1408333      0.1444742     
 0.1425000      0.1080382     
 0.1441667      0.1078662     
 0.1458333      0.9847102E-01 
 0.1475000      0.1340029     
 0.1491667      0.1409482     
 0.1508333      0.1475030     
 0.1525000      0.1352543     
 0.1541667      0.8957422E-01 
 0.1558333      0.1202407     
 0.1575000      0.1152492     
 0.1591667      0.1408863     
 0.1608333      0.1411957     
 0.1625000      0.1098485     
 0.1641667      0.1034132     
 0.1658333      0.9544022E-01 
