# SumMovie FRC for input stack : stack1.mrc
# Number of micrographs: 1
# Number of frames per movie: 50
# Pixel size (A): 3.0000
# 1/(A)          FRC
# -----------------------
# 
# Micrograph 1 of 1. Score: .546
 0.8333334E-03  0.9999993     
 0.2500000E-02  0.9744713     
 0.4166666E-02  0.9570547     
 0.5833333E-02  0.9207821     
 0.7499999E-02  0.9048962     
 0.9166666E-02  0.7501130     
 0.1083333E-01  0.7274319     
 0.1250000E-01  0.8561405     
 0.1416667E-01  0.9223945     
 0.1583333E-01  0.9260496     
 0.1750000E-01  0.8741229     
 0.1916667E-01  0.6746262     
 0.2083333E-01  0.7635850     
 0.2250000E-01  0.8704271     
 0.2416667E-01  0.9035648     
 0.2583333E-01  0.8720421     
 0.2750000E-01  0.7482939     
 0.2916667E-01  0.6434849     
 0.3083333E-01  0.7087986     
 0.3250000E-01  0.7384178     
 0.3416666E-01  0.6847373     
 0.3583334E-01  0.5452699     
 0.3750000E-01  0.4813826     
 0.3916667E-01  0.4597493     
 0.4083334E-01  0.4489405     
 0.4250000E-01  0.3992691     
 0.4416666E-01  0.2557868     
 0.4583333E-01  0.1670058     
 0.4750000E-01  0.1856156     
 0.4916666E-01  0.9451288E-01 
 0.5083333E-01  0.6166366E-01 
 0.5250000E-01  0.6666236E-01 
 0.5416667E-01  0.1220058     
 0.5583333E-01  0.1868485     
 0.5750000E-01  0.2494081     
 0.5916666E-01  0.3160270     
 0.6083334E-01  0.3423369     
 0.6250000E-01  0.3278804     
 0.6416667E-01  0.2975557     
 0.6583333E-01  0.2700463     
 0.6750000E-01  0.1616437     
 0.6916667E-01  0.1311949     
 0.7083333E-01  0.8582665E-01 
 0.7250000E-01  0.6891359E-01 
 0.7416667E-01  0.1026264     
 0.7583334E-01  0.1618448     
 0.7749999E-01  0.2489977     
 0.7916667E-01  0.2983238     
 0.8083334E-01  0.2860188     
 0.8250000E-01  0.2839091     
 0.8416667E-01  0.2214918     
 0.8583333E-01  0.1226431     
 0.8750000E-01  0.6040552E-01 
 0.8916666E-01  0.3402220E-01 
 0.9083333E-01  0.1257388     
 0.9250000E-01  0.1909041     
 0.9416667E-01  0.2364481     
 0.9583333E-01  0.2457247     
 0.9750000E-01  0.1968483     
 0.9916665E-01  0.1099890     
 0.1008333      0.6545208E-01 
 0.1025000      0.4316401E-01 
 0.1041667      0.1223035     
 0.1058333      0.1542610     
 0.1075000      0.1561202     
 0.1091667      0.1700230     
 0.1108333      0.1265222     
 0.1125000      0.1265483     
 0.1141667      0.4321370E-01 
 0.1158333      0.6134423E-01 
 0.1175000      0.1073362     
 0.1191667      0.1072501     
 0.1208333      0.1100456     
 0.1225000      0.9482625E-01 
 0.1241667      0.4369022E-01 
 0.1258333      0.3700117E-01 
 0.1275000      0.5597385E-01 
 0.1291667      0.1083191     
 0.1308333      0.1234566     
 0.1325000      0.6609526E-01 
 0.1341667      0.4311934E-01 
 0.1358333      0.3329177E-01 
 0.1375000      0.1004043     
 0.1391667      0.6302476E-01 
 0.1408333      0.1023677     
 0.1425000      0.7025457E-01 
 0.1441667      0.2868059E-01 
 0.1458333      0.3284993E-01 
 0.1475000      0.7452228E-01 
 0.1491667      0.6027753E-01 
 0.1508333      0.6702842E-01 
 0.1525000      0.3388451E-01 
 0.1541667      0.5282971E-01 
 0.1558333      0.8454078E-01 
 0.1575000      0.4453750E-01 
 0.1591667      0.2351289E-01 
 0.1608333      0.3077535E-01 
 0.1625000      0.5133880E-01 
 0.1641667      0.3131627E-01 
 0.1658333      0.3318666E-01 
