# SumMovie FRC for input stack : stack6.mrc
# Number of micrographs: 1
# Number of frames per movie: 50
# Pixel size (A): 3.0000
# 1/(A)          FRC
# -----------------------
# 
# Micrograph 1 of 1. Score: .582
 0.8333334E-03  0.9999999     
 0.2500000E-02  0.9513930     
 0.4166666E-02  0.9317067     
 0.5833333E-02  0.8463523     
 0.7499999E-02  0.8655269     
 0.9166666E-02  0.6741772     
 0.1083333E-01  0.6560699     
 0.1250000E-01  0.8467124     
 0.1416667E-01  0.8846012     
 0.1583333E-01  0.9323183     
 0.1750000E-01  0.8921570     
 0.1916667E-01  0.6011266     
 0.2083333E-01  0.6637903     
 0.2250000E-01  0.8319656     
 0.2416667E-01  0.8947575     
 0.2583333E-01  0.8480197     
 0.2750000E-01  0.7248965     
 0.2916667E-01  0.6214206     
 0.3083333E-01  0.6825930     
 0.3250000E-01  0.7239127     
 0.3416666E-01  0.6904069     
 0.3583334E-01  0.5847489     
 0.3750000E-01  0.5337719     
 0.3916667E-01  0.5162662     
 0.4083334E-01  0.5537443     
 0.4250000E-01  0.4453614     
 0.4416666E-01  0.3756907     
 0.4583333E-01  0.3496439     
 0.4750000E-01  0.2927867     
 0.4916666E-01  0.2173931     
 0.5083333E-01  0.1184950     
 0.5250000E-01  0.1342987     
 0.5416667E-01  0.8054581E-01 
 0.5583333E-01  0.1192813     
 0.5750000E-01  0.1287582     
 0.5916666E-01  0.2124966     
 0.6083334E-01  0.2762189     
 0.6250000E-01  0.2926837     
 0.6416667E-01  0.3452023     
 0.6583333E-01  0.3437064     
 0.6750000E-01  0.3425690     
 0.6916667E-01  0.3217576     
 0.7083333E-01  0.2796859     
 0.7250000E-01  0.2189754     
 0.7416667E-01  0.1382658     
 0.7583334E-01  0.9939196E-01 
 0.7749999E-01  0.8708116E-01 
 0.7916667E-01  0.8563584E-01 
 0.8083334E-01  0.1763742     
 0.8250000E-01  0.2178766     
 0.8416667E-01  0.2735770     
 0.8583333E-01  0.2884078     
 0.8750000E-01  0.2720775     
 0.8916666E-01  0.2461402     
 0.9083333E-01  0.1432392     
 0.9250000E-01  0.1158298     
 0.9416667E-01  0.6792487E-01 
 0.9583333E-01  0.1124386     
 0.9750000E-01  0.1092668     
 0.9916665E-01  0.1572892     
 0.1008333      0.1983594     
 0.1025000      0.2295807     
 0.1041667      0.1818335     
 0.1058333      0.1463968     
 0.1075000      0.9450656E-01 
 0.1091667      0.5013718E-01 
 0.1108333      0.7235312E-01 
 0.1125000      0.1094543     
 0.1141667      0.1688512     
 0.1158333      0.1893751     
 0.1175000      0.1507760     
 0.1191667      0.1367013     
 0.1208333      0.7204766E-01 
 0.1225000      0.5406594E-01 
 0.1241667      0.5273750E-01 
 0.1258333      0.9144694E-01 
 0.1275000      0.1357891     
 0.1291667      0.1323680     
 0.1308333      0.1196659     
 0.1325000      0.5426167E-01 
 0.1341667      0.4629353E-01 
 0.1358333      0.9160981E-01 
 0.1375000      0.7201095E-01 
 0.1391667      0.8432493E-01 
 0.1408333      0.1063734     
 0.1425000      0.9452958E-01 
 0.1441667      0.7138332E-01 
 0.1458333      0.5498454E-01 
 0.1475000      0.7253665E-01 
 0.1491667      0.9186327E-01 
 0.1508333      0.1089272     
 0.1525000      0.7569740E-01 
 0.1541667      0.4753391E-01 
 0.1558333      0.7142825E-01 
 0.1575000      0.7184988E-01 
 0.1591667      0.9233405E-01 
 0.1608333      0.8438050E-01 
 0.1625000      0.6916969E-01 
 0.1641667      0.7752249E-01 
 0.1658333      0.3893818E-01 
