# SumMovie FRC for input stack : stack6.mrc
# Number of micrographs: 1
# Number of frames per movie: 50
# Pixel size (A): 3.0000
# 1/(A)          FRC
# -----------------------
# 
# Micrograph 1 of 1. Score: .566
 0.8333334E-03  0.9999999     
 0.2500000E-02  0.9513068     
 0.4166666E-02  0.9316417     
 0.5833333E-02  0.8460680     
 0.7499999E-02  0.8644009     
 0.9166666E-02  0.6709459     
 0.1083333E-01  0.6523157     
 0.1250000E-01  0.8451140     
 0.1416667E-01  0.8811870     
 0.1583333E-01  0.9296520     
 0.1750000E-01  0.8890628     
 0.1916667E-01  0.5984238     
 0.2083333E-01  0.6562710     
 0.2250000E-01  0.8229450     
 0.2416667E-01  0.8872349     
 0.2583333E-01  0.8378198     
 0.2750000E-01  0.7135181     
 0.2916667E-01  0.6047012     
 0.3083333E-01  0.6630461     
 0.3250000E-01  0.7059295     
 0.3416666E-01  0.6741809     
 0.3583334E-01  0.5636590     
 0.3750000E-01  0.5078037     
 0.3916667E-01  0.4904161     
 0.4083334E-01  0.5174094     
 0.4250000E-01  0.4247565     
 0.4416666E-01  0.3610815     
 0.4583333E-01  0.3220906     
 0.4750000E-01  0.2777241     
 0.4916666E-01  0.2042822     
 0.5083333E-01  0.1186881     
 0.5250000E-01  0.1479512     
 0.5416667E-01  0.9343816E-01 
 0.5583333E-01  0.1366196     
 0.5750000E-01  0.1293332     
 0.5916666E-01  0.1994864     
 0.6083334E-01  0.2567790     
 0.6250000E-01  0.2828397     
 0.6416667E-01  0.3143319     
 0.6583333E-01  0.3133448     
 0.6750000E-01  0.3223277     
 0.6916667E-01  0.3101438     
 0.7083333E-01  0.2552593     
 0.7250000E-01  0.2089713     
 0.7416667E-01  0.1469384     
 0.7583334E-01  0.1030529     
 0.7749999E-01  0.8711648E-01 
 0.7916667E-01  0.1050698     
 0.8083334E-01  0.1698944     
 0.8250000E-01  0.2064676     
 0.8416667E-01  0.2551837     
 0.8583333E-01  0.2789885     
 0.8750000E-01  0.2541674     
 0.8916666E-01  0.2586673     
 0.9083333E-01  0.1291319     
 0.9250000E-01  0.1352510     
 0.9416667E-01  0.9103638E-01 
 0.9583333E-01  0.1353869     
 0.9750000E-01  0.1392355     
 0.9916665E-01  0.1724272     
 0.1008333      0.1879570     
 0.1025000      0.2032729     
 0.1041667      0.2010256     
 0.1058333      0.1398263     
 0.1075000      0.1164405     
 0.1091667      0.7063212E-01 
 0.1108333      0.8926297E-01 
 0.1125000      0.1466766     
 0.1141667      0.1667786     
 0.1158333      0.2002252     
 0.1175000      0.1692140     
 0.1191667      0.1472766     
 0.1208333      0.1166588     
 0.1225000      0.8515988E-01 
 0.1241667      0.1121094     
 0.1258333      0.1100579     
 0.1275000      0.1642011     
 0.1291667      0.1480050     
 0.1308333      0.1553693     
 0.1325000      0.8048407E-01 
 0.1341667      0.7450745E-01 
 0.1358333      0.1207098     
 0.1375000      0.1081601     
 0.1391667      0.1090874     
 0.1408333      0.1343309     
 0.1425000      0.1106874     
 0.1441667      0.9715770E-01 
 0.1458333      0.9756982E-01 
 0.1475000      0.1150922     
 0.1491667      0.1355264     
 0.1508333      0.1440615     
 0.1525000      0.1221843     
 0.1541667      0.8289956E-01 
 0.1558333      0.1150124     
 0.1575000      0.1029205     
 0.1591667      0.1201551     
 0.1608333      0.1400399     
 0.1625000      0.1074302     
 0.1641667      0.9618740E-01 
 0.1658333      0.8199721E-01 
