# SumMovie FRC for input stack : stack11.mrc
# Number of micrographs: 1
# Number of frames per movie: 50
# Pixel size (A): 3.0000
# 1/(A)          FRC
# -----------------------
# 
# Micrograph 1 of 1. Score: .575
 0.8333334E-03  0.9999998     
 0.2500000E-02  0.8503816     
 0.4166666E-02  0.8705037     
 0.5833333E-02  0.8518376     
 0.7499999E-02  0.8576222     
 0.9166666E-02  0.7372462     
 0.1083333E-01  0.6261217     
 0.1250000E-01  0.8529420     
 0.1416667E-01  0.9147468     
 0.1583333E-01  0.9440556     
 0.1750000E-01  0.9077309     
 0.1916667E-01  0.6573653     
 0.2083333E-01  0.7408739     
 0.2250000E-01  0.8758804     
 0.2416667E-01  0.9231932     
 0.2583333E-01  0.8931759     
 0.2750000E-01  0.7446672     
 0.2916667E-01  0.6471553     
 0.3083333E-01  0.7149716     
 0.3250000E-01  0.7745653     
 0.3416666E-01  0.7257743     
 0.3583334E-01  0.5927806     
 0.3750000E-01  0.5284996     
 0.3916667E-01  0.5054768     
 0.4083334E-01  0.5200165     
 0.4250000E-01  0.4052253     
 0.4416666E-01  0.3410867     
 0.4583333E-01  0.2967808     
 0.4750000E-01  0.2200196     
 0.4916666E-01  0.1080522     
 0.5083333E-01  0.7608156E-01 
 0.5250000E-01  0.1378248     
 0.5416667E-01  0.1439177     
 0.5583333E-01  0.2218182     
 0.5750000E-01  0.2993570     
 0.5916666E-01  0.3708431     
 0.6083334E-01  0.3598222     
 0.6250000E-01  0.4129617     
 0.6416667E-01  0.3984834     
 0.6583333E-01  0.3226112     
 0.6750000E-01  0.3046832     
 0.6916667E-01  0.1898976     
 0.7083333E-01  0.1098516     
 0.7250000E-01  0.7905121E-01 
 0.7416667E-01  0.1120486     
 0.7583334E-01  0.2004931     
 0.7749999E-01  0.2770547     
 0.7916667E-01  0.3191840     
 0.8083334E-01  0.3656672     
 0.8250000E-01  0.3296647     
 0.8416667E-01  0.3065048     
 0.8583333E-01  0.2113920     
 0.8750000E-01  0.1012196     
 0.8916666E-01  0.7323774E-01 
 0.9083333E-01  0.1335056     
 0.9250000E-01  0.2323892     
 0.9416667E-01  0.2938101     
 0.9583333E-01  0.3053549     
 0.9750000E-01  0.2654099     
 0.9916665E-01  0.2367366     
 0.1008333      0.1114527     
 0.1025000      0.6671161E-01 
 0.1041667      0.1277469     
 0.1058333      0.2133223     
 0.1075000      0.2345003     
 0.1091667      0.2475724     
 0.1108333      0.2087118     
 0.1125000      0.1480664     
 0.1141667      0.8661181E-01 
 0.1158333      0.9014203E-01 
 0.1175000      0.1597114     
 0.1191667      0.1886815     
 0.1208333      0.1648637     
 0.1225000      0.1454759     
 0.1241667      0.8365724E-01 
 0.1258333      0.8551990E-01 
 0.1275000      0.1004420     
 0.1291667      0.1596141     
 0.1308333      0.1733658     
 0.1325000      0.1781245     
 0.1341667      0.1012057     
 0.1358333      0.6183362E-01 
 0.1375000      0.1175433     
 0.1391667      0.1151684     
 0.1408333      0.1508288     
 0.1425000      0.1156268     
 0.1441667      0.9359922E-01 
 0.1458333      0.7886284E-01 
 0.1475000      0.7695178E-01 
 0.1491667      0.1227084     
 0.1508333      0.1300331     
 0.1525000      0.1014066     
 0.1541667      0.8863592E-01 
 0.1558333      0.8935611E-01 
 0.1575000      0.1320979     
 0.1591667      0.9360435E-01 
 0.1608333      0.9135637E-01 
 0.1625000      0.7258783E-01 
 0.1641667      0.1050364     
 0.1658333      0.1237149     
