# SumMovie FRC for input stack : stack11.mrc
# Number of micrographs: 1
# Number of frames per movie: 50
# Pixel size (A): 3.0000
# 1/(A)          FRC
# -----------------------
# 
# Micrograph 1 of 1. Score: .570
 0.8333334E-03  0.9999998     
 0.2500000E-02  0.8500714     
 0.4166666E-02  0.8701563     
 0.5833333E-02  0.8519628     
 0.7499999E-02  0.8572698     
 0.9166666E-02  0.7364275     
 0.1083333E-01  0.6257513     
 0.1250000E-01  0.8517035     
 0.1416667E-01  0.9137802     
 0.1583333E-01  0.9436820     
 0.1750000E-01  0.9066750     
 0.1916667E-01  0.6586331     
 0.2083333E-01  0.7381532     
 0.2250000E-01  0.8744571     
 0.2416667E-01  0.9208204     
 0.2583333E-01  0.8915844     
 0.2750000E-01  0.7399179     
 0.2916667E-01  0.6372851     
 0.3083333E-01  0.7073409     
 0.3250000E-01  0.7686276     
 0.3416666E-01  0.7161200     
 0.3583334E-01  0.5862241     
 0.3750000E-01  0.5186821     
 0.3916667E-01  0.4940948     
 0.4083334E-01  0.5129298     
 0.4250000E-01  0.3980643     
 0.4416666E-01  0.3333922     
 0.4583333E-01  0.2847220     
 0.4750000E-01  0.2198065     
 0.4916666E-01  0.1073231     
 0.5083333E-01  0.7575828E-01 
 0.5250000E-01  0.1361567     
 0.5416667E-01  0.1350258     
 0.5583333E-01  0.2211742     
 0.5750000E-01  0.2930707     
 0.5916666E-01  0.3528855     
 0.6083334E-01  0.3511246     
 0.6250000E-01  0.3919098     
 0.6416667E-01  0.3829494     
 0.6583333E-01  0.3004738     
 0.6750000E-01  0.2928940     
 0.6916667E-01  0.1879892     
 0.7083333E-01  0.1110174     
 0.7250000E-01  0.8705087E-01 
 0.7416667E-01  0.1087287     
 0.7583334E-01  0.1930399     
 0.7749999E-01  0.2599592     
 0.7916667E-01  0.3056545     
 0.8083334E-01  0.3429103     
 0.8250000E-01  0.3122340     
 0.8416667E-01  0.2868202     
 0.8583333E-01  0.2005122     
 0.8750000E-01  0.9196036E-01 
 0.8916666E-01  0.7713229E-01 
 0.9083333E-01  0.1284274     
 0.9250000E-01  0.2157089     
 0.9416667E-01  0.2776796     
 0.9583333E-01  0.3011026     
 0.9750000E-01  0.2495037     
 0.9916665E-01  0.2301301     
 0.1008333      0.1131013     
 0.1025000      0.8436008E-01 
 0.1041667      0.1418944     
 0.1058333      0.2155816     
 0.1075000      0.2107479     
 0.1091667      0.2460476     
 0.1108333      0.2078095     
 0.1125000      0.1530651     
 0.1141667      0.1014648     
 0.1158333      0.9283189E-01 
 0.1175000      0.1634340     
 0.1191667      0.1920707     
 0.1208333      0.1648939     
 0.1225000      0.1458010     
 0.1241667      0.9285357E-01 
 0.1258333      0.1039475     
 0.1275000      0.1128852     
 0.1291667      0.1651282     
 0.1308333      0.1592129     
 0.1325000      0.1846731     
 0.1341667      0.1107871     
 0.1358333      0.7118845E-01 
 0.1375000      0.1316286     
 0.1391667      0.1146977     
 0.1408333      0.1495256     
 0.1425000      0.1145378     
 0.1441667      0.1164746     
 0.1458333      0.1028417     
 0.1475000      0.1028204     
 0.1491667      0.1176012     
 0.1508333      0.1499819     
 0.1525000      0.1073402     
 0.1541667      0.9687187E-01 
 0.1558333      0.1146188     
 0.1575000      0.1458625     
 0.1591667      0.1074883     
 0.1608333      0.1198949     
 0.1625000      0.9839797E-01 
 0.1641667      0.1246271     
 0.1658333      0.1445756     
