# SumMovie FRC for input stack : stack11.mrc
# Number of micrographs: 1
# Number of frames per movie: 50
# Pixel size (A): 3.0000
# 1/(A)          FRC
# -----------------------
# 
# Micrograph 1 of 1. Score: .571
 0.8333334E-03  0.9999998     
 0.2500000E-02  0.8501356     
 0.4166666E-02  0.8702483     
 0.5833333E-02  0.8519598     
 0.7499999E-02  0.8573516     
 0.9166666E-02  0.7366797     
 0.1083333E-01  0.6258036     
 0.1250000E-01  0.8519931     
 0.1416667E-01  0.9139560     
 0.1583333E-01  0.9437749     
 0.1750000E-01  0.9069241     
 0.1916667E-01  0.6584796     
 0.2083333E-01  0.7387584     
 0.2250000E-01  0.8748335     
 0.2416667E-01  0.9213463     
 0.2583333E-01  0.8920000     
 0.2750000E-01  0.7410570     
 0.2916667E-01  0.6396431     
 0.3083333E-01  0.7090935     
 0.3250000E-01  0.7700379     
 0.3416666E-01  0.7182004     
 0.3583334E-01  0.5879112     
 0.3750000E-01  0.5209129     
 0.3916667E-01  0.4966773     
 0.4083334E-01  0.5148960     
 0.4250000E-01  0.3997694     
 0.4416666E-01  0.3353197     
 0.4583333E-01  0.2875404     
 0.4750000E-01  0.2201166     
 0.4916666E-01  0.1080594     
 0.5083333E-01  0.7620107E-01 
 0.5250000E-01  0.1369976     
 0.5416667E-01  0.1377627     
 0.5583333E-01  0.2217516     
 0.5750000E-01  0.2950893     
 0.5916666E-01  0.3565146     
 0.6083334E-01  0.3531196     
 0.6250000E-01  0.3969485     
 0.6416667E-01  0.3866100     
 0.6583333E-01  0.3055837     
 0.6750000E-01  0.2960555     
 0.6916667E-01  0.1887723     
 0.7083333E-01  0.1111175     
 0.7250000E-01  0.8611666E-01 
 0.7416667E-01  0.1093790     
 0.7583334E-01  0.1955848     
 0.7749999E-01  0.2632889     
 0.7916667E-01  0.3087953     
 0.8083334E-01  0.3478530     
 0.8250000E-01  0.3159522     
 0.8416667E-01  0.2908054     
 0.8583333E-01  0.2033839     
 0.8750000E-01  0.9428091E-01 
 0.8916666E-01  0.7769367E-01 
 0.9083333E-01  0.1295405     
 0.9250000E-01  0.2195941     
 0.9416667E-01  0.2822510     
 0.9583333E-01  0.3023341     
 0.9750000E-01  0.2529513     
 0.9916665E-01  0.2330512     
 0.1008333      0.1129119     
 0.1025000      0.8267338E-01 
 0.1041667      0.1398818     
 0.1058333      0.2170847     
 0.1075000      0.2161174     
 0.1091667      0.2480934     
 0.1108333      0.2083563     
 0.1125000      0.1529138     
 0.1141667      0.9989316E-01 
 0.1158333      0.9350546E-01 
 0.1175000      0.1646506     
 0.1191667      0.1928378     
 0.1208333      0.1644016     
 0.1225000      0.1460549     
 0.1241667      0.9187507E-01 
 0.1258333      0.1019579     
 0.1275000      0.1117388     
 0.1291667      0.1651272     
 0.1308333      0.1628622     
 0.1325000      0.1845415     
 0.1341667      0.1100389     
 0.1358333      0.6967952E-01 
 0.1375000      0.1308834     
 0.1391667      0.1154914     
 0.1408333      0.1526222     
 0.1425000      0.1157192     
 0.1441667      0.1137601     
 0.1458333      0.1015014     
 0.1475000      0.9870982E-01 
 0.1491667      0.1195197     
 0.1508333      0.1480324     
 0.1525000      0.1081915     
 0.1541667      0.9689758E-01 
 0.1558333      0.1112898     
 0.1575000      0.1445875     
 0.1591667      0.1058578     
 0.1608333      0.1166004     
 0.1625000      0.9527770E-01 
 0.1641667      0.1242322     
 0.1658333      0.1410702     
