# SumMovie FRC for input stack : stack11.mrc
# Number of micrographs: 1
# Number of frames per movie: 50
# Pixel size (A): 3.0000
# 1/(A)          FRC
# -----------------------
# 
# Micrograph 1 of 1. Score: .573
 0.8333334E-03  0.9999998     
 0.2500000E-02  0.8503008     
 0.4166666E-02  0.8703757     
 0.5833333E-02  0.8519041     
 0.7499999E-02  0.8574584     
 0.9166666E-02  0.7369316     
 0.1083333E-01  0.6258889     
 0.1250000E-01  0.8524737     
 0.1416667E-01  0.9143291     
 0.1583333E-01  0.9439056     
 0.1750000E-01  0.9073548     
 0.1916667E-01  0.6578927     
 0.2083333E-01  0.7399524     
 0.2250000E-01  0.8754591     
 0.2416667E-01  0.9223057     
 0.2583333E-01  0.8926812     
 0.2750000E-01  0.7429322     
 0.2916667E-01  0.6433765     
 0.3083333E-01  0.7122556     
 0.3250000E-01  0.7725672     
 0.3416666E-01  0.7220162     
 0.3583334E-01  0.5904476     
 0.3750000E-01  0.5252758     
 0.3916667E-01  0.5011813     
 0.4083334E-01  0.5182791     
 0.4250000E-01  0.4027472     
 0.4416666E-01  0.3385826     
 0.4583333E-01  0.2926407     
 0.4750000E-01  0.2205767     
 0.4916666E-01  0.1083373     
 0.5083333E-01  0.7638021E-01 
 0.5250000E-01  0.1375299     
 0.5416667E-01  0.1409698     
 0.5583333E-01  0.2224356     
 0.5750000E-01  0.2977313     
 0.5916666E-01  0.3638135     
 0.6083334E-01  0.3570428     
 0.6250000E-01  0.4056442     
 0.6416667E-01  0.3927727     
 0.6583333E-01  0.3151020     
 0.6750000E-01  0.3014866     
 0.6916667E-01  0.1904795     
 0.7083333E-01  0.1111943     
 0.7250000E-01  0.8339635E-01 
 0.7416667E-01  0.1109238     
 0.7583334E-01  0.1991851     
 0.7749999E-01  0.2702610     
 0.7916667E-01  0.3147604     
 0.8083334E-01  0.3569859     
 0.8250000E-01  0.3231216     
 0.8416667E-01  0.2992033     
 0.8583333E-01  0.2089326     
 0.8750000E-01  0.9807193E-01 
 0.8916666E-01  0.7582199E-01 
 0.9083333E-01  0.1316082     
 0.9250000E-01  0.2265379     
 0.9416667E-01  0.2896903     
 0.9583333E-01  0.3037682     
 0.9750000E-01  0.2594927     
 0.9916665E-01  0.2374151     
 0.1008333      0.1124034     
 0.1025000      0.7644272E-01 
 0.1041667      0.1347701     
 0.1058333      0.2170846     
 0.1075000      0.2260222     
 0.1091667      0.2497261     
 0.1108333      0.2095510     
 0.1125000      0.1520396     
 0.1141667      0.9499879E-01 
 0.1158333      0.9306201E-01 
 0.1175000      0.1638409     
 0.1191667      0.1921185     
 0.1208333      0.1648436     
 0.1225000      0.1473892     
 0.1241667      0.8971092E-01 
 0.1258333      0.9523321E-01 
 0.1275000      0.1064261     
 0.1291667      0.1649333     
 0.1308333      0.1689184     
 0.1325000      0.1821871     
 0.1341667      0.1070285     
 0.1358333      0.6686196E-01 
 0.1375000      0.1274027     
 0.1391667      0.1163970     
 0.1408333      0.1542521     
 0.1425000      0.1171933     
 0.1441667      0.1059032     
 0.1458333      0.9301307E-01 
 0.1475000      0.8913832E-01 
 0.1491667      0.1214685     
 0.1508333      0.1411726     
 0.1525000      0.1066745     
 0.1541667      0.9434257E-01 
 0.1558333      0.1029410     
 0.1575000      0.1398183     
 0.1591667      0.1009886     
 0.1608333      0.1053618     
 0.1625000      0.8639527E-01 
 0.1641667      0.1179261     
 0.1658333      0.1344182     
