# SumMovie FRC for input stack : stack16.mrc
# Number of micrographs: 1
# Number of frames per movie: 50
# Pixel size (A): 3.0000
# 1/(A)          FRC
# -----------------------
# 
# Micrograph 1 of 1. Score: .529
 0.8333334E-03  0.9999994     
 0.2500000E-02  0.9670054     
 0.4166666E-02  0.9459249     
 0.5833333E-02  0.9109977     
 0.7499999E-02  0.8943270     
 0.9166666E-02  0.8411720     
 0.1083333E-01  0.7717040     
 0.1250000E-01  0.8786300     
 0.1416667E-01  0.9333642     
 0.1583333E-01  0.9637845     
 0.1750000E-01  0.9436502     
 0.1916667E-01  0.7649850     
 0.2083333E-01  0.8002378     
 0.2250000E-01  0.8931007     
 0.2416667E-01  0.9346075     
 0.2583333E-01  0.9256403     
 0.2750000E-01  0.8148454     
 0.2916667E-01  0.6807299     
 0.3083333E-01  0.7324486     
 0.3250000E-01  0.7779135     
 0.3416666E-01  0.6990066     
 0.3583334E-01  0.5603960     
 0.3750000E-01  0.4261540     
 0.3916667E-01  0.3592036     
 0.4083334E-01  0.2960219     
 0.4250000E-01  0.1138675     
 0.4416666E-01  0.1225956     
 0.4583333E-01  0.1050507     
 0.4750000E-01  0.1364261     
 0.4916666E-01  0.2709970     
 0.5083333E-01  0.3323168     
 0.5250000E-01  0.3611644     
 0.5416667E-01  0.3592693     
 0.5583333E-01  0.4074308     
 0.5750000E-01  0.3466606     
 0.5916666E-01  0.2642096     
 0.6083334E-01  0.1775019     
 0.6250000E-01  0.9093181E-01 
 0.6416667E-01  0.1112970     
 0.6583333E-01  0.1423986     
 0.6750000E-01  0.1933521     
 0.6916667E-01  0.3012947     
 0.7083333E-01  0.3929756     
 0.7250000E-01  0.3346215     
 0.7416667E-01  0.2721934     
 0.7583334E-01  0.1652010     
 0.7749999E-01  0.1119080     
 0.7916667E-01  0.9335572E-01 
 0.8083334E-01  0.2471117     
 0.8250000E-01  0.2512235     
 0.8416667E-01  0.3293732     
 0.8583333E-01  0.2805320     
 0.8750000E-01  0.1853323     
 0.8916666E-01  0.1164188     
 0.9083333E-01  0.9775416E-01 
 0.9250000E-01  0.1829455     
 0.9416667E-01  0.2416609     
 0.9583333E-01  0.2588474     
 0.9750000E-01  0.2080861     
 0.9916665E-01  0.1244691     
 0.1008333      0.1017419     
 0.1025000      0.1337870     
 0.1041667      0.1904314     
 0.1058333      0.2303934     
 0.1075000      0.1877999     
 0.1091667      0.1303054     
 0.1108333      0.6770182E-01 
 0.1125000      0.1523947     
 0.1141667      0.1819629     
 0.1158333      0.1718427     
 0.1175000      0.1327248     
 0.1191667      0.9171576E-01 
 0.1208333      0.1127491     
 0.1225000      0.1487847     
 0.1241667      0.1685145     
 0.1258333      0.1290552     
 0.1275000      0.8825092E-01 
 0.1291667      0.1045218     
 0.1308333      0.1398347     
 0.1325000      0.1347465     
 0.1341667      0.1068561     
 0.1358333      0.6157264E-01 
 0.1375000      0.1172291     
 0.1391667      0.1330012     
 0.1408333      0.1310530     
 0.1425000      0.8704115E-01 
 0.1441667      0.1133700     
 0.1458333      0.1188155     
 0.1475000      0.1123281     
 0.1491667      0.1159337     
 0.1508333      0.9908064E-01 
 0.1525000      0.1180259     
 0.1541667      0.1099702     
 0.1558333      0.8811617E-01 
 0.1575000      0.8876247E-01 
 0.1591667      0.1076377     
 0.1608333      0.1108860     
 0.1625000      0.6805744E-01 
 0.1641667      0.8957608E-01 
 0.1658333      0.1369482     
