# SumMovie FRC for input stack : stack11.mrc
# Number of micrographs: 1
# Number of frames per movie: 50
# Pixel size (A): 3.0000
# 1/(A)          FRC
# -----------------------
# 
# Micrograph 1 of 1. Score: .573
 0.8333334E-03  0.9999998     
 0.2500000E-02  0.8502854     
 0.4166666E-02  0.8703607     
 0.5833333E-02  0.8519046     
 0.7499999E-02  0.8574634     
 0.9166666E-02  0.7369672     
 0.1083333E-01  0.6259767     
 0.1250000E-01  0.8524433     
 0.1416667E-01  0.9142782     
 0.1583333E-01  0.9439194     
 0.1750000E-01  0.9073510     
 0.1916667E-01  0.6580803     
 0.2083333E-01  0.7398261     
 0.2250000E-01  0.8753994     
 0.2416667E-01  0.9222592     
 0.2583333E-01  0.8926178     
 0.2750000E-01  0.7429876     
 0.2916667E-01  0.6434686     
 0.3083333E-01  0.7121009     
 0.3250000E-01  0.7724198     
 0.3416666E-01  0.7217760     
 0.3583334E-01  0.5902656     
 0.3750000E-01  0.5248451     
 0.3916667E-01  0.5007678     
 0.4083334E-01  0.5181658     
 0.4250000E-01  0.4024578     
 0.4416666E-01  0.3382910     
 0.4583333E-01  0.2929026     
 0.4750000E-01  0.2205132     
 0.4916666E-01  0.1083406     
 0.5083333E-01  0.7633886E-01 
 0.5250000E-01  0.1370737     
 0.5416667E-01  0.1408369     
 0.5583333E-01  0.2221693     
 0.5750000E-01  0.2976399     
 0.5916666E-01  0.3632074     
 0.6083334E-01  0.3567883     
 0.6250000E-01  0.4047914     
 0.6416667E-01  0.3923723     
 0.6583333E-01  0.3146792     
 0.6750000E-01  0.3008458     
 0.6916667E-01  0.1901177     
 0.7083333E-01  0.1113633     
 0.7250000E-01  0.8326441E-01 
 0.7416667E-01  0.1102327     
 0.7583334E-01  0.1985753     
 0.7749999E-01  0.2691599     
 0.7916667E-01  0.3138122     
 0.8083334E-01  0.3563914     
 0.8250000E-01  0.3222557     
 0.8416667E-01  0.2981812     
 0.8583333E-01  0.2081109     
 0.8750000E-01  0.9760765E-01 
 0.8916666E-01  0.7635593E-01 
 0.9083333E-01  0.1309552     
 0.9250000E-01  0.2263772     
 0.9416667E-01  0.2889843     
 0.9583333E-01  0.3034337     
 0.9750000E-01  0.2577626     
 0.9916665E-01  0.2366967     
 0.1008333      0.1122493     
 0.1025000      0.7654090E-01 
 0.1041667      0.1349737     
 0.1058333      0.2171023     
 0.1075000      0.2250319     
 0.1091667      0.2487380     
 0.1108333      0.2087098     
 0.1125000      0.1518554     
 0.1141667      0.9559284E-01 
 0.1158333      0.9330627E-01 
 0.1175000      0.1631296     
 0.1191667      0.1928152     
 0.1208333      0.1636065     
 0.1225000      0.1470490     
 0.1241667      0.8897053E-01 
 0.1258333      0.9494388E-01 
 0.1275000      0.1071825     
 0.1291667      0.1650006     
 0.1308333      0.1684081     
 0.1325000      0.1814387     
 0.1341667      0.1067608     
 0.1358333      0.6664941E-01 
 0.1375000      0.1274763     
 0.1391667      0.1160538     
 0.1408333      0.1531596     
 0.1425000      0.1160996     
 0.1441667      0.1062556     
 0.1458333      0.9373422E-01 
 0.1475000      0.8956935E-01 
 0.1491667      0.1215834     
 0.1508333      0.1407519     
 0.1525000      0.1061873     
 0.1541667      0.9438604E-01 
 0.1558333      0.1021196     
 0.1575000      0.1399964     
 0.1591667      0.1010181     
 0.1608333      0.1061577     
 0.1625000      0.8599322E-01 
 0.1641667      0.1188148     
 0.1658333      0.1334221     
