# SumMovie FRC for input stack : stack11.mrc
# Number of micrographs: 1
# Number of frames per movie: 50
# Pixel size (A): 3.0000
# 1/(A)          FRC
# -----------------------
# 
# Micrograph 1 of 1. Score: .577
 0.8333334E-03  0.9999998     
 0.2500000E-02  0.8505891     
 0.4166666E-02  0.8708823     
 0.5833333E-02  0.8516622     
 0.7499999E-02  0.8578867     
 0.9166666E-02  0.7372249     
 0.1083333E-01  0.6260794     
 0.1250000E-01  0.8537322     
 0.1416667E-01  0.9154700     
 0.1583333E-01  0.9441337     
 0.1750000E-01  0.9082313     
 0.1916667E-01  0.6548580     
 0.2083333E-01  0.7416603     
 0.2250000E-01  0.8762442     
 0.2416667E-01  0.9246661     
 0.2583333E-01  0.8935702     
 0.2750000E-01  0.7463632     
 0.2916667E-01  0.6515938     
 0.3083333E-01  0.7191389     
 0.3250000E-01  0.7773629     
 0.3416666E-01  0.7309247     
 0.3583334E-01  0.5952299     
 0.3750000E-01  0.5325315     
 0.3916667E-01  0.5110817     
 0.4083334E-01  0.5218689     
 0.4250000E-01  0.4084127     
 0.4416666E-01  0.3433248     
 0.4583333E-01  0.2989843     
 0.4750000E-01  0.2174435     
 0.4916666E-01  0.1048021     
 0.5083333E-01  0.7290803E-01 
 0.5250000E-01  0.1378371     
 0.5416667E-01  0.1456361     
 0.5583333E-01  0.2176251     
 0.5750000E-01  0.3001421     
 0.5916666E-01  0.3812728     
 0.6083334E-01  0.3615273     
 0.6250000E-01  0.4228790     
 0.6416667E-01  0.4049263     
 0.6583333E-01  0.3291307     
 0.6750000E-01  0.3068031     
 0.6916667E-01  0.1859668     
 0.7083333E-01  0.1083959     
 0.7250000E-01  0.6748324E-01 
 0.7416667E-01  0.1124935     
 0.7583334E-01  0.2003787     
 0.7749999E-01  0.2843385     
 0.7916667E-01  0.3258840     
 0.8083334E-01  0.3789918     
 0.8250000E-01  0.3371210     
 0.8416667E-01  0.3167620     
 0.8583333E-01  0.2080888     
 0.8750000E-01  0.1030525     
 0.8916666E-01  0.6662465E-01 
 0.9083333E-01  0.1359639     
 0.9250000E-01  0.2396651     
 0.9416667E-01  0.2935987     
 0.9583333E-01  0.3001520     
 0.9750000E-01  0.2697330     
 0.9916665E-01  0.2257405     
 0.1008333      0.1071125     
 0.1025000      0.4323849E-01 
 0.1041667      0.1126837     
 0.1058333      0.1977655     
 0.1075000      0.2393899     
 0.1091667      0.2392473     
 0.1108333      0.2033115     
 0.1125000      0.1358268     
 0.1141667      0.6565373E-01 
 0.1158333      0.8171368E-01 
 0.1175000      0.1449223     
 0.1191667      0.1740616     
 0.1208333      0.1656787     
 0.1225000      0.1361108     
 0.1241667      0.7337747E-01 
 0.1258333      0.6715607E-01 
 0.1275000      0.8794761E-01 
 0.1291667      0.1467610     
 0.1308333      0.1710319     
 0.1325000      0.1658077     
 0.1341667      0.8844789E-01 
 0.1358333      0.5414188E-01 
 0.1375000      0.9467933E-01 
 0.1391667      0.1044628     
 0.1408333      0.1348525     
 0.1425000      0.1035566     
 0.1441667      0.7092070E-01 
 0.1458333      0.4943086E-01 
 0.1475000      0.5573484E-01 
 0.1491667      0.1136607     
 0.1508333      0.1036836     
 0.1525000      0.8189505E-01 
 0.1541667      0.6668327E-01 
 0.1558333      0.6591795E-01 
 0.1575000      0.1187864     
 0.1591667      0.7304045E-01 
 0.1608333      0.6662720E-01 
 0.1625000      0.5401769E-01 
 0.1641667      0.7725544E-01 
 0.1658333      0.1008028     
