# SumMovie FRC for input stack : stack1.mrc
# Number of micrographs: 1
# Number of frames per movie: 50
# Pixel size (A): 3.0000
# 1/(A)          FRC
# -----------------------
# 
# Micrograph 1 of 1. Score: .546
 0.8333334E-03  0.9999993     
 0.2500000E-02  0.9744572     
 0.4166666E-02  0.9570275     
 0.5833333E-02  0.9207213     
 0.7499999E-02  0.9048734     
 0.9166666E-02  0.7498874     
 0.1083333E-01  0.7273593     
 0.1250000E-01  0.8560470     
 0.1416667E-01  0.9223219     
 0.1583333E-01  0.9261596     
 0.1750000E-01  0.8740461     
 0.1916667E-01  0.6746630     
 0.2083333E-01  0.7638993     
 0.2250000E-01  0.8704844     
 0.2416667E-01  0.9033848     
 0.2583333E-01  0.8720016     
 0.2750000E-01  0.7479572     
 0.2916667E-01  0.6439233     
 0.3083333E-01  0.7089605     
 0.3250000E-01  0.7381028     
 0.3416666E-01  0.6845255     
 0.3583334E-01  0.5454128     
 0.3750000E-01  0.4825333     
 0.3916667E-01  0.4606458     
 0.4083334E-01  0.4487967     
 0.4250000E-01  0.4001573     
 0.4416666E-01  0.2580788     
 0.4583333E-01  0.1691133     
 0.4750000E-01  0.1879411     
 0.4916666E-01  0.9617403E-01 
 0.5083333E-01  0.6271984E-01 
 0.5250000E-01  0.6765295E-01 
 0.5416667E-01  0.1262151     
 0.5583333E-01  0.1862913     
 0.5750000E-01  0.2515682     
 0.5916666E-01  0.3159333     
 0.6083334E-01  0.3429613     
 0.6250000E-01  0.3285428     
 0.6416667E-01  0.2990566     
 0.6583333E-01  0.2714267     
 0.6750000E-01  0.1613656     
 0.6916667E-01  0.1339679     
 0.7083333E-01  0.8599064E-01 
 0.7250000E-01  0.6969023E-01 
 0.7416667E-01  0.1059080     
 0.7583334E-01  0.1652603     
 0.7749999E-01  0.2474189     
 0.7916667E-01  0.2987576     
 0.8083334E-01  0.2872404     
 0.8250000E-01  0.2844474     
 0.8416667E-01  0.2247041     
 0.8583333E-01  0.1230442     
 0.8750000E-01  0.6132574E-01 
 0.8916666E-01  0.3255324E-01 
 0.9083333E-01  0.1290224     
 0.9250000E-01  0.1940341     
 0.9416667E-01  0.2369844     
 0.9583333E-01  0.2478142     
 0.9750000E-01  0.1961859     
 0.9916665E-01  0.1092768     
 0.1008333      0.6657367E-01 
 0.1025000      0.4427222E-01 
 0.1041667      0.1205185     
 0.1058333      0.1533801     
 0.1075000      0.1578004     
 0.1091667      0.1733062     
 0.1108333      0.1299240     
 0.1125000      0.1240617     
 0.1141667      0.4001420E-01 
 0.1158333      0.6371268E-01 
 0.1175000      0.1082734     
 0.1191667      0.1088364     
 0.1208333      0.1124331     
 0.1225000      0.9814429E-01 
 0.1241667      0.4543735E-01 
 0.1258333      0.3852742E-01 
 0.1275000      0.5800460E-01 
 0.1291667      0.1118685     
 0.1308333      0.1212830     
 0.1325000      0.6641844E-01 
 0.1341667      0.4743904E-01 
 0.1358333      0.2902427E-01 
 0.1375000      0.1031787     
 0.1391667      0.6331465E-01 
 0.1408333      0.1068454     
 0.1425000      0.6650309E-01 
 0.1441667      0.3255168E-01 
 0.1458333      0.3123118E-01 
 0.1475000      0.7338635E-01 
 0.1491667      0.5805878E-01 
 0.1508333      0.6525711E-01 
 0.1525000      0.2817240E-01 
 0.1541667      0.5603195E-01 
 0.1558333      0.8368957E-01 
 0.1575000      0.4503327E-01 
 0.1591667      0.2139043E-01 
 0.1608333      0.3239331E-01 
 0.1625000      0.4933809E-01 
 0.1641667      0.3575999E-01 
 0.1658333      0.3071236E-01 
