# SumMovie FRC for input stack : stack1.mrc
# Number of micrographs: 1
# Number of frames per movie: 50
# Pixel size (A): 3.0000
# 1/(A)          FRC
# -----------------------
# 
# Micrograph 1 of 1. Score: .538
 0.8333334E-03  0.9999990     
 0.2500000E-02  0.9744048     
 0.4166666E-02  0.9567510     
 0.5833333E-02  0.9213812     
 0.7499999E-02  0.9030414     
 0.9166666E-02  0.7491778     
 0.1083333E-01  0.7195216     
 0.1250000E-01  0.8503007     
 0.1416667E-01  0.9172533     
 0.1583333E-01  0.9194920     
 0.1750000E-01  0.8711898     
 0.1916667E-01  0.6690286     
 0.2083333E-01  0.7581175     
 0.2250000E-01  0.8663158     
 0.2416667E-01  0.9013638     
 0.2583333E-01  0.8697916     
 0.2750000E-01  0.7379727     
 0.2916667E-01  0.6349384     
 0.3083333E-01  0.7046329     
 0.3250000E-01  0.7325556     
 0.3416666E-01  0.6772972     
 0.3583334E-01  0.5397452     
 0.3750000E-01  0.4748861     
 0.3916667E-01  0.4455336     
 0.4083334E-01  0.4493607     
 0.4250000E-01  0.3865156     
 0.4416666E-01  0.2464678     
 0.4583333E-01  0.1533003     
 0.4750000E-01  0.1732679     
 0.4916666E-01  0.8923174E-01 
 0.5083333E-01  0.5738906E-01 
 0.5250000E-01  0.7561117E-01 
 0.5416667E-01  0.1060881     
 0.5583333E-01  0.1871256     
 0.5750000E-01  0.2403602     
 0.5916666E-01  0.3281113     
 0.6083334E-01  0.3328319     
 0.6250000E-01  0.3206397     
 0.6416667E-01  0.2842928     
 0.6583333E-01  0.2693570     
 0.6750000E-01  0.1582173     
 0.6916667E-01  0.1177198     
 0.7083333E-01  0.7993683E-01 
 0.7250000E-01  0.6378570E-01 
 0.7416667E-01  0.1006083     
 0.7583334E-01  0.1534045     
 0.7749999E-01  0.2490771     
 0.7916667E-01  0.2884223     
 0.8083334E-01  0.2829903     
 0.8250000E-01  0.2859442     
 0.8416667E-01  0.2192603     
 0.8583333E-01  0.1168537     
 0.8750000E-01  0.4877549E-01 
 0.8916666E-01  0.4032886E-01 
 0.9083333E-01  0.1261163     
 0.9250000E-01  0.1788568     
 0.9416667E-01  0.2330441     
 0.9583333E-01  0.2416517     
 0.9750000E-01  0.1965210     
 0.9916665E-01  0.1134074     
 0.1008333      0.6794497E-01 
 0.1025000      0.5220659E-01 
 0.1041667      0.1186030     
 0.1058333      0.1571310     
 0.1075000      0.1607636     
 0.1091667      0.1659686     
 0.1108333      0.1183110     
 0.1125000      0.1181919     
 0.1141667      0.3710699E-01 
 0.1158333      0.5359286E-01 
 0.1175000      0.1028813     
 0.1191667      0.1103722     
 0.1208333      0.1040234     
 0.1225000      0.1002387     
 0.1241667      0.3482645E-01 
 0.1258333      0.4145205E-01 
 0.1275000      0.6028131E-01 
 0.1291667      0.1173567     
 0.1308333      0.1178210     
 0.1325000      0.6072120E-01 
 0.1341667      0.4751699E-01 
 0.1358333      0.3604782E-01 
 0.1375000      0.8704754E-01 
 0.1391667      0.6531683E-01 
 0.1408333      0.9373461E-01 
 0.1425000      0.6037956E-01 
 0.1441667      0.3018104E-01 
 0.1458333      0.4178451E-01 
 0.1475000      0.7884143E-01 
 0.1491667      0.6364087E-01 
 0.1508333      0.5753656E-01 
 0.1525000      0.4008762E-01 
 0.1541667      0.5433382E-01 
 0.1558333      0.6825082E-01 
 0.1575000      0.2909879E-01 
 0.1591667      0.2123276E-01 
 0.1608333      0.4001984E-01 
 0.1625000      0.5297263E-01 
 0.1641667      0.4365221E-01 
 0.1658333      0.3439507E-01 
