# SumMovie FRC for input stack : stack16.mrc
# Number of micrographs: 1
# Number of frames per movie: 50
# Pixel size (A): 3.0000
# 1/(A)          FRC
# -----------------------
# 
# Micrograph 1 of 1. Score: .538
 0.8333334E-03  0.9999994     
 0.2500000E-02  0.9672212     
 0.4166666E-02  0.9454238     
 0.5833333E-02  0.9120659     
 0.7499999E-02  0.8964981     
 0.9166666E-02  0.8416130     
 0.1083333E-01  0.7768316     
 0.1250000E-01  0.8840645     
 0.1416667E-01  0.9355209     
 0.1583333E-01  0.9656286     
 0.1750000E-01  0.9458930     
 0.1916667E-01  0.7765085     
 0.2083333E-01  0.8028798     
 0.2250000E-01  0.9024695     
 0.2416667E-01  0.9435501     
 0.2583333E-01  0.9341197     
 0.2750000E-01  0.8305391     
 0.2916667E-01  0.7051457     
 0.3083333E-01  0.7543751     
 0.3250000E-01  0.7965903     
 0.3416666E-01  0.7329892     
 0.3583334E-01  0.6088862     
 0.3750000E-01  0.4389885     
 0.3916667E-01  0.3787948     
 0.4083334E-01  0.2911869     
 0.4250000E-01  0.1221682     
 0.4416666E-01  0.1173923     
 0.4583333E-01  0.8275694E-01 
 0.4750000E-01  0.1472459     
 0.4916666E-01  0.2678593     
 0.5083333E-01  0.3444294     
 0.5250000E-01  0.3888330     
 0.5416667E-01  0.3824471     
 0.5583333E-01  0.4239698     
 0.5750000E-01  0.3620121     
 0.5916666E-01  0.2759286     
 0.6083334E-01  0.1854908     
 0.6250000E-01  0.7789701E-01 
 0.6416667E-01  0.1018996     
 0.6583333E-01  0.1374853     
 0.6750000E-01  0.2071343     
 0.6916667E-01  0.3150854     
 0.7083333E-01  0.4055310     
 0.7250000E-01  0.3730455     
 0.7416667E-01  0.3075005     
 0.7583334E-01  0.1802879     
 0.7749999E-01  0.1179738     
 0.7916667E-01  0.9205995E-01 
 0.8083334E-01  0.2479139     
 0.8250000E-01  0.2748106     
 0.8416667E-01  0.3587989     
 0.8583333E-01  0.3009939     
 0.8750000E-01  0.1822354     
 0.8916666E-01  0.1194978     
 0.9083333E-01  0.7782521E-01 
 0.9250000E-01  0.1833496     
 0.9416667E-01  0.2609199     
 0.9583333E-01  0.2794296     
 0.9750000E-01  0.2059245     
 0.9916665E-01  0.9459792E-01 
 0.1008333      0.5564862E-01 
 0.1025000      0.1189425     
 0.1041667      0.1910290     
 0.1058333      0.2386729     
 0.1075000      0.1767763     
 0.1091667      0.1087693     
 0.1108333      0.5494138E-01 
 0.1125000      0.1368671     
 0.1141667      0.1962125     
 0.1158333      0.1874299     
 0.1175000      0.1103077     
 0.1191667      0.4643245E-01 
 0.1208333      0.8771311E-01 
 0.1225000      0.1543394     
 0.1241667      0.1732230     
 0.1258333      0.1068827     
 0.1275000      0.6498012E-01 
 0.1291667      0.8623859E-01 
 0.1308333      0.1198971     
 0.1325000      0.1342047     
 0.1341667      0.6227319E-01 
 0.1358333      0.4374324E-01 
 0.1375000      0.1119657     
 0.1391667      0.1338807     
 0.1408333      0.9240136E-01 
 0.1425000      0.7434719E-01 
 0.1441667      0.7249624E-01 
 0.1458333      0.1131295     
 0.1475000      0.9167560E-01 
 0.1491667      0.6209967E-01 
 0.1508333      0.7190721E-01 
 0.1525000      0.1002982     
 0.1541667      0.8454049E-01 
 0.1558333      0.7557034E-01 
 0.1575000      0.4197939E-01 
 0.1591667      0.8231715E-01 
 0.1608333      0.8440378E-01 
 0.1625000      0.4123598E-01 
 0.1641667      0.6370564E-01 
 0.1658333      0.1283230     
