# SumMovie FRC for input stack : stack1.mrc
# Number of micrographs: 1
# Number of frames per movie: 50
# Pixel size (A): 3.0000
# 1/(A)          FRC
# -----------------------
# 
# Micrograph 1 of 1. Score: .526
 0.8333334E-03  0.9999990     
 0.2500000E-02  0.9744841     
 0.4166666E-02  0.9568028     
 0.5833333E-02  0.9213841     
 0.7499999E-02  0.9030292     
 0.9166666E-02  0.7475803     
 0.1083333E-01  0.7163866     
 0.1250000E-01  0.8472124     
 0.1416667E-01  0.9152419     
 0.1583333E-01  0.9180246     
 0.1750000E-01  0.8679480     
 0.1916667E-01  0.6624520     
 0.2083333E-01  0.7503476     
 0.2250000E-01  0.8603089     
 0.2416667E-01  0.8961706     
 0.2583333E-01  0.8613489     
 0.2750000E-01  0.7235565     
 0.2916667E-01  0.6121671     
 0.3083333E-01  0.6904332     
 0.3250000E-01  0.7143446     
 0.3416666E-01  0.6602303     
 0.3583334E-01  0.5204378     
 0.3750000E-01  0.4525214     
 0.3916667E-01  0.4276792     
 0.4083334E-01  0.4317063     
 0.4250000E-01  0.3677639     
 0.4416666E-01  0.2250809     
 0.4583333E-01  0.1292427     
 0.4750000E-01  0.1829516     
 0.4916666E-01  0.8882860E-01 
 0.5083333E-01  0.7796144E-01 
 0.5250000E-01  0.7511780E-01 
 0.5416667E-01  0.1013531     
 0.5583333E-01  0.1785956     
 0.5750000E-01  0.2101607     
 0.5916666E-01  0.3005461     
 0.6083334E-01  0.3095539     
 0.6250000E-01  0.2779339     
 0.6416667E-01  0.2359905     
 0.6583333E-01  0.2341156     
 0.6750000E-01  0.1375106     
 0.6916667E-01  0.1106848     
 0.7083333E-01  0.8716621E-01 
 0.7250000E-01  0.5320783E-01 
 0.7416667E-01  0.7134060E-01 
 0.7583334E-01  0.1350377     
 0.7749999E-01  0.1999322     
 0.7916667E-01  0.2657014     
 0.8083334E-01  0.2499233     
 0.8250000E-01  0.2312528     
 0.8416667E-01  0.1581550     
 0.8583333E-01  0.9641638E-01 
 0.8750000E-01  0.6020181E-01 
 0.8916666E-01  0.3689794E-01 
 0.9083333E-01  0.9159166E-01 
 0.9250000E-01  0.1428919     
 0.9416667E-01  0.1999188     
 0.9583333E-01  0.2167054     
 0.9750000E-01  0.1578553     
 0.9916665E-01  0.1035120     
 0.1008333      0.6386784E-01 
 0.1025000      0.4397755E-01 
 0.1041667      0.6847147E-01 
 0.1058333      0.1401294     
 0.1075000      0.1613156     
 0.1091667      0.1432655     
 0.1108333      0.1075064     
 0.1125000      0.1258554     
 0.1141667      0.6298193E-01 
 0.1158333      0.4107382E-01 
 0.1175000      0.8683461E-01 
 0.1191667      0.1034220     
 0.1208333      0.9450336E-01 
 0.1225000      0.9727103E-01 
 0.1241667      0.6491733E-01 
 0.1258333      0.3674968E-01 
 0.1275000      0.4772034E-01 
 0.1291667      0.9614728E-01 
 0.1308333      0.8540016E-01 
 0.1325000      0.5772579E-01 
 0.1341667      0.4078771E-01 
 0.1358333      0.2752114E-01 
 0.1375000      0.4708710E-01 
 0.1391667      0.7487045E-01 
 0.1408333      0.8008087E-01 
 0.1425000      0.4295248E-01 
 0.1441667      0.2683127E-01 
 0.1458333      0.4174612E-01 
 0.1475000      0.6442689E-01 
 0.1491667      0.5361211E-01 
 0.1508333      0.7517241E-01 
 0.1525000      0.3321949E-01 
 0.1541667      0.3311793E-01 
 0.1558333      0.7048763E-01 
 0.1575000      0.4580206E-01 
 0.1591667      0.1160161E-01 
 0.1608333      0.3366205E-01 
 0.1625000      0.5278872E-01 
 0.1641667      0.4996478E-01 
 0.1658333      0.1470638E-01 
