# SumMovie FRC for input stack : stack16.mrc
# Number of micrographs: 1
# Number of frames per movie: 50
# Pixel size (A): 3.0000
# 1/(A)          FRC
# -----------------------
# 
# Micrograph 1 of 1. Score: .529
 0.8333334E-03  0.9999994     
 0.2500000E-02  0.9670335     
 0.4166666E-02  0.9459390     
 0.5833333E-02  0.9110684     
 0.7499999E-02  0.8943745     
 0.9166666E-02  0.8413618     
 0.1083333E-01  0.7719862     
 0.1250000E-01  0.8789625     
 0.1416667E-01  0.9334925     
 0.1583333E-01  0.9639887     
 0.1750000E-01  0.9439219     
 0.1916667E-01  0.7657750     
 0.2083333E-01  0.8008447     
 0.2250000E-01  0.8940312     
 0.2416667E-01  0.9352702     
 0.2583333E-01  0.9264339     
 0.2750000E-01  0.8166311     
 0.2916667E-01  0.6827258     
 0.3083333E-01  0.7340742     
 0.3250000E-01  0.7800198     
 0.3416666E-01  0.7014070     
 0.3583334E-01  0.5650959     
 0.3750000E-01  0.4277036     
 0.3916667E-01  0.3592566     
 0.4083334E-01  0.2968661     
 0.4250000E-01  0.1132106     
 0.4416666E-01  0.1226598     
 0.4583333E-01  0.1042794     
 0.4750000E-01  0.1358079     
 0.4916666E-01  0.2721049     
 0.5083333E-01  0.3349022     
 0.5250000E-01  0.3643201     
 0.5416667E-01  0.3618817     
 0.5583333E-01  0.4099993     
 0.5750000E-01  0.3501753     
 0.5916666E-01  0.2661438     
 0.6083334E-01  0.1805383     
 0.6250000E-01  0.9074763E-01 
 0.6416667E-01  0.1098721     
 0.6583333E-01  0.1432522     
 0.6750000E-01  0.1974531     
 0.6916667E-01  0.3053724     
 0.7083333E-01  0.3977855     
 0.7250000E-01  0.3374820     
 0.7416667E-01  0.2756792     
 0.7583334E-01  0.1670705     
 0.7749999E-01  0.1110892     
 0.7916667E-01  0.9355856E-01 
 0.8083334E-01  0.2482937     
 0.8250000E-01  0.2560075     
 0.8416667E-01  0.3332148     
 0.8583333E-01  0.2844947     
 0.8750000E-01  0.1853418     
 0.8916666E-01  0.1156352     
 0.9083333E-01  0.9432679E-01 
 0.9250000E-01  0.1812233     
 0.9416667E-01  0.2435350     
 0.9583333E-01  0.2634139     
 0.9750000E-01  0.2109912     
 0.9916665E-01  0.1208710     
 0.1008333      0.9609424E-01 
 0.1025000      0.1322607     
 0.1041667      0.1904111     
 0.1058333      0.2326725     
 0.1075000      0.1883896     
 0.1091667      0.1291398     
 0.1108333      0.6447265E-01 
 0.1125000      0.1514280     
 0.1141667      0.1803546     
 0.1158333      0.1724025     
 0.1175000      0.1277373     
 0.1191667      0.9083679E-01 
 0.1208333      0.1096142     
 0.1225000      0.1477367     
 0.1241667      0.1660627     
 0.1258333      0.1269189     
 0.1275000      0.8452209E-01 
 0.1291667      0.9762774E-01 
 0.1308333      0.1392651     
 0.1325000      0.1338950     
 0.1341667      0.1034281     
 0.1358333      0.5504352E-01 
 0.1375000      0.1113197     
 0.1391667      0.1316503     
 0.1408333      0.1257389     
 0.1425000      0.8131319E-01 
 0.1441667      0.1081670     
 0.1458333      0.1174024     
 0.1475000      0.1112051     
 0.1491667      0.1081145     
 0.1508333      0.9745764E-01 
 0.1525000      0.1120250     
 0.1541667      0.1038574     
 0.1558333      0.8267494E-01 
 0.1575000      0.8262949E-01 
 0.1591667      0.1066661     
 0.1608333      0.1054976     
 0.1625000      0.6646397E-01 
 0.1641667      0.8390024E-01 
 0.1658333      0.1376188     
