# SumMovie FRC for input stack : stack16.mrc
# Number of micrographs: 1
# Number of frames per movie: 50
# Pixel size (A): 3.0000
# 1/(A)          FRC
# -----------------------
# 
# Micrograph 1 of 1. Score: .538
 0.8333334E-03  0.9999994     
 0.2500000E-02  0.9672059     
 0.4166666E-02  0.9454608     
 0.5833333E-02  0.9120423     
 0.7499999E-02  0.8964206     
 0.9166666E-02  0.8416697     
 0.1083333E-01  0.7766039     
 0.1250000E-01  0.8837967     
 0.1416667E-01  0.9354517     
 0.1583333E-01  0.9656578     
 0.1750000E-01  0.9459405     
 0.1916667E-01  0.7763831     
 0.2083333E-01  0.8033391     
 0.2250000E-01  0.9024841     
 0.2416667E-01  0.9432827     
 0.2583333E-01  0.9341006     
 0.2750000E-01  0.8306647     
 0.2916667E-01  0.7049407     
 0.3083333E-01  0.7537517     
 0.3250000E-01  0.7967186     
 0.3416666E-01  0.7328019     
 0.3583334E-01  0.6082978     
 0.3750000E-01  0.4396938     
 0.3916667E-01  0.3792882     
 0.4083334E-01  0.2912148     
 0.4250000E-01  0.1229356     
 0.4416666E-01  0.1201870     
 0.4583333E-01  0.8419316E-01 
 0.4750000E-01  0.1484349     
 0.4916666E-01  0.2682573     
 0.5083333E-01  0.3436676     
 0.5250000E-01  0.3889552     
 0.5416667E-01  0.3816956     
 0.5583333E-01  0.4244078     
 0.5750000E-01  0.3623777     
 0.5916666E-01  0.2779306     
 0.6083334E-01  0.1866371     
 0.6250000E-01  0.8020986E-01 
 0.6416667E-01  0.1032835     
 0.6583333E-01  0.1373473     
 0.6750000E-01  0.2072320     
 0.6916667E-01  0.3156221     
 0.7083333E-01  0.4073986     
 0.7250000E-01  0.3713441     
 0.7416667E-01  0.3045866     
 0.7583334E-01  0.1823246     
 0.7749999E-01  0.1174436     
 0.7916667E-01  0.9462462E-01 
 0.8083334E-01  0.2496984     
 0.8250000E-01  0.2755525     
 0.8416667E-01  0.3608640     
 0.8583333E-01  0.3018309     
 0.8750000E-01  0.1839983     
 0.8916666E-01  0.1191894     
 0.9083333E-01  0.7661087E-01 
 0.9250000E-01  0.1871054     
 0.9416667E-01  0.2613349     
 0.9583333E-01  0.2776672     
 0.9750000E-01  0.2083450     
 0.9916665E-01  0.9577852E-01 
 0.1008333      0.5815933E-01 
 0.1025000      0.1213699     
 0.1041667      0.1905179     
 0.1058333      0.2399419     
 0.1075000      0.1794081     
 0.1091667      0.1091328     
 0.1108333      0.5394347E-01 
 0.1125000      0.1369923     
 0.1141667      0.1985735     
 0.1158333      0.1880467     
 0.1175000      0.1125260     
 0.1191667      0.4619807E-01 
 0.1208333      0.8763970E-01 
 0.1225000      0.1576768     
 0.1241667      0.1722425     
 0.1258333      0.1081726     
 0.1275000      0.6394653E-01 
 0.1291667      0.8948163E-01 
 0.1308333      0.1192078     
 0.1325000      0.1348340     
 0.1341667      0.6711694E-01 
 0.1358333      0.4784991E-01 
 0.1375000      0.1098418     
 0.1391667      0.1365322     
 0.1408333      0.9128119E-01 
 0.1425000      0.7351670E-01 
 0.1441667      0.7217238E-01 
 0.1458333      0.1111421     
 0.1475000      0.9186345E-01 
 0.1491667      0.5702858E-01 
 0.1508333      0.6679445E-01 
 0.1525000      0.9768099E-01 
 0.1541667      0.8347502E-01 
 0.1558333      0.7256892E-01 
 0.1575000      0.4358365E-01 
 0.1591667      0.8228347E-01 
 0.1608333      0.8617474E-01 
 0.1625000      0.4521707E-01 
 0.1641667      0.6154996E-01 
 0.1658333      0.1294641     
