# SumMovie FRC for input stack : stack16.mrc
# Number of micrographs: 1
# Number of frames per movie: 50
# Pixel size (A): 3.0000
# 1/(A)          FRC
# -----------------------
# 
# Micrograph 1 of 1. Score: .530
 0.8333334E-03  0.9999994     
 0.2500000E-02  0.9670355     
 0.4166666E-02  0.9459223     
 0.5833333E-02  0.9110912     
 0.7499999E-02  0.8944065     
 0.9166666E-02  0.8414024     
 0.1083333E-01  0.7721064     
 0.1250000E-01  0.8789630     
 0.1416667E-01  0.9335132     
 0.1583333E-01  0.9640298     
 0.1750000E-01  0.9439575     
 0.1916667E-01  0.7659622     
 0.2083333E-01  0.8010654     
 0.2250000E-01  0.8941890     
 0.2416667E-01  0.9353907     
 0.2583333E-01  0.9265583     
 0.2750000E-01  0.8169032     
 0.2916667E-01  0.6833782     
 0.3083333E-01  0.7341412     
 0.3250000E-01  0.7804582     
 0.3416666E-01  0.7018825     
 0.3583334E-01  0.5657783     
 0.3750000E-01  0.4276309     
 0.3916667E-01  0.3597454     
 0.4083334E-01  0.2967907     
 0.4250000E-01  0.1131918     
 0.4416666E-01  0.1227795     
 0.4583333E-01  0.1042405     
 0.4750000E-01  0.1357237     
 0.4916666E-01  0.2721808     
 0.5083333E-01  0.3353091     
 0.5250000E-01  0.3645865     
 0.5416667E-01  0.3626508     
 0.5583333E-01  0.4106223     
 0.5750000E-01  0.3505014     
 0.5916666E-01  0.2661108     
 0.6083334E-01  0.1800127     
 0.6250000E-01  0.9061530E-01 
 0.6416667E-01  0.1100763     
 0.6583333E-01  0.1436306     
 0.6750000E-01  0.1984710     
 0.6916667E-01  0.3052914     
 0.7083333E-01  0.3978051     
 0.7250000E-01  0.3382481     
 0.7416667E-01  0.2763730     
 0.7583334E-01  0.1681275     
 0.7749999E-01  0.1103926     
 0.7916667E-01  0.9320080E-01 
 0.8083334E-01  0.2484866     
 0.8250000E-01  0.2566089     
 0.8416667E-01  0.3342802     
 0.8583333E-01  0.2846670     
 0.8750000E-01  0.1861101     
 0.8916666E-01  0.1151601     
 0.9083333E-01  0.9473436E-01 
 0.9250000E-01  0.1816903     
 0.9416667E-01  0.2450976     
 0.9583333E-01  0.2641031     
 0.9750000E-01  0.2118455     
 0.9916665E-01  0.1200560     
 0.1008333      0.9621264E-01 
 0.1025000      0.1321203     
 0.1041667      0.1904163     
 0.1058333      0.2342434     
 0.1075000      0.1896840     
 0.1091667      0.1294294     
 0.1108333      0.6425681E-01 
 0.1125000      0.1515614     
 0.1141667      0.1809051     
 0.1158333      0.1733237     
 0.1175000      0.1270990     
 0.1191667      0.9081533E-01 
 0.1208333      0.1084538     
 0.1225000      0.1483510     
 0.1241667      0.1669207     
 0.1258333      0.1250228     
 0.1275000      0.8474077E-01 
 0.1291667      0.9759063E-01 
 0.1308333      0.1390593     
 0.1325000      0.1344212     
 0.1341667      0.1034175     
 0.1358333      0.5582714E-01 
 0.1375000      0.1097900     
 0.1391667      0.1325723     
 0.1408333      0.1270116     
 0.1425000      0.8163995E-01 
 0.1441667      0.1082551     
 0.1458333      0.1173383     
 0.1475000      0.1108565     
 0.1491667      0.1063307     
 0.1508333      0.9799594E-01 
 0.1525000      0.1111154     
 0.1541667      0.1037586     
 0.1558333      0.8243731E-01 
 0.1575000      0.8235579E-01 
 0.1591667      0.1063125     
 0.1608333      0.1072648     
 0.1625000      0.6737143E-01 
 0.1641667      0.8322700E-01 
 0.1658333      0.1379300     
