# SumMovie FRC for input stack : stack11.mrc
# Number of micrographs: 1
# Number of frames per movie: 50
# Pixel size (A): 3.0000
# 1/(A)          FRC
# -----------------------
# 
# Micrograph 1 of 1. Score: .577
 0.8333334E-03  0.9999998     
 0.2500000E-02  0.8506534     
 0.4166666E-02  0.8709671     
 0.5833333E-02  0.8516009     
 0.7499999E-02  0.8580140     
 0.9166666E-02  0.7377871     
 0.1083333E-01  0.6256256     
 0.1250000E-01  0.8540944     
 0.1416667E-01  0.9155646     
 0.1583333E-01  0.9441769     
 0.1750000E-01  0.9083732     
 0.1916667E-01  0.6541024     
 0.2083333E-01  0.7417564     
 0.2250000E-01  0.8761163     
 0.2416667E-01  0.9250212     
 0.2583333E-01  0.8932060     
 0.2750000E-01  0.7468516     
 0.2916667E-01  0.6527486     
 0.3083333E-01  0.7211795     
 0.3250000E-01  0.7785152     
 0.3416666E-01  0.7326589     
 0.3583334E-01  0.5954226     
 0.3750000E-01  0.5334340     
 0.3916667E-01  0.5113863     
 0.4083334E-01  0.5213748     
 0.4250000E-01  0.4074883     
 0.4416666E-01  0.3418907     
 0.4583333E-01  0.3002094     
 0.4750000E-01  0.2173272     
 0.4916666E-01  0.1022543     
 0.5083333E-01  0.7544077E-01 
 0.5250000E-01  0.1383776     
 0.5416667E-01  0.1442167     
 0.5583333E-01  0.2168010     
 0.5750000E-01  0.2993516     
 0.5916666E-01  0.3853904     
 0.6083334E-01  0.3618520     
 0.6250000E-01  0.4232111     
 0.6416667E-01  0.4063726     
 0.6583333E-01  0.3272534     
 0.6750000E-01  0.3023071     
 0.6916667E-01  0.1796258     
 0.7083333E-01  0.1053374     
 0.7250000E-01  0.6123939E-01 
 0.7416667E-01  0.1080467     
 0.7583334E-01  0.2006099     
 0.7749999E-01  0.2842849     
 0.7916667E-01  0.3238873     
 0.8083334E-01  0.3797538     
 0.8250000E-01  0.3379864     
 0.8416667E-01  0.3179682     
 0.8583333E-01  0.2061078     
 0.8750000E-01  0.9992662E-01 
 0.8916666E-01  0.6519102E-01 
 0.9083333E-01  0.1328904     
 0.9250000E-01  0.2398640     
 0.9416667E-01  0.2888559     
 0.9583333E-01  0.2956910     
 0.9750000E-01  0.2673806     
 0.9916665E-01  0.2125844     
 0.1008333      0.1039823     
 0.1025000      0.3533188E-01 
 0.1041667      0.1087290     
 0.1058333      0.1838994     
 0.1075000      0.2348808     
 0.1091667      0.2323562     
 0.1108333      0.1957349     
 0.1125000      0.1267884     
 0.1141667      0.5693591E-01 
 0.1158333      0.7889570E-01 
 0.1175000      0.1355450     
 0.1191667      0.1676750     
 0.1208333      0.1601902     
 0.1225000      0.1289023     
 0.1241667      0.7270107E-01 
 0.1258333      0.5893214E-01 
 0.1275000      0.8814003E-01 
 0.1291667      0.1384949     
 0.1308333      0.1641683     
 0.1325000      0.1584443     
 0.1341667      0.8355268E-01 
 0.1358333      0.4521307E-01 
 0.1375000      0.8571495E-01 
 0.1391667      0.9613361E-01 
 0.1408333      0.1238326     
 0.1425000      0.9761719E-01 
 0.1441667      0.6468899E-01 
 0.1458333      0.3918841E-01 
 0.1475000      0.5718219E-01 
 0.1491667      0.1085195     
 0.1508333      0.9668287E-01 
 0.1525000      0.7682751E-01 
 0.1541667      0.6068031E-01 
 0.1558333      0.5907801E-01 
 0.1575000      0.1106812     
 0.1591667      0.6707913E-01 
 0.1608333      0.5790397E-01 
 0.1625000      0.5718222E-01 
 0.1641667      0.6479103E-01 
 0.1658333      0.8728623E-01 
