# SumMovie FRC for input stack : stack16.mrc
# Number of micrographs: 1
# Number of frames per movie: 50
# Pixel size (A): 3.0000
# 1/(A)          FRC
# -----------------------
# 
# Micrograph 1 of 1. Score: .527
 0.8333334E-03  0.9999994     
 0.2500000E-02  0.9669697     
 0.4166666E-02  0.9458960     
 0.5833333E-02  0.9108756     
 0.7499999E-02  0.8942654     
 0.9166666E-02  0.8410039     
 0.1083333E-01  0.7712445     
 0.1250000E-01  0.8782248     
 0.1416667E-01  0.9331951     
 0.1583333E-01  0.9635436     
 0.1750000E-01  0.9433106     
 0.1916667E-01  0.7639055     
 0.2083333E-01  0.7993026     
 0.2250000E-01  0.8918296     
 0.2416667E-01  0.9336345     
 0.2583333E-01  0.9244029     
 0.2750000E-01  0.8123811     
 0.2916667E-01  0.6777541     
 0.3083333E-01  0.7299930     
 0.3250000E-01  0.7752184     
 0.3416666E-01  0.6958724     
 0.3583334E-01  0.5539552     
 0.3750000E-01  0.4242786     
 0.3916667E-01  0.3586301     
 0.4083334E-01  0.2940350     
 0.4250000E-01  0.1148644     
 0.4416666E-01  0.1227422     
 0.4583333E-01  0.1071842     
 0.4750000E-01  0.1370776     
 0.4916666E-01  0.2694057     
 0.5083333E-01  0.3282291     
 0.5250000E-01  0.3555771     
 0.5416667E-01  0.3557581     
 0.5583333E-01  0.4029563     
 0.5750000E-01  0.3412126     
 0.5916666E-01  0.2614239     
 0.6083334E-01  0.1717612     
 0.6250000E-01  0.9121130E-01 
 0.6416667E-01  0.1148972     
 0.6583333E-01  0.1408892     
 0.6750000E-01  0.1873574     
 0.6916667E-01  0.2962892     
 0.7083333E-01  0.3851964     
 0.7250000E-01  0.3306228     
 0.7416667E-01  0.2668124     
 0.7583334E-01  0.1626347     
 0.7749999E-01  0.1126418     
 0.7916667E-01  0.9214319E-01 
 0.8083334E-01  0.2436563     
 0.8250000E-01  0.2439352     
 0.8416667E-01  0.3226400     
 0.8583333E-01  0.2754261     
 0.8750000E-01  0.1832790     
 0.8916666E-01  0.1172591     
 0.9083333E-01  0.9919546E-01 
 0.9250000E-01  0.1841188     
 0.9416667E-01  0.2389361     
 0.9583333E-01  0.2514849     
 0.9750000E-01  0.2038108     
 0.9916665E-01  0.1284610     
 0.1008333      0.1088497     
 0.1025000      0.1339146     
 0.1041667      0.1890017     
 0.1058333      0.2256307     
 0.1075000      0.1861691     
 0.1091667      0.1296376     
 0.1108333      0.6905431E-01 
 0.1125000      0.1538521     
 0.1141667      0.1834626     
 0.1158333      0.1729192     
 0.1175000      0.1364507     
 0.1191667      0.8931135E-01 
 0.1208333      0.1164607     
 0.1225000      0.1503578     
 0.1241667      0.1728374     
 0.1258333      0.1288997     
 0.1275000      0.9174444E-01 
 0.1291667      0.1135596     
 0.1308333      0.1389103     
 0.1325000      0.1363110     
 0.1341667      0.1112745     
 0.1358333      0.7103885E-01 
 0.1375000      0.1269372     
 0.1391667      0.1363165     
 0.1408333      0.1397933     
 0.1425000      0.9721790E-01 
 0.1441667      0.1192751     
 0.1458333      0.1200807     
 0.1475000      0.1162562     
 0.1491667      0.1219652     
 0.1508333      0.9807809E-01 
 0.1525000      0.1282814     
 0.1541667      0.1155955     
 0.1558333      0.9696037E-01 
 0.1575000      0.9470924E-01 
 0.1591667      0.1088241     
 0.1608333      0.1191544     
 0.1625000      0.7221581E-01 
 0.1641667      0.9591118E-01 
 0.1658333      0.1369901     
