# SumMovie FRC for input stack : stack6.mrc
# Number of micrographs: 1
# Number of frames per movie: 50
# Pixel size (A): 3.0000
# 1/(A)          FRC
# -----------------------
# 
# Micrograph 1 of 1. Score: .562
 0.8333334E-03  0.9999998     
 0.2500000E-02  0.9512910     
 0.4166666E-02  0.9316358     
 0.5833333E-02  0.8460213     
 0.7499999E-02  0.8641840     
 0.9166666E-02  0.6704035     
 0.1083333E-01  0.6516139     
 0.1250000E-01  0.8448249     
 0.1416667E-01  0.8805276     
 0.1583333E-01  0.9291691     
 0.1750000E-01  0.8884766     
 0.1916667E-01  0.5975664     
 0.2083333E-01  0.6545451     
 0.2250000E-01  0.8210569     
 0.2416667E-01  0.8858322     
 0.2583333E-01  0.8357551     
 0.2750000E-01  0.7109794     
 0.2916667E-01  0.6011550     
 0.3083333E-01  0.6590047     
 0.3250000E-01  0.7016259     
 0.3416666E-01  0.6709580     
 0.3583334E-01  0.5597841     
 0.3750000E-01  0.5026105     
 0.3916667E-01  0.4848957     
 0.4083334E-01  0.5100858     
 0.4250000E-01  0.4206769     
 0.4416666E-01  0.3585919     
 0.4583333E-01  0.3169788     
 0.4750000E-01  0.2751161     
 0.4916666E-01  0.2007661     
 0.5083333E-01  0.1185099     
 0.5250000E-01  0.1491485     
 0.5416667E-01  0.9399202E-01 
 0.5583333E-01  0.1389347     
 0.5750000E-01  0.1287744     
 0.5916666E-01  0.1957526     
 0.6083334E-01  0.2513196     
 0.6250000E-01  0.2801072     
 0.6416667E-01  0.3083558     
 0.6583333E-01  0.3076400     
 0.6750000E-01  0.3177938     
 0.6916667E-01  0.3072728     
 0.7083333E-01  0.2502821     
 0.7250000E-01  0.2071073     
 0.7416667E-01  0.1472562     
 0.7583334E-01  0.1027028     
 0.7749999E-01  0.8528234E-01 
 0.7916667E-01  0.1087090     
 0.8083334E-01  0.1689669     
 0.8250000E-01  0.2047808     
 0.8416667E-01  0.2497527     
 0.8583333E-01  0.2752587     
 0.8750000E-01  0.2495759     
 0.8916666E-01  0.2591875     
 0.9083333E-01  0.1288520     
 0.9250000E-01  0.1369652     
 0.9416667E-01  0.9160337E-01 
 0.9583333E-01  0.1368991     
 0.9750000E-01  0.1409426     
 0.9916665E-01  0.1722616     
 0.1008333      0.1864023     
 0.1025000      0.2029702     
 0.1041667      0.1999862     
 0.1058333      0.1365744     
 0.1075000      0.1186862     
 0.1091667      0.7662514E-01 
 0.1108333      0.9152557E-01 
 0.1125000      0.1457170     
 0.1141667      0.1622650     
 0.1158333      0.2014209     
 0.1175000      0.1712715     
 0.1191667      0.1494210     
 0.1208333      0.1231342     
 0.1225000      0.8954268E-01 
 0.1241667      0.1152730     
 0.1258333      0.1134684     
 0.1275000      0.1682815     
 0.1291667      0.1514588     
 0.1308333      0.1614715     
 0.1325000      0.8614904E-01 
 0.1341667      0.8134927E-01 
 0.1358333      0.1215471     
 0.1375000      0.1125170     
 0.1391667      0.1123003     
 0.1408333      0.1395544     
 0.1425000      0.1112801     
 0.1441667      0.1027703     
 0.1458333      0.1002367     
 0.1475000      0.1242909     
 0.1491667      0.1397725     
 0.1508333      0.1475015     
 0.1525000      0.1289946     
 0.1541667      0.8726738E-01 
 0.1558333      0.1202282     
 0.1575000      0.1090953     
 0.1591667      0.1294592     
 0.1608333      0.1432934     
 0.1625000      0.1112720     
 0.1641667      0.1005371     
 0.1658333      0.8898755E-01 
