# SumMovie FRC for input stack : stack6.mrc
# Number of micrographs: 1
# Number of frames per movie: 50
# Pixel size (A): 3.0000
# 1/(A)          FRC
# -----------------------
# 
# Micrograph 1 of 1. Score: .589
 0.8333334E-03  0.9999999     
 0.2500000E-02  0.9513787     
 0.4166666E-02  0.9317923     
 0.5833333E-02  0.8468646     
 0.7499999E-02  0.8657618     
 0.9166666E-02  0.6761456     
 0.1083333E-01  0.6576072     
 0.1250000E-01  0.8481358     
 0.1416667E-01  0.8866770     
 0.1583333E-01  0.9339730     
 0.1750000E-01  0.8933553     
 0.1916667E-01  0.6011102     
 0.2083333E-01  0.6692232     
 0.2250000E-01  0.8378795     
 0.2416667E-01  0.8993286     
 0.2583333E-01  0.8538646     
 0.2750000E-01  0.7303444     
 0.2916667E-01  0.6267414     
 0.3083333E-01  0.6918265     
 0.3250000E-01  0.7284355     
 0.3416666E-01  0.6979218     
 0.3583334E-01  0.5946544     
 0.3750000E-01  0.5408401     
 0.3916667E-01  0.5269822     
 0.4083334E-01  0.5688992     
 0.4250000E-01  0.4556687     
 0.4416666E-01  0.3868478     
 0.4583333E-01  0.3637376     
 0.4750000E-01  0.2978753     
 0.4916666E-01  0.2212625     
 0.5083333E-01  0.1273130     
 0.5250000E-01  0.1214983     
 0.5416667E-01  0.6843323E-01 
 0.5583333E-01  0.1043579     
 0.5750000E-01  0.1255643     
 0.5916666E-01  0.2053507     
 0.6083334E-01  0.2729788     
 0.6250000E-01  0.2952732     
 0.6416667E-01  0.3469596     
 0.6583333E-01  0.3598465     
 0.6750000E-01  0.3451477     
 0.6916667E-01  0.3336030     
 0.7083333E-01  0.2847416     
 0.7250000E-01  0.2256490     
 0.7416667E-01  0.1359141     
 0.7583334E-01  0.9021952E-01 
 0.7749999E-01  0.7786868E-01 
 0.7916667E-01  0.7589856E-01 
 0.8083334E-01  0.1863533     
 0.8250000E-01  0.2229934     
 0.8416667E-01  0.2787106     
 0.8583333E-01  0.2979467     
 0.8750000E-01  0.2825041     
 0.8916666E-01  0.2442141     
 0.9083333E-01  0.1642262     
 0.9250000E-01  0.9623918E-01 
 0.9416667E-01  0.5363813E-01 
 0.9583333E-01  0.8987787E-01 
 0.9750000E-01  0.8840748E-01 
 0.9916665E-01  0.1484465     
 0.1008333      0.2093911     
 0.1025000      0.2370027     
 0.1041667      0.1750055     
 0.1058333      0.1450544     
 0.1075000      0.8074874E-01 
 0.1091667      0.6775208E-01 
 0.1108333      0.6251695E-01 
 0.1125000      0.8861492E-01 
 0.1141667      0.1548651     
 0.1158333      0.1846851     
 0.1175000      0.1667454     
 0.1191667      0.1443748     
 0.1208333      0.5594534E-01 
 0.1225000      0.4660618E-01 
 0.1241667      0.3303581E-01 
 0.1258333      0.1062884     
 0.1275000      0.1360862     
 0.1291667      0.1277322     
 0.1308333      0.1123636     
 0.1325000      0.6486288E-01 
 0.1341667      0.5241836E-01 
 0.1358333      0.7826784E-01 
 0.1375000      0.7090764E-01 
 0.1391667      0.9536384E-01 
 0.1408333      0.9499754E-01 
 0.1425000      0.7712206E-01 
 0.1441667      0.6810093E-01 
 0.1458333      0.4282322E-01 
 0.1475000      0.6119095E-01 
 0.1491667      0.7301317E-01 
 0.1508333      0.9385083E-01 
 0.1525000      0.6151542E-01 
 0.1541667      0.4729401E-01 
 0.1558333      0.5974226E-01 
 0.1575000      0.7200588E-01 
 0.1591667      0.9105439E-01 
 0.1608333      0.7400024E-01 
 0.1625000      0.7871664E-01 
 0.1641667      0.6487500E-01 
 0.1658333      0.3421794E-01 
