# SumMovie FRC for input stack : stack6.mrc
# Number of micrographs: 1
# Number of frames per movie: 50
# Pixel size (A): 3.0000
# 1/(A)          FRC
# -----------------------
# 
# Micrograph 1 of 1. Score: .586
 0.8333334E-03  0.9999999     
 0.2500000E-02  0.9513853     
 0.4166666E-02  0.9317352     
 0.5833333E-02  0.8465188     
 0.7499999E-02  0.8656929     
 0.9166666E-02  0.6749633     
 0.1083333E-01  0.6569610     
 0.1250000E-01  0.8472288     
 0.1416667E-01  0.8854721     
 0.1583333E-01  0.9330277     
 0.1750000E-01  0.8928520     
 0.1916667E-01  0.6013128     
 0.2083333E-01  0.6656787     
 0.2250000E-01  0.8344176     
 0.2416667E-01  0.8967364     
 0.2583333E-01  0.8506616     
 0.2750000E-01  0.7272248     
 0.2916667E-01  0.6243973     
 0.3083333E-01  0.6870546     
 0.3250000E-01  0.7265729     
 0.3416666E-01  0.6943079     
 0.3583334E-01  0.5897938     
 0.3750000E-01  0.5382072     
 0.3916667E-01  0.5213938     
 0.4083334E-01  0.5613993     
 0.4250000E-01  0.4507530     
 0.4416666E-01  0.3810222     
 0.4583333E-01  0.3560433     
 0.4750000E-01  0.2966039     
 0.4916666E-01  0.2194710     
 0.5083333E-01  0.1207782     
 0.5250000E-01  0.1290880     
 0.5416667E-01  0.7593853E-01 
 0.5583333E-01  0.1125414     
 0.5750000E-01  0.1282254     
 0.5916666E-01  0.2109195     
 0.6083334E-01  0.2761590     
 0.6250000E-01  0.2948963     
 0.6416667E-01  0.3493547     
 0.6583333E-01  0.3511581     
 0.6750000E-01  0.3451275     
 0.6916667E-01  0.3256351     
 0.7083333E-01  0.2832776     
 0.7250000E-01  0.2225516     
 0.7416667E-01  0.1353474     
 0.7583334E-01  0.9734610E-01 
 0.7749999E-01  0.8297838E-01 
 0.7916667E-01  0.8150623E-01 
 0.8083334E-01  0.1810783     
 0.8250000E-01  0.2222745     
 0.8416667E-01  0.2749737     
 0.8583333E-01  0.2919620     
 0.8750000E-01  0.2776805     
 0.8916666E-01  0.2445956     
 0.9083333E-01  0.1522893     
 0.9250000E-01  0.1073643     
 0.9416667E-01  0.5798244E-01 
 0.9583333E-01  0.1036075     
 0.9750000E-01  0.9968180E-01 
 0.9916665E-01  0.1537651     
 0.1008333      0.2041036     
 0.1025000      0.2365055     
 0.1041667      0.1762887     
 0.1058333      0.1482449     
 0.1075000      0.8958320E-01 
 0.1091667      0.5569148E-01 
 0.1108333      0.6780217E-01 
 0.1125000      0.9867368E-01 
 0.1141667      0.1639496     
 0.1158333      0.1866648     
 0.1175000      0.1549073     
 0.1191667      0.1373112     
 0.1208333      0.6461844E-01 
 0.1225000      0.5029346E-01 
 0.1241667      0.3759333E-01 
 0.1258333      0.9538683E-01 
 0.1275000      0.1351443     
 0.1291667      0.1307510     
 0.1308333      0.1184790     
 0.1325000      0.5898832E-01 
 0.1341667      0.5337618E-01 
 0.1358333      0.8343675E-01 
 0.1375000      0.6716413E-01 
 0.1391667      0.8843157E-01 
 0.1408333      0.1014690     
 0.1425000      0.8940239E-01 
 0.1441667      0.7079988E-01 
 0.1458333      0.4760982E-01 
 0.1475000      0.7025721E-01 
 0.1491667      0.8118487E-01 
 0.1508333      0.1021788     
 0.1525000      0.6781340E-01 
 0.1541667      0.4547815E-01 
 0.1558333      0.6599588E-01 
 0.1575000      0.7175246E-01 
 0.1591667      0.9287236E-01 
 0.1608333      0.7843059E-01 
 0.1625000      0.7331222E-01 
 0.1641667      0.7264107E-01 
 0.1658333      0.3530009E-01 
