# SumMovie FRC for input stack : stack11.mrc
# Number of micrographs: 1
# Number of frames per movie: 50
# Pixel size (A): 3.0000
# 1/(A)          FRC
# -----------------------
# 
# Micrograph 1 of 1. Score: .571
 0.8333334E-03  0.9999998     
 0.2500000E-02  0.8501381     
 0.4166666E-02  0.8702512     
 0.5833333E-02  0.8519604     
 0.7499999E-02  0.8573562     
 0.9166666E-02  0.7366900     
 0.1083333E-01  0.6258005     
 0.1250000E-01  0.8520030     
 0.1416667E-01  0.9139616     
 0.1583333E-01  0.9437787     
 0.1750000E-01  0.9069309     
 0.1916667E-01  0.6584788     
 0.2083333E-01  0.7387779     
 0.2250000E-01  0.8748464     
 0.2416667E-01  0.9213647     
 0.2583333E-01  0.8920139     
 0.2750000E-01  0.7410936     
 0.2916667E-01  0.6397179     
 0.3083333E-01  0.7091441     
 0.3250000E-01  0.7700807     
 0.3416666E-01  0.7182686     
 0.3583334E-01  0.5879737     
 0.3750000E-01  0.5209799     
 0.3916667E-01  0.4967594     
 0.4083334E-01  0.5149643     
 0.4250000E-01  0.3998146     
 0.4416666E-01  0.3353743     
 0.4583333E-01  0.2876229     
 0.4750000E-01  0.2201297     
 0.4916666E-01  0.1080932     
 0.5083333E-01  0.7621567E-01 
 0.5250000E-01  0.1370372     
 0.5416667E-01  0.1378729     
 0.5583333E-01  0.2217583     
 0.5750000E-01  0.2951573     
 0.5916666E-01  0.3566398     
 0.6083334E-01  0.3531746     
 0.6250000E-01  0.3971256     
 0.6416667E-01  0.3867311     
 0.6583333E-01  0.3057367     
 0.6750000E-01  0.2961454     
 0.6916667E-01  0.1887931     
 0.7083333E-01  0.1111262     
 0.7250000E-01  0.8608889E-01 
 0.7416667E-01  0.1094121     
 0.7583334E-01  0.1956623     
 0.7749999E-01  0.2633786     
 0.7916667E-01  0.3088899     
 0.8083334E-01  0.3480298     
 0.8250000E-01  0.3160582     
 0.8416667E-01  0.2909319     
 0.8583333E-01  0.2034533     
 0.8750000E-01  0.9435907E-01 
 0.8916666E-01  0.7771635E-01 
 0.9083333E-01  0.1295755     
 0.9250000E-01  0.2196746     
 0.9416667E-01  0.2823767     
 0.9583333E-01  0.3023652     
 0.9750000E-01  0.2530548     
 0.9916665E-01  0.2331317     
 0.1008333      0.1129072     
 0.1025000      0.8260992E-01 
 0.1041667      0.1397801     
 0.1058333      0.2171313     
 0.1075000      0.2163210     
 0.1091667      0.2481491     
 0.1108333      0.2083678     
 0.1125000      0.1528700     
 0.1141667      0.9982561E-01 
 0.1158333      0.9352928E-01 
 0.1175000      0.1646742     
 0.1191667      0.1928845     
 0.1208333      0.1643750     
 0.1225000      0.1460314     
 0.1241667      0.9181676E-01 
 0.1258333      0.1018604     
 0.1275000      0.1117196     
 0.1291667      0.1651127     
 0.1308333      0.1629247     
 0.1325000      0.1845201     
 0.1341667      0.1100039     
 0.1358333      0.6962323E-01 
 0.1375000      0.1308458     
 0.1391667      0.1155131     
 0.1408333      0.1526705     
 0.1425000      0.1157227     
 0.1441667      0.1136573     
 0.1458333      0.1014259     
 0.1475000      0.9853081E-01 
 0.1491667      0.1195897     
 0.1508333      0.1479394     
 0.1525000      0.1081557     
 0.1541667      0.9683681E-01 
 0.1558333      0.1111442     
 0.1575000      0.1445262     
 0.1591667      0.1057777     
 0.1608333      0.1164889     
 0.1625000      0.9511936E-01 
 0.1641667      0.1241922     
 0.1658333      0.1408689     
