# SumMovie FRC for input stack : stack11.mrc
# Number of micrographs: 1
# Number of frames per movie: 50
# Pixel size (A): 3.0000
# 1/(A)          FRC
# -----------------------
# 
# Micrograph 1 of 1. Score: .570
 0.8333334E-03  0.9999998     
 0.2500000E-02  0.8500968     
 0.4166666E-02  0.8701822     
 0.5833333E-02  0.8519574     
 0.7499999E-02  0.8573077     
 0.9166666E-02  0.7365339     
 0.1083333E-01  0.6257936     
 0.1250000E-01  0.8518139     
 0.1416667E-01  0.9138478     
 0.1583333E-01  0.9437212     
 0.1750000E-01  0.9067810     
 0.1916667E-01  0.6585940     
 0.2083333E-01  0.7384295     
 0.2250000E-01  0.8746212     
 0.2416667E-01  0.9210424     
 0.2583333E-01  0.8917616     
 0.2750000E-01  0.7404262     
 0.2916667E-01  0.6383273     
 0.3083333E-01  0.7080510     
 0.3250000E-01  0.7691866     
 0.3416666E-01  0.7169856     
 0.3583334E-01  0.5869198     
 0.3750000E-01  0.5196630     
 0.3916667E-01  0.4951086     
 0.4083334E-01  0.5137570     
 0.4250000E-01  0.3987437     
 0.4416666E-01  0.3341306     
 0.4583333E-01  0.2859025     
 0.4750000E-01  0.2197657     
 0.4916666E-01  0.1075553     
 0.5083333E-01  0.7586093E-01 
 0.5250000E-01  0.1365529     
 0.5416667E-01  0.1361713     
 0.5583333E-01  0.2213231     
 0.5750000E-01  0.2938020     
 0.5916666E-01  0.3543165     
 0.6083334E-01  0.3519911     
 0.6250000E-01  0.3938031     
 0.6416667E-01  0.3844179     
 0.6583333E-01  0.3027434     
 0.6750000E-01  0.2942396     
 0.6916667E-01  0.1884654     
 0.7083333E-01  0.1109935     
 0.7250000E-01  0.8680790E-01 
 0.7416667E-01  0.1090261     
 0.7583334E-01  0.1941062     
 0.7749999E-01  0.2613395     
 0.7916667E-01  0.3070522     
 0.8083334E-01  0.3449241     
 0.8250000E-01  0.3138852     
 0.8416667E-01  0.2883434     
 0.8583333E-01  0.2017911     
 0.8750000E-01  0.9293210E-01 
 0.8916666E-01  0.7731507E-01 
 0.9083333E-01  0.1287373     
 0.9250000E-01  0.2174680     
 0.9416667E-01  0.2795800     
 0.9583333E-01  0.3015468     
 0.9750000E-01  0.2508464     
 0.9916665E-01  0.2314552     
 0.1008333      0.1130080     
 0.1025000      0.8376316E-01 
 0.1041667      0.1412020     
 0.1058333      0.2163466     
 0.1075000      0.2130156     
 0.1091667      0.2469905     
 0.1108333      0.2081800     
 0.1125000      0.1532279     
 0.1141667      0.1009743     
 0.1158333      0.9311856E-01 
 0.1175000      0.1641298     
 0.1191667      0.1924707     
 0.1208333      0.1644824     
 0.1225000      0.1462746     
 0.1241667      0.9257384E-01 
 0.1258333      0.1032255     
 0.1275000      0.1122594     
 0.1291667      0.1652794     
 0.1308333      0.1608233     
 0.1325000      0.1845154     
 0.1341667      0.1103865     
 0.1358333      0.7073934E-01 
 0.1375000      0.1313006     
 0.1391667      0.1152999     
 0.1408333      0.1508815     
 0.1425000      0.1151222     
 0.1441667      0.1152920     
 0.1458333      0.1025240     
 0.1475000      0.1014600     
 0.1491667      0.1182723     
 0.1508333      0.1489097     
 0.1525000      0.1078617     
 0.1541667      0.9744382E-01 
 0.1558333      0.1134323     
 0.1575000      0.1454574     
 0.1591667      0.1069025     
 0.1608333      0.1185472     
 0.1625000      0.9727845E-01 
 0.1641667      0.1249366     
 0.1658333      0.1433014     
