# SumMovie FRC for input stack : stack16.mrc
# Number of micrographs: 1
# Number of frames per movie: 50
# Pixel size (A): 3.0000
# 1/(A)          FRC
# -----------------------
# 
# Micrograph 1 of 1. Score: .532
 0.8333334E-03  0.9999994     
 0.2500000E-02  0.9670962     
 0.4166666E-02  0.9459247     
 0.5833333E-02  0.9113204     
 0.7499999E-02  0.8946583     
 0.9166666E-02  0.8417371     
 0.1083333E-01  0.7730224     
 0.1250000E-01  0.8797495     
 0.1416667E-01  0.9338130     
 0.1583333E-01  0.9645245     
 0.1750000E-01  0.9445956     
 0.1916667E-01  0.7680287     
 0.2083333E-01  0.8025204     
 0.2250000E-01  0.8965726     
 0.2416667E-01  0.9369836     
 0.2583333E-01  0.9285148     
 0.2750000E-01  0.8212276     
 0.2916667E-01  0.6885766     
 0.3083333E-01  0.7379691     
 0.3250000E-01  0.7852938     
 0.3416666E-01  0.7083092     
 0.3583334E-01  0.5773873     
 0.3750000E-01  0.4306040     
 0.3916667E-01  0.3615402     
 0.4083334E-01  0.2968423     
 0.4250000E-01  0.1124475     
 0.4416666E-01  0.1232793     
 0.4583333E-01  0.1009332     
 0.4750000E-01  0.1349851     
 0.4916666E-01  0.2727163     
 0.5083333E-01  0.3400236     
 0.5250000E-01  0.3716316     
 0.5416667E-01  0.3673581     
 0.5583333E-01  0.4154629     
 0.5750000E-01  0.3564582     
 0.5916666E-01  0.2687750     
 0.6083334E-01  0.1867978     
 0.6250000E-01  0.8902970E-01 
 0.6416667E-01  0.1038013     
 0.6583333E-01  0.1431620     
 0.6750000E-01  0.2076464     
 0.6916667E-01  0.3109872     
 0.7083333E-01  0.4034725     
 0.7250000E-01  0.3458295     
 0.7416667E-01  0.2810633     
 0.7583334E-01  0.1718038     
 0.7749999E-01  0.1066780     
 0.7916667E-01  0.9164871E-01 
 0.8083334E-01  0.2478497     
 0.8250000E-01  0.2653780     
 0.8416667E-01  0.3434751     
 0.8583333E-01  0.2889881     
 0.8750000E-01  0.1857338     
 0.8916666E-01  0.1101673     
 0.9083333E-01  0.8190990E-01 
 0.9250000E-01  0.1790150     
 0.9416667E-01  0.2451435     
 0.9583333E-01  0.2726699     
 0.9750000E-01  0.2181666     
 0.9916665E-01  0.1085918     
 0.1008333      0.8186958E-01 
 0.1025000      0.1255782     
 0.1041667      0.1852998     
 0.1058333      0.2340332     
 0.1075000      0.1896168     
 0.1091667      0.1239389     
 0.1108333      0.5009380E-01 
 0.1125000      0.1494173     
 0.1141667      0.1771479     
 0.1158333      0.1784566     
 0.1175000      0.1148794     
 0.1191667      0.7962861E-01 
 0.1208333      0.9317880E-01 
 0.1225000      0.1469601     
 0.1241667      0.1621759     
 0.1258333      0.1169164     
 0.1275000      0.7620889E-01 
 0.1291667      0.8660502E-01 
 0.1308333      0.1416577     
 0.1325000      0.1351889     
 0.1341667      0.9407809E-01 
 0.1358333      0.4926599E-01 
 0.1375000      0.9880269E-01 
 0.1391667      0.1260346     
 0.1408333      0.1165543     
 0.1425000      0.7294317E-01 
 0.1441667      0.9126972E-01 
 0.1458333      0.1114576     
 0.1475000      0.1046679     
 0.1491667      0.8673245E-01 
 0.1508333      0.8884859E-01 
 0.1525000      0.1051621     
 0.1541667      0.9131619E-01 
 0.1558333      0.7976394E-01 
 0.1575000      0.6071307E-01 
 0.1591667      0.9677678E-01 
 0.1608333      0.1011688     
 0.1625000      0.5737603E-01 
 0.1641667      0.6111631E-01 
 0.1658333      0.1406902     
