# SumMovie FRC for input stack : stack1.mrc
# Number of micrographs: 1
# Number of frames per movie: 50
# Pixel size (A): 3.0000
# 1/(A)          FRC
# -----------------------
# 
# Micrograph 1 of 1. Score: .532
 0.8333334E-03  0.9999990     
 0.2500000E-02  0.9744543     
 0.4166666E-02  0.9568026     
 0.5833333E-02  0.9214215     
 0.7499999E-02  0.9032373     
 0.9166666E-02  0.7478384     
 0.1083333E-01  0.7183654     
 0.1250000E-01  0.8489186     
 0.1416667E-01  0.9162607     
 0.1583333E-01  0.9186355     
 0.1750000E-01  0.8700423     
 0.1916667E-01  0.6656719     
 0.2083333E-01  0.7543670     
 0.2250000E-01  0.8635403     
 0.2416667E-01  0.8985956     
 0.2583333E-01  0.8655661     
 0.2750000E-01  0.7315961     
 0.2916667E-01  0.6228638     
 0.3083333E-01  0.6975626     
 0.3250000E-01  0.7241676     
 0.3416666E-01  0.6710604     
 0.3583334E-01  0.5313568     
 0.3750000E-01  0.4643334     
 0.3916667E-01  0.4392513     
 0.4083334E-01  0.4428183     
 0.4250000E-01  0.3753898     
 0.4416666E-01  0.2343662     
 0.4583333E-01  0.1332026     
 0.4750000E-01  0.1755788     
 0.4916666E-01  0.8830336E-01 
 0.5083333E-01  0.6871658E-01 
 0.5250000E-01  0.7373060E-01 
 0.5416667E-01  0.1012454     
 0.5583333E-01  0.1824870     
 0.5750000E-01  0.2240119     
 0.5916666E-01  0.3173670     
 0.6083334E-01  0.3228734     
 0.6250000E-01  0.2979615     
 0.6416667E-01  0.2605157     
 0.6583333E-01  0.2501100     
 0.6750000E-01  0.1497527     
 0.6916667E-01  0.1102822     
 0.7083333E-01  0.8081202E-01 
 0.7250000E-01  0.5755522E-01 
 0.7416667E-01  0.8492072E-01 
 0.7583334E-01  0.1480295     
 0.7749999E-01  0.2257841     
 0.7916667E-01  0.2893119     
 0.8083334E-01  0.2705252     
 0.8250000E-01  0.2610637     
 0.8416667E-01  0.1913406     
 0.8583333E-01  0.1100803     
 0.8750000E-01  0.5398923E-01 
 0.8916666E-01  0.4882971E-01 
 0.9083333E-01  0.1147313     
 0.9250000E-01  0.1689644     
 0.9416667E-01  0.2198023     
 0.9583333E-01  0.2318809     
 0.9750000E-01  0.1745171     
 0.9916665E-01  0.1184607     
 0.1008333      0.6842050E-01 
 0.1025000      0.6027249E-01 
 0.1041667      0.8071899E-01 
 0.1058333      0.1461749     
 0.1075000      0.1537964     
 0.1091667      0.1581868     
 0.1108333      0.1069457     
 0.1125000      0.1284915     
 0.1141667      0.5732875E-01 
 0.1158333      0.3903644E-01 
 0.1175000      0.8603591E-01 
 0.1191667      0.1106471     
 0.1208333      0.1056949     
 0.1225000      0.1017211     
 0.1241667      0.6204990E-01 
 0.1258333      0.3783419E-01 
 0.1275000      0.5723524E-01 
 0.1291667      0.9526556E-01 
 0.1308333      0.1181854     
 0.1325000      0.6995490E-01 
 0.1341667      0.3792309E-01 
 0.1358333      0.3349169E-01 
 0.1375000      0.7275521E-01 
 0.1391667      0.7456955E-01 
 0.1408333      0.7400977E-01 
 0.1425000      0.5862682E-01 
 0.1441667      0.2524984E-01 
 0.1458333      0.4519832E-01 
 0.1475000      0.7495670E-01 
 0.1491667      0.6256980E-01 
 0.1508333      0.7027791E-01 
 0.1525000      0.4591968E-01 
 0.1541667      0.4315598E-01 
 0.1558333      0.5532706E-01 
 0.1575000      0.4798213E-01 
 0.1591667      0.1331515E-01 
 0.1608333      0.5112211E-01 
 0.1625000      0.5177603E-01 
 0.1641667      0.5083668E-01 
 0.1658333      0.2018639E-01 
