# SumMovie FRC for input stack : stack11.mrc
# Number of micrographs: 1
# Number of frames per movie: 50
# Pixel size (A): 3.0000
# 1/(A)          FRC
# -----------------------
# 
# Micrograph 1 of 1. Score: .572
 0.8333334E-03  0.9999998     
 0.2500000E-02  0.8501639     
 0.4166666E-02  0.8703002     
 0.5833333E-02  0.8519559     
 0.7499999E-02  0.8574022     
 0.9166666E-02  0.7367247     
 0.1083333E-01  0.6257766     
 0.1250000E-01  0.8520945     
 0.1416667E-01  0.9140463     
 0.1583333E-01  0.9438100     
 0.1750000E-01  0.9070423     
 0.1916667E-01  0.6583824     
 0.2083333E-01  0.7389909     
 0.2250000E-01  0.8749961     
 0.2416667E-01  0.9216028     
 0.2583333E-01  0.8921587     
 0.2750000E-01  0.7414815     
 0.2916667E-01  0.6406238     
 0.3083333E-01  0.7098469     
 0.3250000E-01  0.7705655     
 0.3416666E-01  0.7191254     
 0.3583334E-01  0.5886160     
 0.3750000E-01  0.5217668     
 0.3916667E-01  0.4977008     
 0.4083334E-01  0.5158254     
 0.4250000E-01  0.4005491     
 0.4416666E-01  0.3360174     
 0.4583333E-01  0.2886125     
 0.4750000E-01  0.2206270     
 0.4916666E-01  0.1081650     
 0.5083333E-01  0.7622658E-01 
 0.5250000E-01  0.1372330     
 0.5416667E-01  0.1385237     
 0.5583333E-01  0.2219888     
 0.5750000E-01  0.2960535     
 0.5916666E-01  0.3579760     
 0.6083334E-01  0.3539693     
 0.6250000E-01  0.3988736     
 0.6416667E-01  0.3881249     
 0.6583333E-01  0.3074148     
 0.6750000E-01  0.2972118     
 0.6916667E-01  0.1890705     
 0.7083333E-01  0.1116189     
 0.7250000E-01  0.8540022E-01 
 0.7416667E-01  0.1095238     
 0.7583334E-01  0.1966045     
 0.7749999E-01  0.2643074     
 0.7916667E-01  0.3101321     
 0.8083334E-01  0.3500104     
 0.8250000E-01  0.3179516     
 0.8416667E-01  0.2926657     
 0.8583333E-01  0.2044208     
 0.8750000E-01  0.9523157E-01 
 0.8916666E-01  0.7840567E-01 
 0.9083333E-01  0.1299087     
 0.9250000E-01  0.2207539     
 0.9416667E-01  0.2835844     
 0.9583333E-01  0.3025038     
 0.9750000E-01  0.2547581     
 0.9916665E-01  0.2334929     
 0.1008333      0.1128910     
 0.1025000      0.8142964E-01 
 0.1041667      0.1392696     
 0.1058333      0.2175429     
 0.1075000      0.2185099     
 0.1091667      0.2482094     
 0.1108333      0.2085041     
 0.1125000      0.1527438     
 0.1141667      0.9888151E-01 
 0.1158333      0.9382375E-01 
 0.1175000      0.1647831     
 0.1191667      0.1930801     
 0.1208333      0.1642863     
 0.1225000      0.1460661     
 0.1241667      0.9140089E-01 
 0.1258333      0.1009313     
 0.1275000      0.1113258     
 0.1291667      0.1651060     
 0.1308333      0.1636454     
 0.1325000      0.1834230     
 0.1341667      0.1096288     
 0.1358333      0.6905727E-01 
 0.1375000      0.1303013     
 0.1391667      0.1150477     
 0.1408333      0.1526100     
 0.1425000      0.1162199     
 0.1441667      0.1126890     
 0.1458333      0.9998854E-01 
 0.1475000      0.9701207E-01 
 0.1491667      0.1201219     
 0.1508333      0.1464193     
 0.1525000      0.1081103     
 0.1541667      0.9629867E-01 
 0.1558333      0.1094332     
 0.1575000      0.1438862     
 0.1591667      0.1043557     
 0.1608333      0.1150572     
 0.1625000      0.9298898E-01 
 0.1641667      0.1233269     
 0.1658333      0.1390258     
