# SumMovie FRC for input stack : stack1.mrc
# Number of micrographs: 1
# Number of frames per movie: 50
# Pixel size (A): 3.0000
# 1/(A)          FRC
# -----------------------
# 
# Micrograph 1 of 1. Score: .516
 0.8333334E-03  0.9999990     
 0.2500000E-02  0.9744993     
 0.4166666E-02  0.9567840     
 0.5833333E-02  0.9214315     
 0.7499999E-02  0.9027848     
 0.9166666E-02  0.7449609     
 0.1083333E-01  0.7133601     
 0.1250000E-01  0.8433084     
 0.1416667E-01  0.9125079     
 0.1583333E-01  0.9157094     
 0.1750000E-01  0.8631339     
 0.1916667E-01  0.6522323     
 0.2083333E-01  0.7419533     
 0.2250000E-01  0.8537310     
 0.2416667E-01  0.8902678     
 0.2583333E-01  0.8522213     
 0.2750000E-01  0.7076733     
 0.2916667E-01  0.5864319     
 0.3083333E-01  0.6737983     
 0.3250000E-01  0.6902263     
 0.3416666E-01  0.6346177     
 0.3583334E-01  0.5030173     
 0.3750000E-01  0.4397410     
 0.3916667E-01  0.4043995     
 0.4083334E-01  0.4057496     
 0.4250000E-01  0.3541572     
 0.4416666E-01  0.2193752     
 0.4583333E-01  0.1287915     
 0.4750000E-01  0.1915244     
 0.4916666E-01  0.9766918E-01 
 0.5083333E-01  0.9255590E-01 
 0.5250000E-01  0.8563730E-01 
 0.5416667E-01  0.1074224     
 0.5583333E-01  0.1714057     
 0.5750000E-01  0.2109128     
 0.5916666E-01  0.2703753     
 0.6083334E-01  0.2930795     
 0.6250000E-01  0.2496068     
 0.6416667E-01  0.2237143     
 0.6583333E-01  0.2245499     
 0.6750000E-01  0.1344018     
 0.6916667E-01  0.1327759     
 0.7083333E-01  0.1063288     
 0.7250000E-01  0.5879533E-01 
 0.7416667E-01  0.7213732E-01 
 0.7583334E-01  0.1306296     
 0.7749999E-01  0.1799021     
 0.7916667E-01  0.2234889     
 0.8083334E-01  0.2233425     
 0.8250000E-01  0.2005540     
 0.8416667E-01  0.1450980     
 0.8583333E-01  0.8899278E-01 
 0.8750000E-01  0.6104153E-01 
 0.8916666E-01  0.1478622E-01 
 0.9083333E-01  0.7601731E-01 
 0.9250000E-01  0.1206694     
 0.9416667E-01  0.1741372     
 0.9583333E-01  0.1977229     
 0.9750000E-01  0.1457185     
 0.9916665E-01  0.8634149E-01 
 0.1008333      0.6459550E-01 
 0.1025000      0.2312360E-01 
 0.1041667      0.9086299E-01 
 0.1058333      0.1399056     
 0.1075000      0.1575301     
 0.1091667      0.1357256     
 0.1108333      0.1175415     
 0.1125000      0.1140442     
 0.1141667      0.5962827E-01 
 0.1158333      0.4587688E-01 
 0.1175000      0.8238495E-01 
 0.1191667      0.1119956     
 0.1208333      0.7994258E-01 
 0.1225000      0.7750302E-01 
 0.1241667      0.6000070E-01 
 0.1258333      0.4070978E-01 
 0.1275000      0.2546980E-01 
 0.1291667      0.1176956     
 0.1308333      0.7803953E-01 
 0.1325000      0.6832824E-01 
 0.1341667      0.3198076E-01 
 0.1358333      0.3716592E-01 
 0.1375000      0.5591503E-01 
 0.1391667      0.7458125E-01 
 0.1408333      0.8157086E-01 
 0.1425000      0.6933586E-01 
 0.1441667      0.4095662E-01 
 0.1458333      0.4189080E-01 
 0.1475000      0.7399071E-01 
 0.1491667      0.6179203E-01 
 0.1508333      0.5727824E-01 
 0.1525000      0.3555433E-01 
 0.1541667      0.5836260E-01 
 0.1558333      0.6294899E-01 
 0.1575000      0.4123373E-01 
 0.1591667      0.2193137E-01 
 0.1608333      0.3879385E-01 
 0.1625000      0.5839556E-01 
 0.1641667      0.6878883E-01 
 0.1658333      0.4136008E-01 
