# SumMovie FRC for input stack : stack6.mrc
# Number of micrographs: 1
# Number of frames per movie: 50
# Pixel size (A): 3.0000
# 1/(A)          FRC
# -----------------------
# 
# Micrograph 1 of 1. Score: .592
 0.8333334E-03  0.9999999     
 0.2500000E-02  0.9513053     
 0.4166666E-02  0.9319146     
 0.5833333E-02  0.8473645     
 0.7499999E-02  0.8654420     
 0.9166666E-02  0.6779854     
 0.1083333E-01  0.6583065     
 0.1250000E-01  0.8495433     
 0.1416667E-01  0.8877162     
 0.1583333E-01  0.9349930     
 0.1750000E-01  0.8940717     
 0.1916667E-01  0.6008191     
 0.2083333E-01  0.6725895     
 0.2250000E-01  0.8422821     
 0.2416667E-01  0.9022207     
 0.2583333E-01  0.8569116     
 0.2750000E-01  0.7345465     
 0.2916667E-01  0.6263335     
 0.3083333E-01  0.6972892     
 0.3250000E-01  0.7293658     
 0.3416666E-01  0.7021312     
 0.3583334E-01  0.5995477     
 0.3750000E-01  0.5398145     
 0.3916667E-01  0.5307056     
 0.4083334E-01  0.5744550     
 0.4250000E-01  0.4580500     
 0.4416666E-01  0.3955267     
 0.4583333E-01  0.3663513     
 0.4750000E-01  0.3018047     
 0.4916666E-01  0.2222324     
 0.5083333E-01  0.1338695     
 0.5250000E-01  0.1198111     
 0.5416667E-01  0.6387984E-01 
 0.5583333E-01  0.1004571     
 0.5750000E-01  0.1209455     
 0.5916666E-01  0.2009693     
 0.6083334E-01  0.2722428     
 0.6250000E-01  0.2947053     
 0.6416667E-01  0.3451212     
 0.6583333E-01  0.3715481     
 0.6750000E-01  0.3495798     
 0.6916667E-01  0.3470643     
 0.7083333E-01  0.2914511     
 0.7250000E-01  0.2241194     
 0.7416667E-01  0.1310224     
 0.7583334E-01  0.8078837E-01 
 0.7749999E-01  0.7278527E-01 
 0.7916667E-01  0.7820544E-01 
 0.8083334E-01  0.1876001     
 0.8250000E-01  0.2272583     
 0.8416667E-01  0.2967500     
 0.8583333E-01  0.3110908     
 0.8750000E-01  0.2918073     
 0.8916666E-01  0.2474335     
 0.9083333E-01  0.1633514     
 0.9250000E-01  0.8755558E-01 
 0.9416667E-01  0.5464675E-01 
 0.9583333E-01  0.8711424E-01 
 0.9750000E-01  0.8936727E-01 
 0.9916665E-01  0.1425538     
 0.1008333      0.2164872     
 0.1025000      0.2424287     
 0.1041667      0.1761410     
 0.1058333      0.1534140     
 0.1075000      0.8416367E-01 
 0.1091667      0.7000098E-01 
 0.1108333      0.4931396E-01 
 0.1125000      0.8353615E-01 
 0.1141667      0.1431539     
 0.1158333      0.1934016     
 0.1175000      0.1730646     
 0.1191667      0.1369733     
 0.1208333      0.4532158E-01 
 0.1225000      0.4433778E-01 
 0.1241667      0.3183726E-01 
 0.1258333      0.1048036     
 0.1275000      0.1248221     
 0.1291667      0.1297057     
 0.1308333      0.1196783     
 0.1325000      0.6476656E-01 
 0.1341667      0.5156339E-01 
 0.1358333      0.7667196E-01 
 0.1375000      0.6606637E-01 
 0.1391667      0.1032780     
 0.1408333      0.9276083E-01 
 0.1425000      0.7451548E-01 
 0.1441667      0.6479027E-01 
 0.1458333      0.3492359E-01 
 0.1475000      0.5604703E-01 
 0.1491667      0.7640116E-01 
 0.1508333      0.9315384E-01 
 0.1525000      0.6706769E-01 
 0.1541667      0.4601651E-01 
 0.1558333      0.4221146E-01 
 0.1575000      0.7342739E-01 
 0.1591667      0.8649338E-01 
 0.1608333      0.7656079E-01 
 0.1625000      0.7953228E-01 
 0.1641667      0.5623304E-01 
 0.1658333      0.2919323E-01 
