# SumMovie FRC for input stack : stack1.mrc
# Number of micrographs: 1
# Number of frames per movie: 50
# Pixel size (A): 3.0000
# 1/(A)          FRC
# -----------------------
# 
# Micrograph 1 of 1. Score: .510
 0.8333334E-03  0.9999990     
 0.2500000E-02  0.9745011     
 0.4166666E-02  0.9567410     
 0.5833333E-02  0.9213830     
 0.7499999E-02  0.9025151     
 0.9166666E-02  0.7434045     
 0.1083333E-01  0.7114154     
 0.1250000E-01  0.8408037     
 0.1416667E-01  0.9106485     
 0.1583333E-01  0.9142678     
 0.1750000E-01  0.8598875     
 0.1916667E-01  0.6452863     
 0.2083333E-01  0.7360788     
 0.2250000E-01  0.8488680     
 0.2416667E-01  0.8861278     
 0.2583333E-01  0.8458496     
 0.2750000E-01  0.6975091     
 0.2916667E-01  0.5709001     
 0.3083333E-01  0.6630262     
 0.3250000E-01  0.6740073     
 0.3416666E-01  0.6168270     
 0.3583334E-01  0.4912188     
 0.3750000E-01  0.4317854     
 0.3916667E-01  0.3899618     
 0.4083334E-01  0.3894661     
 0.4250000E-01  0.3448498     
 0.4416666E-01  0.2164140     
 0.4583333E-01  0.1348094     
 0.4750000E-01  0.1917050     
 0.4916666E-01  0.1054522     
 0.5083333E-01  0.9555761E-01 
 0.5250000E-01  0.9450188E-01 
 0.5416667E-01  0.1119317     
 0.5583333E-01  0.1694472     
 0.5750000E-01  0.2152968     
 0.5916666E-01  0.2554337     
 0.6083334E-01  0.2858393     
 0.6250000E-01  0.2419700     
 0.6416667E-01  0.2278154     
 0.6583333E-01  0.2241315     
 0.6750000E-01  0.1376399     
 0.6916667E-01  0.1455543     
 0.7083333E-01  0.1165336     
 0.7250000E-01  0.6594577E-01 
 0.7416667E-01  0.8252847E-01 
 0.7583334E-01  0.1339904     
 0.7749999E-01  0.1849400     
 0.7916667E-01  0.2111974     
 0.8083334E-01  0.2140963     
 0.8250000E-01  0.1996340     
 0.8416667E-01  0.1542751     
 0.8583333E-01  0.9617500E-01 
 0.8750000E-01  0.5979464E-01 
 0.8916666E-01  0.1654863E-01 
 0.9083333E-01  0.8639079E-01 
 0.9250000E-01  0.1209255     
 0.9416667E-01  0.1730633     
 0.9583333E-01  0.1890453     
 0.9750000E-01  0.1505270     
 0.9916665E-01  0.8812206E-01 
 0.1008333      0.7467730E-01 
 0.1025000      0.2973945E-01 
 0.1041667      0.1072788     
 0.1058333      0.1450220     
 0.1075000      0.1454116     
 0.1091667      0.1353214     
 0.1108333      0.1102676     
 0.1125000      0.1137566     
 0.1141667      0.6651576E-01 
 0.1158333      0.4520748E-01 
 0.1175000      0.7428730E-01 
 0.1191667      0.1101584     
 0.1208333      0.9050656E-01 
 0.1225000      0.6319182E-01 
 0.1241667      0.6646798E-01 
 0.1258333      0.4323785E-01 
 0.1275000      0.2456469E-01 
 0.1291667      0.1165748     
 0.1308333      0.8471029E-01 
 0.1325000      0.7656761E-01 
 0.1341667      0.2519446E-01 
 0.1358333      0.5213803E-01 
 0.1375000      0.5927372E-01 
 0.1391667      0.7266674E-01 
 0.1408333      0.8440253E-01 
 0.1425000      0.6554772E-01 
 0.1441667      0.3602857E-01 
 0.1458333      0.5038152E-01 
 0.1475000      0.8213557E-01 
 0.1491667      0.5620744E-01 
 0.1508333      0.4629125E-01 
 0.1525000      0.3884085E-01 
 0.1541667      0.4916029E-01 
 0.1558333      0.4910643E-01 
 0.1575000      0.5086339E-01 
 0.1591667      0.1647449E-01 
 0.1608333      0.5313376E-01 
 0.1625000      0.5046169E-01 
 0.1641667      0.7279310E-01 
 0.1658333      0.4256855E-01 
