# SumMovie FRC for input stack : stack6.mrc
# Number of micrographs: 1
# Number of frames per movie: 50
# Pixel size (A): 3.0000
# 1/(A)          FRC
# -----------------------
# 
# Micrograph 1 of 1. Score: .587
 0.8333334E-03  0.9999999     
 0.2500000E-02  0.9514045     
 0.4166666E-02  0.9317309     
 0.5833333E-02  0.8466207     
 0.7499999E-02  0.8657555     
 0.9166666E-02  0.6755553     
 0.1083333E-01  0.6571679     
 0.1250000E-01  0.8474158     
 0.1416667E-01  0.8859495     
 0.1583333E-01  0.9333274     
 0.1750000E-01  0.8929361     
 0.1916667E-01  0.6013640     
 0.2083333E-01  0.6669123     
 0.2250000E-01  0.8354992     
 0.2416667E-01  0.8975373     
 0.2583333E-01  0.8517064     
 0.2750000E-01  0.7280395     
 0.2916667E-01  0.6254162     
 0.3083333E-01  0.6885951     
 0.3250000E-01  0.7275530     
 0.3416666E-01  0.6951116     
 0.3583334E-01  0.5913197     
 0.3750000E-01  0.5392019     
 0.3916667E-01  0.5237653     
 0.4083334E-01  0.5637497     
 0.4250000E-01  0.4522990     
 0.4416666E-01  0.3821039     
 0.4583333E-01  0.3591043     
 0.4750000E-01  0.2966842     
 0.4916666E-01  0.2203851     
 0.5083333E-01  0.1223438     
 0.5250000E-01  0.1255087     
 0.5416667E-01  0.7241615E-01 
 0.5583333E-01  0.1091769     
 0.5750000E-01  0.1270010     
 0.5916666E-01  0.2099087     
 0.6083334E-01  0.2745139     
 0.6250000E-01  0.2938197     
 0.6416667E-01  0.3493513     
 0.6583333E-01  0.3542013     
 0.6750000E-01  0.3446040     
 0.6916667E-01  0.3266108     
 0.7083333E-01  0.2831308     
 0.7250000E-01  0.2235386     
 0.7416667E-01  0.1343669     
 0.7583334E-01  0.9427794E-01 
 0.7749999E-01  0.8081842E-01 
 0.7916667E-01  0.7823030E-01 
 0.8083334E-01  0.1825107     
 0.8250000E-01  0.2215937     
 0.8416667E-01  0.2742952     
 0.8583333E-01  0.2912918     
 0.8750000E-01  0.2781641     
 0.8916666E-01  0.2408592     
 0.9083333E-01  0.1566607     
 0.9250000E-01  0.1031015     
 0.9416667E-01  0.5453141E-01 
 0.9583333E-01  0.9798314E-01 
 0.9750000E-01  0.9460700E-01 
 0.9916665E-01  0.1487844     
 0.1008333      0.2062386     
 0.1025000      0.2365951     
 0.1041667      0.1724481     
 0.1058333      0.1457815     
 0.1075000      0.8449116E-01 
 0.1091667      0.5872630E-01 
 0.1108333      0.6554565E-01 
 0.1125000      0.9222067E-01 
 0.1141667      0.1587365     
 0.1158333      0.1846164     
 0.1175000      0.1562240     
 0.1191667      0.1393032     
 0.1208333      0.5921958E-01 
 0.1225000      0.4851074E-01 
 0.1241667      0.3040104E-01 
 0.1258333      0.9718417E-01 
 0.1275000      0.1323914     
 0.1291667      0.1282314     
 0.1308333      0.1154486     
 0.1325000      0.6221921E-01 
 0.1341667      0.5365510E-01 
 0.1358333      0.8028941E-01 
 0.1375000      0.6769145E-01 
 0.1391667      0.9111172E-01 
 0.1408333      0.9832125E-01 
 0.1425000      0.8306957E-01 
 0.1441667      0.6849741E-01 
 0.1458333      0.4390434E-01 
 0.1475000      0.6893799E-01 
 0.1491667      0.7633418E-01 
 0.1508333      0.9774601E-01 
 0.1525000      0.6218514E-01 
 0.1541667      0.4420498E-01 
 0.1558333      0.6243836E-01 
 0.1575000      0.6911822E-01 
 0.1591667      0.9288197E-01 
 0.1608333      0.7437591E-01 
 0.1625000      0.7482244E-01 
 0.1641667      0.6680550E-01 
 0.1658333      0.3273472E-01 
