# SumMovie FRC for input stack : stack11.mrc
# Number of micrographs: 1
# Number of frames per movie: 50
# Pixel size (A): 3.0000
# 1/(A)          FRC
# -----------------------
# 
# Micrograph 1 of 1. Score: .568
 0.8333334E-03  0.9999998     
 0.2500000E-02  0.8499858     
 0.4166666E-02  0.8700493     
 0.5833333E-02  0.8519399     
 0.7499999E-02  0.8571623     
 0.9166666E-02  0.7361676     
 0.1083333E-01  0.6257073     
 0.1250000E-01  0.8513798     
 0.1416667E-01  0.9135791     
 0.1583333E-01  0.9435784     
 0.1750000E-01  0.9064294     
 0.1916667E-01  0.6586789     
 0.2083333E-01  0.7374712     
 0.2250000E-01  0.8739972     
 0.2416667E-01  0.9202119     
 0.2583333E-01  0.8910977     
 0.2750000E-01  0.7387100     
 0.2916667E-01  0.6348534     
 0.3083333E-01  0.7055969     
 0.3250000E-01  0.7671170     
 0.3416666E-01  0.7139592     
 0.3583334E-01  0.5843806     
 0.3750000E-01  0.5164031     
 0.3916667E-01  0.4912423     
 0.4083334E-01  0.5106590     
 0.4250000E-01  0.3960422     
 0.4416666E-01  0.3311295     
 0.4583333E-01  0.2817100     
 0.4750000E-01  0.2187583     
 0.4916666E-01  0.1064225     
 0.5083333E-01  0.7504053E-01 
 0.5250000E-01  0.1350101     
 0.5416667E-01  0.1318038     
 0.5583333E-01  0.2202146     
 0.5750000E-01  0.2903879     
 0.5916666E-01  0.3491725     
 0.6083334E-01  0.3489318     
 0.6250000E-01  0.3861713     
 0.6416667E-01  0.3788746     
 0.6583333E-01  0.2951767     
 0.6750000E-01  0.2892385     
 0.6916667E-01  0.1868212     
 0.7083333E-01  0.1102045     
 0.7250000E-01  0.8760989E-01 
 0.7416667E-01  0.1078174     
 0.7583334E-01  0.1903306     
 0.7749999E-01  0.2566084     
 0.7916667E-01  0.3022220     
 0.8083334E-01  0.3377996     
 0.8250000E-01  0.3083128     
 0.8416667E-01  0.2830640     
 0.8583333E-01  0.1971604     
 0.8750000E-01  0.8971372E-01 
 0.8916666E-01  0.7599591E-01 
 0.9083333E-01  0.1272689     
 0.9250000E-01  0.2125384     
 0.9416667E-01  0.2729987     
 0.9583333E-01  0.2993934     
 0.9750000E-01  0.2454751     
 0.9916665E-01  0.2263992     
 0.1008333      0.1135583     
 0.1025000      0.8519658E-01 
 0.1041667      0.1431639     
 0.1058333      0.2130919     
 0.1075000      0.2042164     
 0.1091667      0.2430927     
 0.1108333      0.2063386     
 0.1125000      0.1528905     
 0.1141667      0.1019525     
 0.1158333      0.9104700E-01 
 0.1175000      0.1614196     
 0.1191667      0.1906803     
 0.1208333      0.1653185     
 0.1225000      0.1448843     
 0.1241667      0.9257057E-01 
 0.1258333      0.1048517     
 0.1275000      0.1127419     
 0.1291667      0.1645451     
 0.1308333      0.1559283     
 0.1325000      0.1840016     
 0.1341667      0.1107439     
 0.1358333      0.7229094E-01 
 0.1375000      0.1313455     
 0.1391667      0.1134784     
 0.1408333      0.1451008     
 0.1425000      0.1126029     
 0.1441667      0.1173680     
 0.1458333      0.1034575     
 0.1475000      0.1059223     
 0.1491667      0.1148693     
 0.1508333      0.1508841     
 0.1525000      0.1056104     
 0.1541667      0.9518586E-01 
 0.1558333      0.1159443     
 0.1575000      0.1460600     
 0.1591667      0.1076936     
 0.1608333      0.1200830     
 0.1625000      0.9997377E-01 
 0.1641667      0.1232613     
 0.1658333      0.1474738     
