# SumMovie FRC for input stack : stack1.mrc
# Number of micrographs: 1
# Number of frames per movie: 50
# Pixel size (A): 3.0000
# 1/(A)          FRC
# -----------------------
# 
# Micrograph 1 of 1. Score: .546
 0.8333334E-03  0.9999993     
 0.2500000E-02  0.9744580     
 0.4166666E-02  0.9570108     
 0.5833333E-02  0.9206674     
 0.7499999E-02  0.9048226     
 0.9166666E-02  0.7497628     
 0.1083333E-01  0.7273999     
 0.1250000E-01  0.8558964     
 0.1416667E-01  0.9222888     
 0.1583333E-01  0.9261777     
 0.1750000E-01  0.8739563     
 0.1916667E-01  0.6747808     
 0.2083333E-01  0.7639217     
 0.2250000E-01  0.8704467     
 0.2416667E-01  0.9032694     
 0.2583333E-01  0.8718982     
 0.2750000E-01  0.7477462     
 0.2916667E-01  0.6443968     
 0.3083333E-01  0.7088318     
 0.3250000E-01  0.7376750     
 0.3416666E-01  0.6840965     
 0.3583334E-01  0.5452839     
 0.3750000E-01  0.4829876     
 0.3916667E-01  0.4611301     
 0.4083334E-01  0.4486465     
 0.4250000E-01  0.4004335     
 0.4416666E-01  0.2595166     
 0.4583333E-01  0.1702872     
 0.4750000E-01  0.1882911     
 0.4916666E-01  0.9696449E-01 
 0.5083333E-01  0.6346431E-01 
 0.5250000E-01  0.6827541E-01 
 0.5416667E-01  0.1280295     
 0.5583333E-01  0.1857238     
 0.5750000E-01  0.2533242     
 0.5916666E-01  0.3162702     
 0.6083334E-01  0.3425559     
 0.6250000E-01  0.3285942     
 0.6416667E-01  0.2998831     
 0.6583333E-01  0.2727373     
 0.6750000E-01  0.1617794     
 0.6916667E-01  0.1356862     
 0.7083333E-01  0.8576952E-01 
 0.7250000E-01  0.6968552E-01 
 0.7416667E-01  0.1077594     
 0.7583334E-01  0.1665408     
 0.7749999E-01  0.2460621     
 0.7916667E-01  0.2981049     
 0.8083334E-01  0.2881815     
 0.8250000E-01  0.2842596     
 0.8416667E-01  0.2266651     
 0.8583333E-01  0.1231660     
 0.8750000E-01  0.6148469E-01 
 0.8916666E-01  0.3202119E-01 
 0.9083333E-01  0.1311381     
 0.9250000E-01  0.1955401     
 0.9416667E-01  0.2362141     
 0.9583333E-01  0.2481842     
 0.9750000E-01  0.1960133     
 0.9916665E-01  0.1079321     
 0.1008333      0.6695235E-01 
 0.1025000      0.4358082E-01 
 0.1041667      0.1202877     
 0.1058333      0.1526279     
 0.1075000      0.1589450     
 0.1091667      0.1754061     
 0.1108333      0.1310090     
 0.1125000      0.1226269     
 0.1141667      0.3656052E-01 
 0.1158333      0.6471215E-01 
 0.1175000      0.1084187     
 0.1191667      0.1088927     
 0.1208333      0.1138266     
 0.1225000      0.1003087     
 0.1241667      0.4699343E-01 
 0.1258333      0.3934649E-01 
 0.1275000      0.5880188E-01 
 0.1291667      0.1135609     
 0.1308333      0.1205497     
 0.1325000      0.6801096E-01 
 0.1341667      0.4780985E-01 
 0.1358333      0.2704022E-01 
 0.1375000      0.1025454     
 0.1391667      0.6438897E-01 
 0.1408333      0.1076541     
 0.1425000      0.6354681E-01 
 0.1441667      0.3384158E-01 
 0.1458333      0.3052673E-01 
 0.1475000      0.7377707E-01 
 0.1491667      0.5637818E-01 
 0.1508333      0.6196002E-01 
 0.1525000      0.2650594E-01 
 0.1541667      0.5729422E-01 
 0.1558333      0.8487651E-01 
 0.1575000      0.4421568E-01 
 0.1591667      0.2115499E-01 
 0.1608333      0.3378510E-01 
 0.1625000      0.4750641E-01 
 0.1641667      0.3777393E-01 
 0.1658333      0.2824339E-01 
