# SumMovie FRC for input stack : stack11.mrc
# Number of micrographs: 1
# Number of frames per movie: 50
# Pixel size (A): 3.0000
# 1/(A)          FRC
# -----------------------
# 
# Micrograph 1 of 1. Score: .577
 0.8333334E-03  0.9999998     
 0.2500000E-02  0.8505598     
 0.4166666E-02  0.8708112     
 0.5833333E-02  0.8516908     
 0.7499999E-02  0.8578298     
 0.9166666E-02  0.7372694     
 0.1083333E-01  0.6259375     
 0.1250000E-01  0.8536416     
 0.1416667E-01  0.9153391     
 0.1583333E-01  0.9441556     
 0.1750000E-01  0.9081935     
 0.1916667E-01  0.6551799     
 0.2083333E-01  0.7416665     
 0.2250000E-01  0.8761927     
 0.2416667E-01  0.9244618     
 0.2583333E-01  0.8935433     
 0.2750000E-01  0.7461954     
 0.2916667E-01  0.6510181     
 0.3083333E-01  0.7189282     
 0.3250000E-01  0.7771486     
 0.3416666E-01  0.7303818     
 0.3583334E-01  0.5950348     
 0.3750000E-01  0.5323550     
 0.3916667E-01  0.5104539     
 0.4083334E-01  0.5219899     
 0.4250000E-01  0.4081434     
 0.4416666E-01  0.3429124     
 0.4583333E-01  0.2996969     
 0.4750000E-01  0.2184283     
 0.4916666E-01  0.1047651     
 0.5083333E-01  0.7423327E-01 
 0.5250000E-01  0.1383848     
 0.5416667E-01  0.1453027     
 0.5583333E-01  0.2184040     
 0.5750000E-01  0.3004293     
 0.5916666E-01  0.3808301     
 0.6083334E-01  0.3616502     
 0.6250000E-01  0.4219309     
 0.6416667E-01  0.4043359     
 0.6583333E-01  0.3287791     
 0.6750000E-01  0.3067574     
 0.6916667E-01  0.1870873     
 0.7083333E-01  0.1089518     
 0.7250000E-01  0.6905614E-01 
 0.7416667E-01  0.1121409     
 0.7583334E-01  0.2012787     
 0.7749999E-01  0.2836226     
 0.7916667E-01  0.3245926     
 0.8083334E-01  0.3770725     
 0.8250000E-01  0.3367922     
 0.8416667E-01  0.3158511     
 0.8583333E-01  0.2104096     
 0.8750000E-01  0.1025904     
 0.8916666E-01  0.6823885E-01 
 0.9083333E-01  0.1360047     
 0.9250000E-01  0.2391620     
 0.9416667E-01  0.2945306     
 0.9583333E-01  0.3012768     
 0.9750000E-01  0.2697035     
 0.9916665E-01  0.2280736     
 0.1008333      0.1073170     
 0.1025000      0.4708437E-01 
 0.1041667      0.1157131     
 0.1058333      0.1998842     
 0.1075000      0.2394723     
 0.1091667      0.2410933     
 0.1108333      0.2038443     
 0.1125000      0.1373596     
 0.1141667      0.6903222E-01 
 0.1158333      0.8323768E-01 
 0.1175000      0.1471100     
 0.1191667      0.1768026     
 0.1208333      0.1657436     
 0.1225000      0.1372250     
 0.1241667      0.7543550E-01 
 0.1258333      0.7009491E-01 
 0.1275000      0.9029090E-01 
 0.1291667      0.1494993     
 0.1308333      0.1719625     
 0.1325000      0.1675443     
 0.1341667      0.9097181E-01 
 0.1358333      0.5501617E-01 
 0.1375000      0.9950890E-01 
 0.1391667      0.1060797     
 0.1408333      0.1373449     
 0.1425000      0.1058574     
 0.1441667      0.7456062E-01 
 0.1458333      0.5334837E-01 
 0.1475000      0.5853312E-01 
 0.1491667      0.1155097     
 0.1508333      0.1084739     
 0.1525000      0.8630449E-01 
 0.1541667      0.6992355E-01 
 0.1558333      0.6947287E-01 
 0.1575000      0.1206360     
 0.1591667      0.7596318E-01 
 0.1608333      0.6925403E-01 
 0.1625000      0.5699180E-01 
 0.1641667      0.8050705E-01 
 0.1658333      0.1032637     
