# SumMovie FRC for input stack : stack1.mrc
# Number of micrographs: 1
# Number of frames per movie: 50
# Pixel size (A): 3.0000
# 1/(A)          FRC
# -----------------------
# 
# Micrograph 1 of 1. Score: .546
 0.8333334E-03  0.9999993     
 0.2500000E-02  0.9744521     
 0.4166666E-02  0.9570151     
 0.5833333E-02  0.9206007     
 0.7499999E-02  0.9049445     
 0.9166666E-02  0.7493860     
 0.1083333E-01  0.7274241     
 0.1250000E-01  0.8558933     
 0.1416667E-01  0.9222870     
 0.1583333E-01  0.9262784     
 0.1750000E-01  0.8738164     
 0.1916667E-01  0.6746795     
 0.2083333E-01  0.7637843     
 0.2250000E-01  0.8705026     
 0.2416667E-01  0.9031799     
 0.2583333E-01  0.8717563     
 0.2750000E-01  0.7470515     
 0.2916667E-01  0.6438459     
 0.3083333E-01  0.7084692     
 0.3250000E-01  0.7375824     
 0.3416666E-01  0.6835854     
 0.3583334E-01  0.5450382     
 0.3750000E-01  0.4831492     
 0.3916667E-01  0.4606255     
 0.4083334E-01  0.4486005     
 0.4250000E-01  0.3993495     
 0.4416666E-01  0.2596643     
 0.4583333E-01  0.1701396     
 0.4750000E-01  0.1884712     
 0.4916666E-01  0.9479439E-01 
 0.5083333E-01  0.6283254E-01 
 0.5250000E-01  0.6840544E-01 
 0.5416667E-01  0.1269127     
 0.5583333E-01  0.1845956     
 0.5750000E-01  0.2519893     
 0.5916666E-01  0.3159241     
 0.6083334E-01  0.3425991     
 0.6250000E-01  0.3269322     
 0.6416667E-01  0.2995242     
 0.6583333E-01  0.2713140     
 0.6750000E-01  0.1612982     
 0.6916667E-01  0.1345346     
 0.7083333E-01  0.8806098E-01 
 0.7250000E-01  0.6876727E-01 
 0.7416667E-01  0.1087522     
 0.7583334E-01  0.1680081     
 0.7749999E-01  0.2452800     
 0.7916667E-01  0.2969061     
 0.8083334E-01  0.2904479     
 0.8250000E-01  0.2844617     
 0.8416667E-01  0.2295734     
 0.8583333E-01  0.1242749     
 0.8750000E-01  0.6077167E-01 
 0.8916666E-01  0.3126200E-01 
 0.9083333E-01  0.1324365     
 0.9250000E-01  0.1986767     
 0.9416667E-01  0.2370867     
 0.9583333E-01  0.2515740     
 0.9750000E-01  0.1962485     
 0.9916665E-01  0.1103096     
 0.1008333      0.7000670E-01 
 0.1025000      0.4816583E-01 
 0.1041667      0.1188878     
 0.1058333      0.1546297     
 0.1075000      0.1622163     
 0.1091667      0.1764406     
 0.1108333      0.1336956     
 0.1125000      0.1247943     
 0.1141667      0.3741504E-01 
 0.1158333      0.6629194E-01 
 0.1175000      0.1076569     
 0.1191667      0.1145670     
 0.1208333      0.1163067     
 0.1225000      0.1039250     
 0.1241667      0.4998257E-01 
 0.1258333      0.4283807E-01 
 0.1275000      0.5914398E-01 
 0.1291667      0.1189243     
 0.1308333      0.1211672     
 0.1325000      0.7079869E-01 
 0.1341667      0.4937802E-01 
 0.1358333      0.2322663E-01 
 0.1375000      0.1034217     
 0.1391667      0.7194132E-01 
 0.1408333      0.1107167     
 0.1425000      0.6080662E-01 
 0.1441667      0.4080622E-01 
 0.1458333      0.3055873E-01 
 0.1475000      0.7598299E-01 
 0.1491667      0.5884392E-01 
 0.1508333      0.6704582E-01 
 0.1525000      0.2358290E-01 
 0.1541667      0.5887829E-01 
 0.1558333      0.8228862E-01 
 0.1575000      0.4441129E-01 
 0.1591667      0.2254242E-01 
 0.1608333      0.4120157E-01 
 0.1625000      0.4844748E-01 
 0.1641667      0.3630643E-01 
 0.1658333      0.2862545E-01 
