# SumMovie FRC for input stack : stack16.mrc
# Number of micrographs: 1
# Number of frames per movie: 50
# Pixel size (A): 3.0000
# 1/(A)          FRC
# -----------------------
# 
# Micrograph 1 of 1. Score: .531
 0.8333334E-03  0.9999994     
 0.2500000E-02  0.9670909     
 0.4166666E-02  0.9459257     
 0.5833333E-02  0.9113014     
 0.7499999E-02  0.8946309     
 0.9166666E-02  0.8417128     
 0.1083333E-01  0.7729437     
 0.1250000E-01  0.8796657     
 0.1416667E-01  0.9337838     
 0.1583333E-01  0.9644809     
 0.1750000E-01  0.9445365     
 0.1916667E-01  0.7678304     
 0.2083333E-01  0.8023947     
 0.2250000E-01  0.8963453     
 0.2416667E-01  0.9368338     
 0.2583333E-01  0.9283291     
 0.2750000E-01  0.8208379     
 0.2916667E-01  0.6881111     
 0.3083333E-01  0.7376230     
 0.3250000E-01  0.7848722     
 0.3416666E-01  0.7077411     
 0.3583334E-01  0.5763340     
 0.3750000E-01  0.4303560     
 0.3916667E-01  0.3614686     
 0.4083334E-01  0.2969226     
 0.4250000E-01  0.1124847     
 0.4416666E-01  0.1232783     
 0.4583333E-01  0.1011953     
 0.4750000E-01  0.1350156     
 0.4916666E-01  0.2728787     
 0.5083333E-01  0.3397758     
 0.5250000E-01  0.3711251     
 0.5416667E-01  0.3671111     
 0.5583333E-01  0.4153029     
 0.5750000E-01  0.3560472     
 0.5916666E-01  0.2686938     
 0.6083334E-01  0.1862128     
 0.6250000E-01  0.8924511E-01 
 0.6416667E-01  0.1046192     
 0.6583333E-01  0.1434355     
 0.6750000E-01  0.2069161     
 0.6916667E-01  0.3106145     
 0.7083333E-01  0.4032981     
 0.7250000E-01  0.3452427     
 0.7416667E-01  0.2808554     
 0.7583334E-01  0.1715075     
 0.7749999E-01  0.1066938     
 0.7916667E-01  0.9177976E-01 
 0.8083334E-01  0.2481847     
 0.8250000E-01  0.2648318     
 0.8416667E-01  0.3428588     
 0.8583333E-01  0.2887635     
 0.8750000E-01  0.1860778     
 0.8916666E-01  0.1108201     
 0.9083333E-01  0.8335991E-01 
 0.9250000E-01  0.1791861     
 0.9416667E-01  0.2455536     
 0.9583333E-01  0.2719263     
 0.9750000E-01  0.2179117     
 0.9916665E-01  0.1096490     
 0.1008333      0.8317267E-01 
 0.1025000      0.1262824     
 0.1041667      0.1858082     
 0.1058333      0.2342913     
 0.1075000      0.1898836     
 0.1091667      0.1246823     
 0.1108333      0.5168756E-01 
 0.1125000      0.1496654     
 0.1141667      0.1772996     
 0.1158333      0.1780731     
 0.1175000      0.1157553     
 0.1191667      0.8113071E-01 
 0.1208333      0.9468916E-01 
 0.1225000      0.1467687     
 0.1241667      0.1627055     
 0.1258333      0.1174431     
 0.1275000      0.7677058E-01 
 0.1291667      0.8704652E-01 
 0.1308333      0.1412305     
 0.1325000      0.1349441     
 0.1341667      0.9521075E-01 
 0.1358333      0.4949391E-01 
 0.1375000      0.9912833E-01 
 0.1391667      0.1266780     
 0.1408333      0.1177943     
 0.1425000      0.7357776E-01 
 0.1441667      0.9289356E-01 
 0.1458333      0.1120016     
 0.1475000      0.1055076     
 0.1491667      0.8810930E-01 
 0.1508333      0.8997148E-01 
 0.1525000      0.1051706     
 0.1541667      0.9195057E-01 
 0.1558333      0.7937133E-01 
 0.1575000      0.6284000E-01 
 0.1591667      0.9807061E-01 
 0.1608333      0.1017332     
 0.1625000      0.5888175E-01 
 0.1641667      0.6314737E-01 
 0.1658333      0.1408179     
